0.4,0.4,0.4,0.4,0.4,0.4,0.4
0.399886635664692,0.399867508809843,0.399869434337548,0.399895866235435,0.39995402901302,0.400063851395124,0.400311658523862
0.399660051802786,0.399602611117634,0.399608293657422,0.399687468181689,0.399861807470295,0.400191078404245,0.40093414698619
0.39932053411232,0.399205472032745,0.399216555258052,0.399374541709148,0.399722774851947,0.400380731016727,0.401865815473501
0.398868515173344,0.39867634472382,0.398694191055893,0.398956695655187,0.399536092566958,0.400631380339209,0.403104169236497
0.398304571749388,0.398015568218866,0.398041166079734,0.398433410962347,0.3993006435547,0.40094111821942,0.404645865597517
0.397629424556601,0.397223568408871,0.397257440352728,0.397804042647576,0.399015033153024,0.401307554872013,0.406486700567528
0.3968439374734,0.396300858714524,0.396342970676871,0.397067821830296,0.398677590018108,0.401727816217546,0.408621593496909
0.395949116778077,0.395248041102308,0.395297713005334,0.396223858381439,0.398286367365198,0.40219854062055,0.411044568101199
0.394946110236592,0.394065807238757,0.394121625198788,0.395271144041227,0.397839144478779,0.402715875153106,0.413748730469076
0.393836206063401,0.392754939808945,0.392814670205891,0.394208556062578,0.397333428550376,0.403275471389716,0.416726243816765
0.392620831742194,0.391316313979823,0.391376819656638,0.39303486138882,0.396766456875317,0.403872480779885,0.41996830010904
0.391301552699375,0.389750898996414,0.389808057869008,0.391748721391259,0.396135199457415,0.404501549643494,0.423465088529401
0.389880070821507,0.388059759895791,0.388108386266382,0.390348697191852,0.395436362075468,0.405156813845712,0.427205760804644
0.388358222808885,0.386244059323741,0.386277828203746,0.388833255599694,0.394666389873431,0.405831893218838,0.431178393382895
0.386737978358146,0.384305059438619,0.384316434200649,0.38720077569295,0.393821471544427,0.406519885811235,0.435369946458988
0.385021438166296,0.382244123884816,0.382224287576859,0.385449556079199,0.392897544186865,0.407213362058851,0.439766219840035
0.383210831748197,0.380062719816199,0.38000151048442,0.383577822868082,0.391890298919355,0.407904358992232,0.444351805643619
0.381308515059388,0.37776241994786,0.377648270327105,0.381583738390643,0.390795187349746,0.408584374611525,0.449110037821982
0.379316967917863,0.37534490461456,0.375164786557475,0.379465410701518,0.389607429003486,0.409244362583389,0.454022938504109
0.3772387912154,0.372811963808428,0.37255133783435,0.377220903895981,0.388322019823437,0.409874727439466,0.459071161162297
0.375076703913704,0.370165499171675,0.369808269524955,0.374848249276848,0.386933741864449,0.410465320481609,0.464233930608918
0.372833539816673,0.367407525912774,0.366936001526126,0.372345457398823,0.385437174311394,0.411005436630343,0.469488979856937
0.370512244114466,0.364540174617126,0.363935036378612,0.369710531018075,0.383826705958952,0.411483812483974,0.474812483891385
0.368115869692985,0.361565692917836,0.360805967639432,0.366941478966473,0.382096549295663,0.411888625891132,0.480178990438929
0.36564757320537,0.35848644699296,0.357549488473732,0.364036330965351,0.380240756340524,0.412207497375406,0.48556134786098
0.363110610901703,0.355304922851967,0.354166400419006,0.360993153383445,0.378253236381571,0.412427493789042,0.490930630356783
0.360508334215701,0.352023727374303,0.350657622269056,0.35781006593464,0.376127775766263,0.412535134611121,0.496256060732956
0.357844185107111,0.34864558905967,0.347024199015341,0.354485259296675,0.373858059888222,0.412516401344371,0.501504931092207
0.355121691161727,0.345173358450575,0.343267310777391,0.351017013618997,0.371437697507825,0.412356750501742,0.506642521904971
0.352344460451926,0.341610008185853,0.339388281644281,0.347403717869485,0.368860247530068,0.412041130708244,0.511632020071279
0.349516176161901,0.337958632642582,0.335388588339426,0.343643889948875,0.366119248342951,0.411554004472833,0.516434436752973
0.346640590985231,0.334222447125361,0.331269868613712,0.339736197480657,0.363208249794318,0.410879375207307,0.521008525959617
0.343721521303415,0.330404786560686,0.327033929261099,0.335679479157068,0.360120847849368,0.41000082008135,0.525310705119863
0.340762841156594,0.326509103655129,0.322682753641998,0.331472766493787,0.356850721927539,0.4089015293018,0.529294979159286
0.337768476019217,0.322538966475981,0.318218508589378,0.3271153058135,0.353391674862662,0.407564352385981,0.532912869946836
0.334742396395971,0.318498055414742,0.313643550564026,0.322606580245086,0.349737675365599,0.405971851959823,0.536113353365695
0.331688611254295,0.314390159493884,0.308960430914963,0.317946331486961,0.345882902790294,0.404106365546429,0.538842806721262
0.328611161310332,0.310219171977232,0.304171900090585,0.313134581042358,0.341821793912943,0.401950075714797,0.541044969721029
0.325514112186197,0.30598908524548,0.299280910637541,0.308171650592995,0.337549091331109,0.399485088827828,0.542660922852052
0.322401547454407,0.301703984896038,0.294290618812405,0.303058181131081,0.33305989297079,0.396693522457129,0.54362908765132
0.319277561583383,0.297368043025019,0.289204384621308,0.297795150423808,0.328349702059937,0.393557601317492,0.543885254110582
0.316146252792216,0.292985510643508,0.284025770089008,0.292383888334359,0.323414476782936,0.390059761311135,0.543362641287908
0.313011715816334,0.288560709174646,0.278758535547012,0.286826089475722,0.318250678679668,0.386182760963084,0.541991998110518
0.309878034573102,0.284098020965453,0.273406633712228,0.281123822621009,0.312855318690606,0.381909799171609,0.539701752351703
0.306749274701784,0.279601878733836,0.267974201311101,0.27527953624641,0.307225999588387,0.377224637802036,0.536418216841531
0.303629475929162,0.27507675384805,0.262465547979291,0.269296059531247,0.301360953372484,0.372111727221701,0.532065863124558
0.300522644185548,0.270527143311002,0.256885142144003,0.263176598097284,0.295259072055545,0.366556332432242,0.526567673994613
0.29743274335643,0.265957555282399,0.251237593560274,0.256924723722404,0.288919930131098,0.360544657012754,0.519845587601236
0.294363686511428,0.261372492931416,0.245527632141697,0.250544357234418,0.282343796913375,0.354063961689052,0.511821047107947
0.291319326391966,0.256776436354404,0.239760082680185,0.244039743759768,0.275531636871273,0.347102674008924,0.502415671145321
0.288303444873262,0.252173822233497,0.233939835011703,0.237415419498475,0.268485096080689,0.339650485398533,0.491552061485506
0.285319741032321,0.247569020835602,0.228071809134809,0.230676169200807,0.261206472983328,0.331698431829263,0.479154765363215
0.282371817366461,0.242966309880442,0.222160914757626,0.223826973572122,0.253698671818779,0.323238954527455,0.465151410558663
0.279463163604233,0.238369844723156,0.216212004714526,0.216872945907725,0.245965137377066,0.314265937638298,0.449474031507536
0.276597137453617,0.233783624233147,0.210229821697986,0.209819257410616,0.238009770165957,0.304774720610161,0.432060604043653
0.273776941535891,0.229211451696683,0.204218937780941,0.202671050857987,0.229836821692016,0.29476208431346,0.412856804459861
0.271005595683808,0.224656890062206,0.198183686305726,0.195433342610618,0.221450770377662,0.284226211622221,0.391818004855727
0.268285903748573,0.220123210890377,0.19212808589125,0.188110913404338,0.212856179673847,0.273166625346414,0.368911510450776
0.265620414097362,0.21561333650955,0.186055756611306,0.180708188978802,0.204057541226925,0.261584109013784,0.344119034801921
0.263011373114997,0.211129775130577,0.179969828837946,0.173229112390718,0.195059107496765,0.249480618947511,0.317439394593416
0.260460671295298,0.206674549091295,0.173872845873777,0.165677010867547,0.185864720008257,0.236859199246016,0.288891385854064
0.257969781949429,0.202249117000276,0.167766662321653,0.158054461264222,0.176477641369607,0.223723914370098,0.258516777231996
0.255539693208616,0.197854291362939,0.161652341177751,0.150363159578675,0.166900401222465,0.210079816765621,0.226383323131774
0.253170834860064,0.193490154278923,0.155530053830089,0.142603801455257,0.157134668187275,0.195932968809595,0.192587660924157
0.25086300261564,0.189155974965427,0.149398988435423,0.134775982038984,0.147181161399398,0.181290538875627,0.157257914763982
0.24861528358541,0.184850134055523,0.143257273346944,0.126878124672446,0.137039615995684,0.166160989842637,0.120555788641546
0.246425987886364,0.180570060689265,0.137101923178448,0.118907448491592,0.126708816543217,0.15055437447123,0.0826779007179793
0.244292592235296,0.176312189088124,0.130928815393751,0.110859984585921,0.116186710429615,0.134482745345226,0.043856099252509
0.242211701812819,0.172071941332912,0.124732704745508,0.102730648774818,0.105470609410306,0.117960677618353,0.00435651784117037
0.24017903636461,0.16784374217042,0.118507281178945,0.0945133759684381,0.0945574816947685,0.101005891036406,-0.0355228176078264
0.238189445264284,0.163621069757331,0.112245273947062,0.0862013166409272,0.0834443295242343,0.0836399447732867,-0.0754559228372958
0.236236954051649,0.15939654333477,0.105938600783033,0.0777870904517725,0.0721286387934102,0.0658889659595843,-0.115094293514857
0.234314842014483,0.155162045286428,0.0995785565890349,0.0692630863058682,0.0606088791158698,0.0477843623030182,-0.154073663093156
0.232415747098368,0.150908871358736,0.0931560318583277,0.0606217929897048,0.0488850260196396,0.0293634624642555,-0.192021752344498
0.230531791442276,0.146627899768824,0.0866617478453938,0.0518561410396488,0.0369590730163602,0.0106700262138391,-0.228566571102984
0.228654718679829,0.142309768016101,0.0800864938692548,0.0429598352479376,0.0248355007042021,-0.00824542982060688,-0.263344774594643
0.226776033315703,0.137945045947278,0.0734213525555866,0.0339276586060455,0.0125216731223734,-0.0273255359719682,-0.296009583310323
0.224887133014659,0.133524394867577,0.0666579009860558,0.0247557320014964,2.81374765950523e-05,-0.0465062348745976,-0.326237842103573
0.222979426447356,0.129038705093248,0.059788379344864,0.0154417191149593,-0.012631188731624,-0.0657172241274903,-0.353735905775391
0.221044431826832,0.124479207493073,0.0528058227101861,0.00598497144997131,-0.0254389507090281,-0.0848826743934199,-0.378244169249486
0.219073854075977,0.119837557903504,0.0457041556934665,-0.003613386326212,-0.0383744089400302,-0.103922203213215,-0.399540189451969
0.217059640970253,0.115105895956746,0.0384782527131561,-0.0133504265705508,-0.0514136039899351,-0.122752067869543,-0.4174404519885
0.214994020537742,0.110276881901182,0.0311239689214855,-0.0232214374145193,-0.0645296209196298,-0.141286526135334,-0.431800914090142
0.212869523005959,0.105343715864455,0.0236381476395405,-0.0332199818989568,-0.0776929370953252,-0.159439302150156,-0.442516499384756
0.210678991088963,0.100300144346122,0.0160186103295741,-0.0433379890033796,-0.0908718349943601,-0.17712508793559,-0.449519741690719
0.208415582108443,0.0951404581300355,0.00826413430282154,-0.0535658687796273,-0.104032860599561,-0.194261008534957,-0.452778772812483
0.206072765063556,0.0898594852126207,0.000374422507312533,-0.063892644703832,-0.117141308025433,-0.210767982532517,-0.452294840493227
0.203644314913712,0.0844525812253969,-0.007649931584257,-0.0743060975968355,-0.130161711636022,-0.226571917200973,-0.448099521340491
0.20112430582459,0.0789156191758282,-0.0158074818271494,-0.0847929164559925,-0.143058328451575,-0.241604690740334,-0.440251776181254
0.198507104346384,0.0732449793865169,-0.0240959688673653,-0.0953388524783038,-0.155795595275923,-0.255804888397375,-0.428834970027469
0.19578736324218,0.0674375402120346,-0.0325123605052787,-0.105928873194631,-0.168338547559014,-0.269118276936929,-0.41395396105856
0.192960016198259,0.0614906695614579,-0.0410528927711657,-0.116547314103291,-0.180653189291655,-0.281498017223835,-0.395732338147374
0.190020273683715,0.0554022172964325,-0.0497131115432645,-0.127178025549173,-0.192706806452202,-0.292904630605044,-0.374309869303185
0.186963619989206,0.049170508332778,-0.0584879146855231,-0.137804512794565,-0.204468219091683,-0.303305745772928,-0.34984020008474
0.183785811645313,0.0427943364667226,-0.067371594530568,-0.14841006754244,-0.215907970495121,-0.312675662718847,-0.322488824889754
0.180482877302593,0.0362729588491901,-0.0763578805301047,-0.158977889366223,-0.226998454292284,-0.320994774794752,-0.292431333852481
0.177051119306721,0.0296060911981115,-0.0854399817765552,-0.169491195936796,-0.237713983312135,-0.328248892886915,-0.259851924313278
0.173487117101282,0.0227939037603403,-0.0946106291127255,-0.179933321269284,-0.248030805875569,-0.334428514267116,-0.224942150659366
0.169787732638975,0.0158370180863117,-0.103862116555377,-0.190287801778348,-0.257927077247248,-0.339528076311548,-0.1878998766444
0.165950117848568,0.00873650456370847,-0.113186341854188,-0.200538450378182,-0.267382795016773,-0.343545230243164,-0.148928385455388
0.161971724139471,0.00149388059122966,-0.12257484613201,-0.210669419433501,-0.276379708051742,-0.346480164769761,-0.108235598595257
0.1578503137535,-0.00588889088141528,-0.132018852706795,-0.220665253780024,-0.284901208700608,-0.348335003098338,-0.066033352779235
0.153583972632488,-0.0134094028491819,-0.141509305354616,-0.230510935422925,-0.292932217617929,-0.349113290674771,-0.0225366862068682
0.14917112428921,-0.0210648063335032,-0.151036906404817,-0.240191921712032,-0.300459069641155,-0.348819584751142,0.0220369093104573
0.144610544020493,-0.0288518137097764,-0.160592155147632,-0.249694178852705,-0.307469407870608,-0.347459151173097,0.067468305417588
0.139901372668729,-0.036766704014227,-0.170165387052245,-0.259004212464409,-0.313952091438266,-0.345037768477088,0.113537647518
0.135043129060283,-0.0448053309735481,-0.179746814235601,-0.268109096599863,-0.319897120614809,-0.341561634781462,0.160025369320927
0.130035720228526,-0.0529631344429542,-0.189326567481952,-0.276996502189681,-0.325295580975455,-0.337037369035025,0.206713308692386
0.124879448582304,-0.0612351558067271,-0.198894739906016,-0.285654725350765,-0.330139606508242,-0.331472095096876,0.253385908147111
0.119575015304399,-0.0696160576993246,-0.208441432097372,-0.29407271544191,-0.334422359917742,-0.324873594878613,0.299831471152961
0.114123519454206,-0.0781001481599845,-0.217956798313466,-0.30224010224229,-0.338138027086501,-0.317250515434685,0.345843436028235
0.108526452486951,-0.0866814090640066,-0.227431093036277,-0.310147221223694,-0.341281821779921,-0.308612614404729,0.391221623574185
0.102785688165941,-0.0953535284073635,-0.236854717006402,-0.317785135632429,-0.343849996258244,-0.298971028524087,0.435773413248797
0.096903468108024,-0.104109935785802,-0.246218261722653,-0.325145654012929,-0.345839853476829,-0.288338550893572,0.479314805679712
0.0908823834398311,-0.112943840228386,-0.255512551359699,-0.332221341891868,-0.347249756956817,-0.276729904168624,0.521671336126918
0.0847253532318082,-0.12184826943375,-0.264728681111171,-0.339005526573357,-0.348079135097859,-0.264161998594954,0.562678813181958
0.0784356005040336,-0.130816109420533,-0.273858051099413,-0.345492294331553,-0.348328477570318,-0.250654165690158,0.602183868285912
0.0720166266572322,-0.139840143637996,-0.282892395187511,-0.351676479681832,-0.347999322359386,-0.236228360190905,0.640044313249994
0.0654721851761713,-0.148913090676576,-0.291823804257374,-0.357553646813124,-0.34709423293148,-0.220909324524381,0.676129313655223
0.0588062553906888,-0.158027639854956,-0.300644743755934,-0.363120063634544,-0.345616765783601,-0.204724711460632,0.710319394860437
0.0520230169755012,-0.167176484122244,-0.309348065538858,-0.368372669200487,-0.343571429272135,-0.187705161746067,0.742506303780061
0.0451268257387758,-0.176352349884051,-0.317927014240789,-0.373309035512305,-0.340963635076354,-0.169884334436096,0.772592753383799
0.038122191105847,-0.185548023525755,-0.326375228563659,-0.377927324847149,-0.337799643935758,-0.151298888398178,0.800492078124033
0.0310137555607576,-0.194756374555382,-0.334686737996733,-0.382226243840746,-0.334086507427487,-0.131988414122329,0.82612782756011
0.0238062761736176,-0.203970375416965,-0.342855955565702,-0.386204995561938,-0.329832007547434,-0.111995315630883,0.849433322815661
0.0165046082221053,-0.213183118129118,-0.350877667253768,-0.389863230770068,-0.325044595747718,-0.0913646429814966,0.870351196702165
0.00911369081420847,-0.222387827984427,-0.358747018754329,-0.39320099946026,-0.31973333289894,-0.0701438766589376,0.888832933919495
0.00163853433758641,-0.231577874603848,-0.366459500205822,-0.396218703684078,-0.313907831407059,-0.0483826660690085,0.904838423157422
-0.00591579050116841,-0.240746780677898,-0.374010929528274,-0.398917052491451,-0.307578200439806,-0.026132525377354,0.918335528540319
-0.0135441623276505,-0.249888228747101,-0.381397434935471,-0.401297019686625,-0.300754994929021,-0.0034464910548152,0.929299683980111
-0.0212414177473085,-0.258996066377858,-0.388615437136102,-0.403359804926632,-0.293449168720233,0.0196212533526444,0.937713510792276
-0.0290023593054766,-0.26806431008014,-0.395661631667644,-0.405106798525196,-0.285672031957522,0.0430157785757078,0.943566456505861
-0.0368217630699574,-0.277087148290549,-0.402532971728501,-0.406539550159854,-0.277435212527746,0.0666818294008147,0.946854451177126
-0.0446943861270905,-0.286058943711407,-0.409226651792305,-0.407659741523854,-0.268750621158769,0.0905642543093298,0.947579576684617
-0.052614974250585,-0.294974235254347,-0.415740092204225,-0.408469162819305,-0.259630419577907,0.114608435777275,0.945749744356519
-0.0605782699606483,-0.303827739789136,-0.42207092487824,-0.408969692862381,-0.250086991001533,0.138760711703588,0.941378376766985
-0.0685790211411202,-0.312614353846614,-0.428216980138324,-0.409163282467287,-0.240132912148052,0.162968778446932,0.93448409049813
-0.0766119903273749,-0.321329155372359,-0.43417627467983,-0.409051940698516,-0.229780925949272,0.187182066328806,0.925090377964067
-0.0846719647207724,-0.329967405577987,-0.439947000573031,-0.408637723533066,-0.2190439141789,0.211352079201412,0.913225287887513
-0.0927537669292449,-0.338524550891876,-0.445527515189738,-0.407922724455003,-0.207934869315842,0.235432690753609,0.898921105562183
-0.100852266381367,-0.346996224973488,-0.450916331908405,-0.406909066514255,-0.196466865107496,0.259380391584631,0.882214035503499
-0.108962391315493,-0.355378250726839,-0.456112111442871,-0.405598895416478,-0.184653025482871,0.283154482640973,0.863143890376669
-0.117079141207963,-0.363666642229411,-0.461113653643252,-0.403994373266282,-0.172506491673075,0.306717212301651,0.841753791108382
-0.125197599476278,-0.371857606483373,-0.46591988963319,-0.402097672657286,-0.160040387614048,0.330033856120266,0.818089883782838
-0.13331294627482,-0.37994754489525,-0.470529874172474,-0.399910970883,-0.147267783918312,0.353072739900309,0.792201079261928
-0.141420471191687,-0.387933054397005,-0.474942778165408,-0.397436444126874,-0.134201660896085,0.37580520831451,0.764138821449624
-0.149515585654547,-0.395810928133942,-0.479157881269671,-0.394676261572172,-0.120854871269716,0.398205542616287,0.733956889755015
-0.157593834859646,-0.403578155661175,-0.483174564595383,-0.391632579448527,-0.107240103350464,0.420250832087755,0.70171124062824
-0.165650909049106,-0.411231922607858,-0.486992303515932,-0.388307535096952,-0.093369845525989,0.441920804700362,0.66745989208156
-0.173682653976294,-0.418769609786343,-0.490610660640345,-0.384703241187999,-0.0792563529387481,0.463197623028434,0.631262853912294
-0.181685080415148,-0.426188791739405,-0.494029279018712,-0.380821780265192,-0.0649116172177181,0.484065651766365,0.593182104948927
-0.189654372585747,-0.433487234731685,-0.497247875666435,-0.376665199807037,-0.0503473400604792,0.50451120328444,0.553281617083309
-0.19758689538413,-0.44066289420092,-0.500266235499517,-0.37223550800584,-0.0355749113535037,0.524522267553465,0.511627424164162
-0.205479200319009,-0.44771391168994,-0.503084205771171,-0.367534670449921,-0.0206053923707306,0.544088232515262,0.468287732038926
-0.213328030071186,-0.454638611281287,-0.505701691089037,-0.362564607867685,-0.00544950441067821,0.563199600615339,0.423333064172758
-0.221130321603686,-0.46143549555323,-0.508118649072936,-0.3573271950487,0.00988237697102602,0.581847706782555,0.376836435386598
-0.228883207762342,-0.468103241068845,-0.510335086684801,-0.351824260999012,0.0253802221946697,0.600024442667781,0.328873544391818
-0.236584017318789,-0.474640693399843,-0.512351057226626,-0.346057590318251,0.0410343426370501,0.617721991460756,0.279522974033756
-0.244230273421444,-0.481046861674156,-0.514166657959024,-0.340028925706702,0.0568353808542048,0.63493257710215,0.228866386586498
-0.251819690436088,-0.487320912622417,-0.515782028244503,-0.333739971426305,0.0727742967311234,0.651648231198782,0.176988700194188
-0.259350169176878,-0.49346216408406,-0.517197348067457,-0.327192397455433,0.0888423503973405,0.667860580427912,0.123978231776576
-0.26681979055199,-0.499470077921106,-0.518412836731372,-0.320387844001357,0.105031082850181,0.683560656672023,0.0699267915736911
-0.274226807675026,-0.505344252277011,-0.519428751485263,-0.31332792597328,0.121332295266525,0.698738731545619,0.0149297151499515
-0.281569636524417,-0.511084413112493,-0.520245385792662,-0.306014236983409,0.137738027947631,0.71338417635371,-0.0409141797507305
-0.288846845266335,-0.516690404950051,-0.520863066930765,-0.29844835244059,0.1542405397245,0.727485347855197,-0.0975027215395824
-0.296057142391192,-0.522162180766385,-0.521282152601222,-0.29063183133894,0.170832288453413,0.741029499505281,-0.154730604786914
-0.303199363847375,-0.527499790987809,-0.521503026251082,-0.28256621642646,0.187505912961304,0.754002717143032,-0.212489703936527
-0.310272459385334,-0.532703371567462,-0.521526090844735,-0.274253032565096,0.204254216476745,0.76638987741038,-0.27066947769155
-0.317275478348904,-0.537773131155192,-0.521351760896504,-0.265693783260073,0.221070151230043,0.778174626587435,-0.329157455655141
-0.324207555165403,-0.542709337408727,-0.520980452665264,-0.256889945530776,0.237946803558926,0.789339377059306,-0.387839793572085
-0.331067894790589,-0.547512302536211,-0.520412572522069,-0.247842963503218,0.254877378550187,0.79986531834485,-0.446601878892827
-0.33785575835729,-0.552182368201566,-0.519648503620396,-0.238554241305724,0.271855183017653,0.809732439558983,-0.505328964824698
-0.344570449258258,-0.556719889962335,-0.51868859111716,-0.229025136025863,0.28887360549138,0.818919560371911,-0.563906808910918
-0.351211299865088,-0.56112522144057,-0.517533126299832,-0.219256951619048,0.305926091890542,0.827404367969166,-0.622222291710894
-0.357777659048483,-0.565398698448364,-0.516182330062109,-0.209250934734382,0.323006115678135,0.835163458180319,-0.680163992387292
-0.364268880623062,-0.569540623298375,-0.514636336229621,-0.199008273432903,0.340107141540678,0.842172379780803,-0.737622700793676
-0.370684312796174,-0.573551249526104,-0.512895175265043,-0.188530099717617,0.357222581979461,0.848405681914459,-0.794491849693007
-0.377023288657287,-0.57743076723484,-0.510958758877531,-0.177817496678923,0.374345746611628,0.853836965556517,-0.850667855601003
-0.383285117705366,-0.581179289247946,-0.508826866027428,-0.166871510894825,0.391469784425019,0.858438940861137,-0.906050361965699
-0.389469078378776,-0.584796838219982,-0.506499130760338,-0.155693170528183,0.408587619675752,0.862183493046956,-0.960542383506594
-0.395574411526131,-0.588283334820026,-0.503975032230558,-0.14428350934797,0.42569188253152,0.865041760110623,-1.01405035515406
-0.401600314738592,-0.591638587062127,-0.501253887192064,-0.132643596684202,0.442774835922665,0.866984226085751,-1.06648409286903
-0.407545937453807,-0.594862280821286,-0.498334845152188,-0.120774573118716,0.459828300350591,0.867980833759151,-1.11775667652316
-0.413410376738105,-0.597953971540986,-0.495216886304921,-0.108677691525267,0.476843578609815,0.868001120709171,-1.16778426693685
-0.419192673656526,-0.600913077112851,-0.491898822293276,-0.0963543629090334,0.493811382502524,0.867014382248268,-1.21648587016184
-0.424891810147903,-0.60373887189064,-0.488379299795166,-0.083806206359456,0.510721763663373,0.864989864343613,-1.26378306228113
-0.430506706333592,-0.606430481789979,-0.484656806886504,-0.0710351023217971,0.527564050570542,0.861896988874186,-1.30959968754813
-0.436036218202747,-0.6089868804225,-0.480729682109166,-0.0580432483113011,0.54432679370052,0.857705612684008,-1.3538615417779
-0.441479135633158,-0.611406886217337,-0.47659612615873,-0.0448332161372142,0.56099772059285,0.852386320835288,-1.39649605170752
-0.446834180723596,-0.613689160493257,-0.472254216105571,-0.0314080096703334,0.57756370233111,0.845910753282788,-1.43743195970779
-0.452100006431369,-0.615832206461025,-0.467701922071863,-0.0177711221766187,0.594010732622577,0.838251962920887,-1.47659902187341
-0.457275195526508,-0.617834369156204,-0.462937126303446,-0.00392659224948534,0.610323920277403,0.829384801638647,-1.5139277262293
-0.46235825989096,-0.619693836326166,-0.457957644596635,0.0101209425957649,0.626487495457205,0.819286329702874,-1.54934903662046
-0.467347640207975,-0.621408640321749,-0.452761250064983,0.0243661955494494,0.642484829595679,0.807936242530057,-1.58279416683596
-0.472241706101448,-0.622976661070312,-0.447345699254786,0.0388031841688726,0.658298468405896,0.795317307752262,-1.61419438865861
-0.477038756798805,-0.624395630234105,-0.441708760640944,0.053425188792837,0.67391017690296,0.781415804485977,-1.64348087683509
-0.481737022401625,-0.625663136682017,-0.435848245551224,0.0682247163192607,0.689300994911117,0.766221955911851,-1.67058459340902
-0.486334665856234,-0.62677663342366,-0.429762041575555,0.0831934698324015,0.704451301120636,0.749730345699551,-1.69543621343943
-0.490829785720071,-0.627733446169268,-0.423448148513248,0.0983223244346197,0.719340883440913,0.731940308473248,-1.71796609381683
-0.495220419819061,-0.628530783686266,-0.416904716892744,0.113601309503954,0.733949013191456,0.712856284404539,-1.73810428666931
-0.499504549884179,-0.629165750119512,-0.410130089060506,0.129019597472339,0.748254520604628,0.69248812810918,-1.75578059868887
-0.503680107242385,-0.629635359426708,-0.403122842776472,0.144565499108089,0.76223586920108,0.670851362276189,-1.77092469757348
-0.507744979616112,-0.629936552049306,-0.39588183716858,0.160226465200491,0.775871226846058,0.647967366822502,-1.78346626662165
-0.511697019056454,-0.6300662138913,-0.388406260787158,0.175989094491936,0.78913853169695,0.623863494807306,-1.79333520827824
-0.515534050997833,-0.630021197612045,-0.38069568136069,0.191839147690528,0.802015551790199,0.598573106839843,-1.80046189704322
-0.519253884375146,-0.62979834615247,-0.372750096687315,0.207761567427509,0.814479937654752,0.572135516285354,-1.80477748153756
-0.522854322690017,-0.629394518308686,-0.364569985906218,0.223740504097709,0.826509268035556,0.544595838280474,-1.80621423460205
-0.526333175850594,-0.62880661604295,-0.356156360184279,0.23975934763235,0.838081089507591,0.516004736513041,-1.80470594901997
-0.52968827254227,-0.628031613083873,-0.347510811636194,0.255800765390127,0.849172951398972,0.486418063050614,-1.80018837477924
-0.532917472817384,-0.627066584221043,-0.338635559083205,0.271846746497987,0.85976243795962,0.455896388381726,-1.79259969174905
-0.536018680524406,-0.625908734551696,-0.329533489062261,0.287878653106618,0.869827200054835,0.424504421419158,-1.78188100934066
-0.538989855136698,-0.624555427799712,-0.320208190342902,0.303877279123995,0.879344988789071,0.392310322612148,-1.76797688234238
-0.541829022493463,-0.62300421271192,-0.310663980112758,0.319822917031203,0.888293693350401,0.359384917535141,-1.75083582994928
-0.544534283936744,-0.621252846455841,-0.300905919972281,0.335695433350321,0.896651385010082,0.325800823242648,-1.73041084341254
-0.547103823324264,-0.619299313909122,-0.290939819950322,0.351474353214208,0.904396368640781,0.291631505027535,-1.70665986713625
-0.549535911421649,-0.617141841751721,-0.280772228920976,0.367138954284103,0.911507242381229,0.256950286561816,-1.67954623887021
-0.551828907231676,-0.614778906353111,-0.270410410068479,0.382668369986292,0.917962965248575,0.221829341192752,-1.64903907725762
-0.553981255900385,-0.612209234585511,-0.259862300398088,0.398041701719756,0.923742931667308,0.186338695818863,-1.61511360963152
-0.555991482946026,-0.609431796883237,-0.249136453705775,0.41323813935726,0.92882705113654,0.150545280739536,-1.57775143966419
-0.55785818467943,-0.606445792093935,-0.238241966869295,0.428237089061681,0.933195830678318,0.114512058765269,-1.53694076307749
-0.559580014814837,-0.603250623913161,-0.227188389776207,0.443018307204204,0.936830457364843,0.0782972645383773,-1.49267654969473
-0.561155667401005,-0.599845868944276,-0.215985619632952,0.45756203902947,0.939712878156156,0.0419537805778848,-1.44496072101612
-0.562583856326743,-0.596231236667261,-0.204643780781787,0.471849160679196,0.941825874505041,0.00552867043302461,-1.39380236340467
-0.563863291773072,-0.592406521830307,-0.193173091484131,0.485861323257502,0.943153129693654,-0.0309371178630933,-1.33921802694654
-0.564992654099959,-0.588371550002004,-0.181583719418303,0.499581097776847,0.943679287618002,-0.0674088723716477,-1.2812321680786
-0.565970565779884,-0.584126117256839,-0.169885627913125,0.512992120023812,0.94339000267097,-0.103858063329567,-1.21987779906947
-0.56679556213944,-0.579669925239251,-0.158088415236976,0.526079234572628,0.94227198140631,-0.14026212239155,-1.15519740820936
-0.56746606186218,-0.575002513193898,-0.146201149635102,0.538828637279916,0.940313017679644,-0.176604067592366,-1.08724420974605
-0.567980338457371,-0.570123188992534,-0.1342322033093,0.551228015530588,0.937502023805029,-0.212871990165536,-1.01608377060002
-0.568336494218708,-0.565030961751163,-0.122189089209845,0.563266685175457,0.933829060740123,-0.249058421840437,-0.941796039860995
-0.568532438578219,-0.55972447931371,-0.110078305387531,0.574935722404565,0.929285370179964,-0.285159603085574,-0.864477775094569
-0.568565873170121,-0.554201974639491,-0.0979051927230518,0.58622808764399,0.923863410423999,-0.321174674531562,-0.784245314982412
-0.568434286292393,-0.548461225882008,-0.0856738130456395,0.597138736892619,0.917556895726261,-0.357104815998552,-0.701237590346586
-0.56813495968327,-0.542499535531556,-0.0733868558248754,0.607664713750455,0.910360835374859,-0.392952360440768,-0.615619197057706
-0.567664990471327,-0.536313734196428,-0.0610455825243632,0.617805212884926,0.902271564018148,-0.428719913536514,-0.527583280386254
-0.567021330649464,-0.529900214160723,-0.0486498180043959,0.62756160318041,0.893286749173159,-0.464409512818013,-0.43735391180206
-0.566200845320629,-0.523254996531807,-0.0361979976515925,0.636937396881814,0.883405356314471,-0.500021861724427,-0.345187592199621
-0.565200389208762,-0.516373833431148,-0.0236872768234006,0.645938150432978,0.872627547879139,-0.535555671860675,-0.251373509833333
-0.564016898615175,-0.509252343342911,-0.0111137055083181,0.654571284238638,0.860954491708358,-0.571007139151771,-0.156232235741659
-0.562647493432633,-0.50188617376983,0.00152753407758662,0.662845812873772,0.84838805857648,-0.606369565368376,-0.0601126647922608
-0.561089581507048,-0.494271181413674,0.014241835377204,0.670771984445935,0.834930398470621,-0.641633116174913,0.0366127987997519
-0.559340956167234,-0.486403617062452,0.0270348354162583,0.678360837236687,0.82058340071458,-0.676784683093916,0.133554583011439
-0.557399877650196,-0.478280301050697,0.0399120622406996,0.68562369193236,0.805348061667167,-0.711807794224727,0.230313364709468
-0.555265130671562,-0.469898776058181,0.0528785839346385,0.692571606688282,0.78922380196157,-0.746682502638291,0.326487944727331
-0.552936053338893,-0.461257427064238,0.0659386808998085,0.69921482797401,0.772207789095123,-0.781385176571428,0.421682900667975
-0.550412536384903,-0.452355562837321,0.0790955597848624,0.705562271341325,0.754294327605057,-0.815888123770058,0.515515390673367
-0.547694995487846,-0.443193458387156,0.0923511220304524,0.711621062805315,0.735474377068751,-0.850159002268569,0.607620637695254
-0.544784322470787,-0.43377236227384,0.105705793657479,0.717396164448944,0.715735248998666,-0.884159997653476,0.697655841136187
-0.541681822927168,-0.424094475770841,0.119158416922247,0.722890098907059,0.695060520217016,-0.917846777536925,0.785302489217498
-0.538389148180402,-0.414162912293006,0.132706199730537,0.728102778428922,0.673430185784412,-0.951167263283754,0.870267235641505
-0.534908228654332,-0.403981645346195,0.14634471568886,0.7330314367024,0.650821061631538,-0.984060284345399,0.952281630397528
-0.531241214104994,-0.39355545194513,0.160067946347726,0.737670656279346,0.627207436994685,-1.01645420089603,1.03110104972133
-0.527390424181437,-0.382889856502548,0.173868357201534,0.742012481303854,0.602561969515195,-1.04826559592891,1.10650316322766
-0.523358310815793,-0.371991078096167,0.18773699985047,0.746046603853533,0.576856810371522,-1.07939814880012,1.17828622486678
-0.519147432246044,-0.360865982129301,0.201663633907228,0.749760611878521,0.550064941572455,-1.10974180810554,1.24626739835859
-0.514760437194903,-0.349522035943386,0.215636863352318,0.75314028681193,0.52216170114473,-1.13917238164735,1.31028124449839
-0.510200056921852,-0.337967267023584,0.229644282858737,0.756169938960501,0.493126463450017,-1.16755165339964,1.37017842030445
-0.505469102532164,-0.326210222080957,0.24367263002233,0.758832768564691,0.462944431008182,-1.19472812012857,1.42582457712489
-0.500570465024855,-0.314259925444405,0.257707939488194,0.761111240008822,0.431608481485522,-1.22053841272116,1.47709940150562
-0.495507116015327,-0.302125835742199,0.271735694805066,0.76298745634293,0.399121000133826,-1.24480942981596,1.5238957207094
-0.490282107768856,-0.2898178006357,0.285740973687334,0.764443521436121,0.365495615681059,-1.26736116627631,1.56611859346676
-0.48489857198958,-0.277346010191695,0.299708582454277,0.765461878087568,0.330758748504907,-1.28801017031517,1.60368432269005
-0.47935971757013,-0.264720950141628,0.313623175941764,0.766025612499139,0.294950875868647,-1.30657351559163,1.63651935540988
-0.473668828069147,-0.251953356602906,0.327469360238544,0.766118718642227,0.258127421726004,-1.32287313330883,1.66455906978093
-0.467829259932951,-0.239054173726505,0.34123177714714,0.765726319928452,0.220359189153522,-1.33674031825118,1.68774648311104
-0.46184444236248,-0.226034515183149,0.354895171127279,0.764834849674253,0.181732272073837,-1.34802020417079,1.70603094285834
-0.45571787927541,-0.212905629511852,0.368444441355613,0.763432195450748,0.142347408890864,-1.35657599854408,1.71936688064009
-0.449453153134454,-0.199678868325974,0.381864683088155,0.761507814868466,0.102318772327213,-1.36229277363913,1.7277127161181
-0.443053929671191,-0.186365655447138,0.39514122342685,0.75905283116383,0.0617722246248529,-1.36508062850201,1.73102999406368
-0.436523961917906,-0.172977454454363,0.408259656654082,0.756060115919524,0.0208431021521787,-1.36487706327068,1.72928282653619
-0.429867091633917,-0.159525732069808,0.42120588344422,0.752524363491377,-0.0203263752052382,-1.36164844187166,1.72243769626602
-0.423087246284591,-0.146021915324014,0.433966156593504,0.748442157676168,-0.0615899501932918,-1.35539046066899,1.71046366017969
-0.416188430223446,-0.132477341500435,0.446527133684645,0.743812026520583,-0.102800295813502,-1.3461275879995,1.69333297589205
-0.409174709572479,-0.118903201285275,0.458875934678252,0.738634476731435,-0.143811967625376,-1.33391149119748,1.67102216018889
-0.402050191352398,-0.10531047710091,0.471000200195203,0.732911995667104,-0.184484213054668,-1.31881852126954,1.64351347740466
-0.394818998498744,-0.091709880008105,0.482888144584028,0.72664900698561,-0.224683529566798,-1.30094637744743,1.61079684702508
-0.38748524332682,-0.0781117895801027,0.494528597028354,0.719851766085631,-0.264285890609332,-1.28041012036708,1.57287215360782
-0.380053002625622,-0.064526201605679,0.505911024090561,0.712528183626683,-0.303178588985899,-1.25733773938044,1.52975193812469
-0.372526297775349,-0.0509626882871502,0.517025528228186,0.704687569526945,-0.34126167780368,-1.23186550280338,1.48146444794774
-0.364909083065984,-0.0374303747744288,0.527862818865557,0.696340295579208,-0.378449015854965,-1.20413332717343,1.42805702219665
-0.357205244772852,-0.0239379345028431,0.538414155376378,0.687497381723547,-0.414668944783959,-1.17428039184564,1.36959978797429
-0.349418612580828,-0.0104936040113442,0.548671264603399,0.678170018523646,-0.449864638406242,-1.14244119925303,1.30618963716141
-0.341552983717504,0.00289478414072388,0.558626239047707,0.668369045950593,-0.483994169970867,-1.10874224127964,1.23795443698167
-0.3336121587315,0.0162197539090945,0.568271425311677,0.658104415629927,-0.517030341705614,-1.07329938203251,1.1650573934441
-0.325599986309696,0.0294741294124932,0.57759931543575,0.647384669695454,-0.548960313902768,-1.03621601110913,1.0877014289178
-0.317520412959995,0.0426509771945148,0.586602456006492,0.636216473698913,-0.579785059621077,-0.997581963637805,1.006133351546
-0.309377531938009,0.0557435558958229,0.595273390799602,0.624604242900736,-0.609518657591067,-0.957473148157556,0.920647491129146
-0.301175624691673,0.0687452825192238,0.603604651638282,0.612549899810978,-0.638187422274158,-0.915951774922242,0.831588371412012
-0.292919187650068,0.0816497235398617,0.611588808511077,0.600052795103498,-0.665828858888156,-0.873067039786916,0.739351913351739
-0.284612937744821,0.0944506165307423,0.619218583494307,0.587109813267892,-0.692490425611317,-0.828856097213309,0.64438465825486
-0.276261791902083,0.107141923675126,0.62648702395899,0.573715668591756,-0.718228088016876,-0.783345154939651,0.547180602632047
-0.267870818911997,0.119717912942827,0.633387720097374,0.559863377525604,-0.74310466381714,-0.736550546024607,0.448275468654203
-0.259445166201001,0.132173256831072,0.639915042080879,0.5455448729281,-0.767187978574863,-0.688479681317263,0.348238578883655
-0.250989968294876,0.144503133879375,0.646064365752863,0.530751708054004,-0.790548881350548,-0.639131851399045,0.247662899416507
-0.242510247097137,0.156703316143674,0.651832254889815,0.515475787493036,-0.813259196663735,-0.588498920265343,0.147154163981577
-0.234010815546246,0.168770227354872,0.657216573616345,0.499710061330032,-0.835389708053144,-0.536566018594014,0.0473201905640511
-0.225496195283682,0.180700961440351,0.662216513511358,0.483449127808489,-0.857008273114874,-0.483312388785387,-0.0512385149279719
-0.216970555914382,0.192493258219566,0.666832533608174,0.466689706258265,-0.878178158512851,-0.428712549477734,-0.147936008833927
-0.208437679157723,0.204145440529661,0.671066224507708,0.449430961729592,-0.898956659232232,-0.372737934523425,-0.242205545459535
-0.199900946834887,0.215656323001179,0.674920117374067,0.431674681197668,-0.919394035847817,-0.315359127489659,-0.333501575569497
-0.191363348232532,0.227025106059734,0.678397463242389,0.413425315137556,-0.939532774180023,-0.256548766754048,-0.421299485848146
-0.182827500501519,0.238251269230313,0.6815020079324,0.394689906369484,-0.959407149108807,-0.196285144886103,-0.505093746972835
-0.174295675475093,0.249334475937805,0.684237784073851,0.375477930676078,-0.979043061203894,-0.134556471032206,-0.584395291634024
-0.165769827331112,0.260274498557489,0.686608935814246,0.355801072114789,-0.99845811089333,-0.0713657036950877,-0.658728971965665
-0.157251617398495,0.271071168315218,0.688619585002696,0.335672951766045,-1.01766187767556,-0.00673578891592885,-0.727631875933004
-0.148742434605672,0.281724350438884,0.690273740898845,0.315108823247892,-1.03665637787207,0.0592849474974043,-0.790653143276889
-0.140243412120741,0.292233941192636,0.691575249231456,0.294125242756453,-1.05543667994103,0.126617602785597,-0.847355735384675
-0.13175544223737,0.302599880439698,0.692527771061689,0.272739716539199,-1.07399165819999,0.195148142268159,-0.897320393578019
-0.123279192185967,0.312822171515476,0.693134777810019,0.250970325442002,-1.0923048616162,0.264724011851095,-0.940151777015373
-0.114815123063203,0.322900899811976,0.693399546631182,0.228835325407487,-1.11035546319949,0.335152473885377,-0.975486518594012
-0.106363512409405,0.332836242904472,0.693325140882464,0.206352725328734,-1.1281192384876,0.406201176910252,-1.00300269814219
-0.0979244783185627,0.342628468422258,0.692914364419058,0.183539849737198,-1.14556950197197,0.477601328827813,-1.02243004061097
-0.089497999862376,0.352277920906846,0.692169685997795,0.160412902695436,-1.16267791353772,0.549053606297623,-1.03356004189332
-0.0810839258679812,0.361785004799694,0.691093140339942,0.136986559011027,-1.17941505964231,0.620236627292799,-1.03625523868136
-0.0726819626615492,0.371150176141943,0.689686223462945,0.113273616550807,-1.19575072176077,0.690817490993601,-1.03045698234538
-0.0642916320876168,0.380373959011079,0.687949809045237,0.0892847459169123,-1.21165377030143,0.760463615145605,-1.01619132802205
-0.0559121943217725,0.389457002844233,0.685884117120263,0.0650283688812875,-1.22709166400086,0.828854935064579,-0.993572951759483
-0.0475425355080569,0.398400192932498,0.683488764421587,0.0405106843740982,-1.24202958667162,0.895695504181201,-0.962807279474963
-0.039181027310493,0.407204818705972,0.68076291674013,0.0157358420382532,-1.25642930648666,0.960723650306577,-0.924191167968516
-0.0308253729419382,0.415872793945282,0.67770554868056,-0.00929375865160622,-1.27024788906978,1.02372005756205,-0.878112459512141
-0.0224724608515358,0.424406911258359,0.674315797264385,-0.0345770874310652,-1.283436427632,1.08451340418619,-0.825048521442766
-0.0141182517373244,0.432811101840535,0.67059337560632,-0.0601140820465407,-1.29593896642751,1.14298343349895,-0.765563522805209
-0.00575772566362268,0.441090662674172,0.666538994533249,-0.0859052988169275,-1.3076917842154,1.19906152755653,-0.700303794743188
0.00261508731977741,0.449252409111744,0.662154727239726,-0.111951686032703,-1.31862316900277,1.25272897473854,-0.629990323076841
0.0110069782387244,0.457304713444378,0.657444249087601,-0.138254535393448,-1.32865375269378,1.30401318469449,-0.555407399130489
0.0194253305816297,0.465257401170579,0.652412895240088,-0.164815634317395,-1.337697388467,1.35298213654429,-0.477386831249126
0.027877807057014,0.473121496035747,0.64706750432956,-0.191637596388332,-1.34566245842793,1.39973738237808,-0.39678789443215
0.0363719824212681,0.480908829449808,0.641416053476971,-0.218724298309272,-1.35245341789404,1.44440598714467,-0.314474194364249
0.044914963505033,0.488631553750429,0.635467130028746,-0.24608131424463,-1.35797234220416,1.48713186089242,-0.231289522984778
0.0535130393197662,0.496301615112513,0.629229316700871,-0.273716226100958,-1.36212025954886,1.52806699882257,-0.148035242819007
0.0621713965503065,0.503930245822427,0.622710579749708,-0.301638706732604,-1.36479812643117,1.5673631510415,-0.0654515623096499
0.0708939214575932,0.511527526571988,0.615917741300696,-0.329860316201983,-1.36590740779783,1.60516437633063,0.0157956868496064
0.0796830928884959,0.519102051292437,0.608856091885743,-0.358394004281455,-1.36535032853335,1.64160080188268,0.0951222101930197
0.0885399572593527,0.52666070611414,0.60152916728956,-0.387253359289699,-1.3630299390141,1.67678374812952,0.172026792939126
0.097464167750888,0.534208556043287,0.593938684734521,-0.416451673688084,-1.35885017210292,1.71080222593846,0.246088369056885
0.106454066929475,0.54174882115674,0.586084613345058,-0.446000908396372,-1.3527160652159,1.74372070296076,0.316960066204976
0.115506793343403,0.549282919024536,0.577965344239455,-0.475910634588064,-1.34453429084158,1.77557797773201,0.384361637821072
0.124618396470818,0.556810550297149,0.569577924679664,-0.506187020312456,-1.33421409540372,1.80638698807574,0.448071439259505
0.133783949059992,0.564329807886756,0.56091832528651,-0.536831915413436,-1.32166869938044,1.83613539900108,0.507918763705892
0.142997650315022,0.571837295076761,0.551981716396819,-0.567842075353539,-1.30681716618005,1.86478684766148,0.563777019734112
0.152252917024783,0.57932824293994,0.542762737097691,-0.599208553896351,-1.28958670498566,1.8922827554169,0.615557956196648
0.161542462494208,0.586796621950711,0.533255747188408,-0.630916285791043,-1.26991533366985,1.91854464101718,0.66320693769988
0.170858365104459,0.594235246382466,0.523455057872905,-0.662943872599301,-1.24775479215288,1.9434768805893,0.706699141097828
0.180192129651982,0.601635872958744,0.513355141347606,-0.695263576577026,-1.22307356551525,1.96696985939505,0.746036467771479
0.189534745423598,0.608989297332731,0.502950822727284,-0.727841518476053,-1.19585985225606,1.98890344973741,0.781244934384139
0.19887674533186,0.616285453355233,0.492237460032614,-0.76063806528997,-1.16612429945627,2.00915073300268,0.812372304926818
0.208208270391395,0.623513520776846,0.481211119258431,-0.793608383970481,-1.13390232613001,2.02758186637484,0.839485750636681
0.217519143366787,0.630662047005761,0.469868751795138,-0.82670312807471,-1.09925587025248,2.04406798082645,0.8626693653811
0.226798954573798,0.637719087799358,0.458208380620615,-0.859869217440355,-1.06227442320225,2.05848499020868,0.882021417052442
0.236037161602661,0.644672370324974,0.446229299705317,-0.893050667454682,-1.02307525458751,2.07071719364651,0.897651275342031
0.245223203231715,0.651509479960591,0.433932288087468,-0.926189424971733,-0.981802775644429,2.08066056500936,0.909676017734867
0.25434662613099,0.658218069664898,0.42131983633791,-0.959226172472296,-0.938627034846022,2.08822564201162,0.918216773443716
0.263397221270574,0.664786087941466,0.408396379054293,-0.992101069975204,-0.893741380047903,2.09333995007396,0.923394914516618
0.27236516541568,0.671202018619772,0.395168523121449,-1.0247544142229,-0.847359354538774,2.09594991845025,0.92532824080736
0.281241161873764,0.677455123175037,0.381645258311383,-1.0571272051711,-0.799710919647028,2.09602226479917,0.924127328659102
0.290016573903624,0.68353567441409,0.367838134895775,-1.08916161920953,-0.751038116417845,2.09354483730046,0.919892221286927
0.298683544012666,0.689435169346615,0.353761392704198,-1.12080139556685,-0.701590296849155,2.0885269104918,0.912709632431071
0.307235092820851,0.695146509162319,0.339432027678912,-1.15199214634064,-0.651619074210776,2.0809989340656,0.902650815120084
0.315665192259613,0.700664135559872,0.324869785383346,-1.18268160157373,-0.60137316277482,2.0710117360379,0.889770215947117
0.323968809527823,0.705984115190588,0.31009707576062,-1.21281979944517,-0.551093297445668,2.05863518639462,0.874104994047995
0.332141920285357,0.711104167471829,0.29513880908797,-1.24235922905815,-0.501007438076954,2.0439563371169,0.855675435413715
0.340181491792271,0.716023635096803,0.280022158734997,-1.27125493070159,-0.451326465213745,2.02707707030176,0.834486240581665
0.34808543881154,0.720743400687822,0.264776261177698,-1.29946455682929,-0.402240558094423,2.00811130681851,0.810528611505573
0.355852556799442,0.72526575664052,0.249431867059906,-1.32694839686044,-0.353916409655975,1.98718185073329,0.783783016773457
0.363482437982164,0.729594237797797,0.234020958540919,-1.35366937021056,-0.306495379115527,1.96441696579583,0.754222478831033
0.370975376240278,0.733733427871782,0.218576347712628,-1.37959299417784,-0.260092616839447,1.93994679588624,0.721816207223599
0.378332266307908,0.737688750444626,0.203131268859973,-1.40468733564554,-0.21479712780361,1.91389974872765,0.686533401072509
0.385554501779017,0.741466254113103,0.187718974367473,-1.42892295724257,-0.170672678577081,1.88639896020782,0.648347062571126
0.392643875021671,0.745072399261402,0.172372340809194,-1.45227286911126,-0.127759406173509,1.85755894580634,0.607237699106847
0.399602480585346,0.748513851492215,0.157123488780365,-1.47471249661821,-0.0860759597154144,1.8274825277654,0.56319684033217
0.406432622277897,0.7517972843375,0.14200341772068,-1.49621967243057,-0.0456219982925675,1.79625810453476,0.516230352260973
0.413136722961212,0.754929191833297,0.127041655496031,-1.51677465884263,-0.00638087812026422,1.76395730579971,0.466361586734801
0.419717235373861,0.757915710086311,0.112265921809881,-1.53636020364992,0.0316776154648154,1.73063305515778,0.4136344548941
0.426176551980612,0.760762446183264,0.097701804459367,-1.5549616307357,0.0685946058332666,1.69631804602454,0.358116551501352
0.432516911981671,0.763474312725906,0.0833724478729469,-1.57256696516898,0.104419615255796,1.66102362692175,0.299902477434657
0.438740304184948,0.766055366910338,0.0692982541720836,-1.58916709203389,0.13920825965865,1.62473909163801,0.239117504972392
0.444848365455316,0.76850865440222,0.0554965982136744,-1.6047559481119,0.173020174482008,1.58743137881158,0.175921699221002
0.450842275916126,0.770836060280459,0.0419815598396283,-1.61933074528778,0.205917178936358,1.54904520422654,0.110514543933906
0.456722653986622,0.773038171986234,0.0287636791064396,-1.63289222324612,0.237961673841077,1.50950367610103,0.0431400167838448
0.462489456630988,0.775114162371986,0.015849743779447,-1.64544492564589,0.269215263132904,1.46870947553402,-0.0259080832078408
0.468141892675197,0.777061704239889,0.00324262284068699,-1.65699748761552,0.299737590164601,1.42654671527422,-0.0962809292048934
0.473678359311062,0.778876930529235,-0.00905883525201389,-1.66756291275322,0.329585385389283,1.38288361160253,-0.167570146153597
0.479096413292994,0.780554455549978,-0.0210598163479403,-1.67715880556621,0.358811729377696,1.33757610572191,-0.239304716453957
0.484392787974374,0.782087471121152,-0.0327694410081896,-1.68580751272749,0.387465540958476,1.29047254162814,-0.310950159840161
0.48956346436056,0.783467926014869,-0.0442005283659166,-1.69353611769504,0.41559130084536,1.24141943906261,-0.38191081829545
0.494603798299302,0.784686787269826,-0.0553692090343815,-1.70037623330267,0.443229013296217,1.19026829241773,-0.451535885071731
0.499508697176175,0.785734368597066,-0.0662943887338145,-1.70636355059183,0.470414391113178,1.13688319012884,-0.519129438365175
0.504272829605011,0.786600696829634,-0.0769970862122805,-1.71153713120223,0.497179225042942,1.08114890627091,-0.583964223362196
0.508890843204809,0.787275876089674,-0.0874996924944628,-1.71593847175549,0.523551873447813,1.0229789951154,-0.645298383897706
0.513357561497994,0.7877504051117,-0.0978252172395277,-1.71961041294234,0.549557790198942,0.962323345285412,-0.702393923706008
0.517668133198404,0.788015408445369,-0.107996595835159,-1.72259600121879,0.575220005360668,0.899174635155228,-0.754535500427157
0.521818115729217,0.788062756661699,-0.118036124212781,-1.72493742600329,0.600559487538242,0.833573171443499,-0.801048265434925
0.52580348765366,0.787885070797365,-0.127965067910595,-1.72667514450178,0.625595346292931,0.765609673826198,-0.841313798246019
0.52962059837188,0.787475626904379,-0.137803462421983,-1.72784727195734,0.65034487074013,0.695425674954276,-0.87478361010322
0.533266074382331,0.786828192620636,-0.14757009045958,-1.72848926597323,0.674823437484868,0.623211331541948,-0.900990059870416
0.536736707120777,0.785936835709374,-0.15728259548199,-1.72863388148975,0.699044349655268,0.549200592707863,-0.919554739142711
0.540029347009012,0.784795743499653,-0.166957674746647,-1.72831132932964,0.72301868405085,0.473663854420924,-0.930194425576134
0.543140822624024,0.783399083331365,-0.176611291485527,-1.72754954412586,0.746755223668767,0.396898443447824,-0.932724629497332
0.546067894797335,0.781740920338115,-0.186258853888885,-1.726374460731,0.770260539350384,0.319217502529973,-0.927060662002038
0.548807245547468,0.779815193869741,-0.195915325395209,-1.72481021120428,0.793539260575283,0.240938052910233,-0.913216121028756
0.551355493567587,0.777615741172639,-0.205595251752496,-1.72287918251121,0.816594546723697,0.162369142052981,-0.891298774480796
0.553709223396053,0.775136349302039,-0.215312710416683,-1.72060191066996,0.839428742260344,0.0838010006287491,-0.861504011753849
0.555865015112624,0.772370814766732,-0.225081202844986,-1.71799682180834,0.862044177377088,0.00549601489987269,-0.824106285161147
0.557819464882152,0.769312994470771,-0.234913517704519,-1.71507985730878,0.884444062768998,-0.0723179153446795,-0.77944919502139
0.559569192387946,0.765956839088905,-0.244821592820109,-1.71186403488123,0.906633423807778,-0.149451369365774,-0.727935016544316
0.561110837253409,0.762296408465099,-0.2548163976867,-1.70835899978256,0.928620023389534,-0.225754797297163,-0.670014482101458
0.562441051297409,0.758325875614691,-0.264907849503201,-1.70457061339483,0.950415230786152,-0.301117620360203,-0.606177516062794
0.563556495936872,0.754039529986268,-0.275104766870166,-1.70050061441513,0.97203480251268,-0.375465519528188,-0.53694540047392
0.564453854030431,0.749431791387528,-0.285414858632012,-1.69614637523153,0.99349954812633,-0.448756464362023,-0.462864575655141
0.565129863318409,0.744497243816706,-0.295844741772849,-1.69150076550206,1.01483585802138,-0.520976019433085,-0.384502000354284
0.565581375018482,0.739230694240301,-0.306399981668115,-1.68655212755775,1.0360760720513,-0.592132391485834,-0.302441754161761
0.565805436811171,0.733627256134163,-0.317085149501691,-1.68128436352887,1.05725866852271,-0.662251574435631,-0.217282392150969
0.565799395077378,0.727682452338641,-0.327903894091723,-1.67567713066634,1.07842825455692,-0.731372834592782,-0.129634478592316
0.565561007456197,0.721392327361013,-0.338859027531723,-1.66970613765692,1.09963534275109,-0.799544670564251,-0.0401177427804353
0.565088554159305,0.714753556476095,-0.34995262499634,-1.66334352973867,1.12093590669674,-0.866821289569078,0.0506425868822359
0.564380935515834,0.707763538435238,-0.36118613826713,-1.65655834392288,1.14239071942121,-0.933259568381854,0.142020521608542
0.56343774425293,0.700420460577992,-0.372560520037167,-1.6493170084176,1.16406449310147,-0.998916414732676,0.233395135908259
0.56225930403589,0.692723329447377,-0.384076352442842,-1.64158385398771,1.18602485309154,-1.06384641502141,0.324157250107813
0.560846670353832,0.684671965875569,-0.395733969539477,-1.63332160125689,1.2083411912998,-1.12809964724351,0.413716558276769
0.559201595092086,0.676266969722148,-0.407533560686941,-1.62449178820702,1.23108345029281,-1.19171955307448,0.501508691570327
0.557326461017329,0.667509664659469,-0.419475240905129,-1.6150551067558,1.2543208883489,-1.25474079661902,0.587001717513487
0.555224195942817,0.658402036510529,-0.431559075557178,-1.60497162560038,1.27812086692178,-1.31718708331106,0.669701680783954
0.552898177938432,0.648946679121022,-0.443785050011096,-1.59420088701201,1.30254768720051,-1.37906896313098,0.749156954345254
0.550352142516747,0.639146759722548,-0.456152979584089,-1.58270187623733,1.32766148437769,-1.44038168990545,0.824961344863273
0.547590100649986,0.629006011892775,-0.468662360293996,-1.57043287223974,1.35351716982127,-1.50110324659901,0.896756041936149
0.544616273428741,0.618528759480452,-0.481312166025559,-1.55735119701731,1.38016339508015,-1.56119267101334,0.964230591661852
0.541435045896687,0.607719970163533,-0.494100602191421,-1.54341288767478,1.40764149925867,-1.62058882522126,1.02712310575847
0.538050939696918,0.596585333362404,-0.507024829591049,-1.52857232127663,1.43598439383237,-1.67920974523001,1.0852198979534
0.534468602027543,0.585131354458728,-0.520080674864461,-1.51278182784653,1.46521533720407,-1.73695268594444,1.13835468840777
0.530692807164033,0.57336545581103,-0.533262345681375,-1.49599133209504,1.49534655601107,-1.79369494259773,1.18640745461694
0.526728466389604,0.561296074815601,-0.546562169576716,-1.47814806956062,1.52637768234976,-1.84929548630435,1.2293029497842
0.522580642358402,0.548932749973097,-0.559970375097833,-1.45919642740815,1.55829399662741,-1.90359740171061,1.26700886722008
0.518254564399321,0.536286187228153,-0.573474932626891,-1.43907796332102,1.59106449513748,-1.95643106265259,1.29953360594749
0.513755641747442,0.523368300365797,-0.587061469872385,-1.41773165663884,1.62463983900305,-2.00761793108673,1.32692358801885
0.509089471934244,0.510192220647088,-0.60071327362204,-1.39509444289186,1.65895028438287,-2.05697481893726,1.34926008937051
0.504261841477026,0.496772271953378,-0.614411384993897,-1.37110207496165,1.69390373814126,-2.10431841519971,1.36665557010484
0.499278715653226,0.483123908486441,-0.628134790227769,-1.34569034030954,1.72938412179942,-2.14946985469228,1.37924952408628
0.494146213763909,0.46926361274955,-0.641860703179877,-1.31879664361582,1.76525025141781,-2.19225909309235,1.38720390925529
0.488870566236951,0.455208752477552,-0.655564929346933,-1.29036193810647,1.80133544414007,-2.23252885782196,1.39069826634355
0.48345805056641,0.44097739679391,-0.66922229480641,-1.26033295817588,1.83744803762822,-2.2701379676023,1.38992468063329
0.477914904700021,0.4265880944331,-0.682807117450837,-1.22866467317125,1.87337295489725,-2.30496385515327,1.385082783133
0.472247219118988,0.412059620389425,-0.696293693031116,-1.19532285096703,1.90887436808388,-2.33690418527448,1.37637501670946
0.466460812263875,0.397410701496848,-0.709656765631257,-1.16028659448717,1.94369942016003,-2.36587752939188,1.36400240202862
0.460561097628669,0.382659735534907,-0.722871952042863,-1.1235506988887,1.97758286741033,-2.3918231301641,1.34816102241416
0.454552954073097,0.367824521627106,-0.735916092591755,-1.08512767512792,2.01025242275196,-2.41469985721728,1.32903940474139
0.448440612972934,0.352922021111692,-0.748767507325567,-1.04504929885539,2.04143452346582,-2.43448450921138,1.30681690900545
0.442227576180115,0.337968167139422,-0.761406145564849,-1.00336757155738,2.07086022405639,-2.45116965203812,1.28166316044776
0.43591657713743,0.322977737832959,-0.773813627580829,-0.960155020723361,2.09827092632549,-2.46476119514242,1.25373847591142
0.42950959398989,0.307964302255356,-0.785973188163438,-0.91550431271638,2.12342369848346,-2.47527589858791,1.22319516131258
0.423007918595277,0.29294024142205,-0.797869541560971,-0.86952719992951,2.14609599304026,-2.4827389765583,1.19017949833261
0.416412279641735,0.277916839151772,-0.809488694378987,-0.822352866686444,2.16608963770897,-2.48718192450633,1.15483420047001
0.409723012416515,0.262904430741752,-0.820817736616809,-0.774125771286862,2.18323403432676,-2.48864065371488,1.11730110227408
0.402940262890349,0.247912592189978,-0.83184464075445,-0.725003101754798,2.19738855076333,-2.48715397455209,1.07772384865072
0.396064210289572,0.232950349606408,-0.842558094925106,-0.675151969811993,2.20844412670931,-2.48276243264603,1.03625036969712
0.38909529060227,0.218026387827718,-0.852947389469888,-0.62474646322054,2.21632413635037,-2.47550747327495,0.99303495656284
0.382034403626193,0.203149238975592,-0.863002367673253,-0.573964664322403,2.2209845618334,-2.46543088950948,0.948239792199956
0.374883088088033,0.188327435357941,-0.872713442476328,-0.522985726313813,2.22241353478885,-2.45257449881586,0.902035835570883
0.367643652712328,0.173569616067196,-0.882071672671721,-0.471987082070884,2.22063030260576,-2.43697998985344,0.854603007720549
0.360319255419957,0.158884582144243,-0.89106888548935,-0.421141845593243,2.21568367451844,-2.41868888454854,0.806129681820787
0.352913927553195,0.144281300539454,-0.899697828236518,-0.370616454328779,2.20765000169282,-2.39774256849935,0.756811534639638
0.345432544630908,0.129768861727835,-0.907952330002539,-0.320568591464994,2.19663074630647,-2.37418235366085,0.706849870139391
0.337880749182122,0.115356399327555,-0.915827455226045,-0.271145419551824,2.18274969733119,-2.34804954944601,0.656449571862459
0.330264834356958,0.101052982246932,-0.923319633672825,-0.222482149125531,2.16614989516667,-2.31938553038644,0.60581687351144
0.322591599077675,0.0868674907572395,-0.930426755391654,-0.174700957172058,2.14699033296814,-2.28823179906482,0.555157151343966
0.314868186417041,0.072808487622335,-0.937148223741867,-0.127910259775228,2.12544250874464,-2.2546300512242,0.504672934404338
0.307101916747012,0.0588840942690117,-0.943484963921255,-0.0822043313722061,2.10168690810027,-2.21862225523772,0.454562299100422
0.299300126155574,0.0451018802479398,-0.949439388042747,-0.0376632505717133,2.07590950166524,-2.1802507603978,0.405017766668677
0.29147001891436,0.031468772196394,-0.955015320421708,0.00564685925458514,2.04829834257464,-2.13955844809034,0.356225762143558
0.28361854065499,0.0179909864111191,-0.960217888287282,0.0476733361168557,2.01904034675307,-2.09658893750327,0.30836662975343
0.275752276635402,0.00467398715637796,-0.965053383753823,0.0883762804667989,1.98831833166146,-2.05138685387697,0.261615140393565
0.267877377276146,-0.00847752890654724,-0.969529102828481,0.127727702430908,1.95630837761035,-2.00399816319622,0.216141378589166
0.259999511198171,-0.0214596232044021,-0.973653166766048,0.165710565977731,1.92317756047203,-1.95447057322497,0.172111863169534
0.252123844414548,-0.0342690827648811,-0.977434330455245,0.202317777195509,1.88908208691618,-1.90285399719763,0.129690738867675
0.244255043173772,-0.0469033676083587,-0.980881781903401,0.237551157998659,1.85416584474843,-1.84920107332588,0.0890408739104923
0.236397297221018,-0.0593605412967326,-0.984004936367981,0.271420439388979,1.81855936316828,-1.7935677303587,0.0503247084267546
0.22855435989297,-0.0716391880812592,-0.986813228288154,0.303942300762932,1.78237916218373,-1.73601378643176,0.0137047165729438
0.220729601420046,-0.083738320047625,-0.989315903878486,0.33513947440632,1.74572745801756,-1.67660356504956,-0.020656631738591
0.212926071992102,-0.0956572774673918,-0.991521817027512,0.365039927752933,1.70869218264635,-1.61540650806208,-0.0525974983575787
0.205146571463322,-0.107395625292801,-0.993439230969509,0.393676130475748,1.67134727069941,-1.55249776092966,-0.0819579565412197
0.197393722949106,-0.118953048436553,-0.995075628060404,0.421084409100679,1.63375316551585,-1.4879587006657,-0.108581959469712
0.189670047934348,-0.130329248214631,-0.996437529903578,0.447304388507061,1.59595749765716,-1.42187737212418,-0.132320007710275
0.18197804081426,-0.141523842146274,-0.997530330071791,0.472378517229312,1.5579958928893,-1.35434879450445,-0.153032497546157
0.174320240985589,-0.152536269240532,-0.998358141805391,0.496351671668314,1.51989287182467,-1.28547509799691,-0.17059370116223
0.166699300671566,-0.163365702981067,-0.998923663380869,0.51927083290451,1.48166280929543,-1.21536545135537,-0.184896294746731
0.159118046586998,-0.17401097446123,-0.999228064371625,0.541184828528225,1.44331092741861,-1.14413574572431,-0.195856310754041
0.151579533338246,-0.184470508505697,-0.999270896763947,0.562144130547418,1.40483430158396,-1.07190800887667,-0.20341834573195
0.144087086139348,-0.194742276091789,-0.999050035789784,0.582200698840219,1.36622286271888,-0.998809537305514,-0.207560806270165
0.136644330077386,-0.204823766850996,-0.99856165625703,0.601407857728762,1.32746038176116,-0.924971750986877,-0.208300925456037
0.129255202886405,-0.214711985728128,-0.997800250865801,0.619820191146058,1.28852542309463,-0.850528796121087,-0.205699235601142
0.121923948141357,-0.224403477783796,-0.996758697167706,0.637493439819503,1.24939225284766,-0.775615943235872,-0.199863147367941
0.114655086141896,-0.233894384398979,-0.995428379070345,0.654484382380431,1.21003168587079,-0.700367849727094,-0.190949270727172
0.107453360692767,-0.243180532560362,-0.993799366752067,0.670850681978212,1.17041185277351,-0.624916774977847,-0.179164130897136
0.100323661608789,-0.252257556371825,-0.991860655327866,0.686650681536102,1.13049886686431,-0.549390850290422,-0.164762993304854
0.0932709250448978,-0.26112104656688,-0.989600457692847,0.701943134793551,1.09025737161239,-0.473912512729665,-0.148046622050339
0.0863000164461813,-0.269766719989578,-0.987006541174382,0.716786866889582,1.04965095351805,-0.398597209665611,-0.129355954074793
0.0794156035947169,-0.278190597441538,-0.984066591872858,0.731240366976615,1.00864241352644,-0.323552468028082,-0.109064861947636
0.0726220293296716,-0.286389175781552,-0.980768586046202,0.745361325030876,0.967193901752445,-0.248877398880205,-0.087571375313997
0.0659231944777178,-0.294359579452203,-0.977101145726083,0.759206133931734,0.925266933571323,-0.17466267532403,-0.0652879000488177
0.0593224609929102,-0.302099678093719,-0.973053856651446,0.772829384200289,0.882822317560002,-0.100990983270877,-0.0426310812464606
0.0528225832515461,-0.309608160467398,-0.968617530575216,0.786283381143847,0.839820034804384,-0.0279379051354578,-0.0200119785820003
0.0464256722378498,-0.316884559900899,-0.963784400299321,0.79961771206943,0.796219112961016,0.0444268383556565,0.00217284371180991
0.0401331936262646,-0.323929231897292,-0.958548243145617,0.812878885279509,0.751977536763853,0.116037888318827,0.0235488487980855
0.0339459972319506,-0.330743289392028,-0.952904435560925,0.82611005416139,0.707052230374905,0.186832602433257,0.0437693979835262
0.0278643725523537,-0.337328504622954,-0.946849947036368,0.839350830615661,0.661399138017026,0.256749376022581,0.0625198631305894
0.0218881234865762,-0.343687188341799,-0.940383284869277,0.852637183975716,0.61497341986793,0.325726029030072,0.079520044640874
0.0160166548298192,-0.349822057211154,-0.933504402457975,0.866001415562971,0.567729772018644,0.393698338259195,0.0945250760443828
0.0102490636028398,-0.355736099071396,-0.926214583180206,0.879472195552632,0.51962287342161,0.460598770364952,0.107325063795638
0.00458422937634216,-0.361432443832508,-0.918516310074269,0.89307464776592,0.470607959371316,0.526355447270676,0.117743734003802
-0.000979100841732728,-0.366914245532463,-0.910413129148564,0.906830468853884,0.420641519728391,0.59089135476422,0.1256363479001
-0.00644223614323661,-0.372184578979494,-0.901909511704974,0.920758070439257,0.369682119993247,0.654123788614923,0.130887118068422
-0.0118064753684744,-0.377246352586839,-0.893010718913882,0.93487273549976,0.31769134350213,0.715964021175063,0.133406319639084
-0.0170730514927018,-0.382102237610739,-0.883722670193775,0.949186783091111,0.264634852543664,0.776317164795886,0.133127253572195
-0.0222430865793842,-0.386754613013331,-0.874051815760977,0.963709738054272,0.21048356429994,0.835082205686093,0.130003188290804
-0.0273175565783215,-0.391205524534823,-0.864005012974982,0.978448504403726,0.155214933609163,0.892152182000327,0.124004383817788
-0.0322972649055845,-0.395456656195524,-0.853589405719868,0.993407542535051,0.0988143282432794,0.947414481823196,0.115115289605232
-0.0371828235728837,-0.399509312284994,-0.842812305934278,1.00858905117746,0.0412764735599094,1.00075123922663,0.103332002364048
-0.0419746406087104,-0.403364407880407,-0.831681076451348,1.02399315515094,-0.017393067803198,1.05203980878861,0.088660071477888
-0.0466729126196697,-0.407022466044911,-0.820203014488577,1.0396180994931,-0.0771764285133635,1.10115330015589,0.0711127446084129
-0.0512776215811774,-0.410483620096566,-0.808385235431127,1.05546044944205,-0.138042042497728,1.14796115400993,0.0507097522271956
-0.0557885353351133,-0.413747619740031,-0.796234557012988,1.07151529416569,-0.199943398379846,1.19232973913494,0.0274767343212425
-0.0602052118229401,-0.416813840463486,-0.783757384682953,1.08777645012214,-0.262818024796238,1.23412294765979,0.00144541277723829
-0.0645270077977742,-0.419681296463784,-0.770959599915895,1.10423665769016,-0.326586797249908,1.27320276295386,-0.0273453934508365
-0.0687530936108627,-0.422348658488457,-0.757846454540662,1.12088776247791,-0.391153654115484,1.30942977365831,-0.058847828333151
-0.0728824765840393,-0.424814279331519,-0.744422475782865,1.13772087085779,-0.456405798276275,1.34266360993196,-0.0930020769971794
-0.0769140363289412,-0.427076231165071,-0.730691388534297,1.1547264682328,-0.522214439880854,1.37276328641246,-0.129732441415291
-0.0808465759647001,-0.429132360202754,-0.716656063090805,1.17189448882195,-0.588436105597386,1.39958745269929,-0.168942440407543
-0.0846788932778088,-0.430980365042708,-0.702318497826181,1.18921432784217,-0.654914503019043,1.42299457770985,-0.210509020534043
-0.0884098752034831,-0.432617905020717,-0.687679846452685,1.20667479122089,-0.721482889641765,1.44284312907058,-0.254276037179612
-0.0920386173630893,-0.434042743596594,-0.672740498078848,1.2242639844827,-0.787966859187968,1.4589918508198,-0.300047252278961
-0.0955645676454353,-0.435252928855473,-0.657500214719445,1.24196915089299,-0.854187429038264,1.47130028761945,-0.347579197698495
-0.0989876890313671,-0.436247008491438,-0.641958325008708,1.25977647844011,-0.919964294999972,1.47962974404561,-0.396574369680016
-0.10230863235406,-0.437024270362996,-0.626113964844647,1.27767090430459,-0.985119115264083,1.48384489330542,-0.446675342154803
-0.105528905106241,-0.437584992560658,-0.609966346428401,1.29563595200996,-1.04947869331045,1.48381624908178,-0.497460497103576
-0.108651018720436,-0.437930680161592,-0.593515028294205,1.31365363802474,-1.11287794667966,1.47942367558204,-0.548442137927161
-0.111678595147976,-0.438064261216068,-0.576760152752392,1.331704478907,-1.17516257083206,1.47056102628686,-0.599067736769871
-0.11461641518809,-0.437990213956435,-0.559702616227237,1.34976761591475,-1.23619133101184,1.45714187111622,-0.648724929549709
-0.117470396536736,-0.437714602279299,-0.542344144226865,1.36782105220508,-1.29583793792326,1.43910610583274,-0.6967505925672
-0.120247498647332,-0.437245007576363,-0.524687256476923,1.38584197202227,-1.35399248477321,1.41642705972128,-0.742443929535133
-0.122955562682807,-0.43659036049765,-0.506735126981635,1.40380708801336,-1.41056244455593,1.38911855952783,-0.785083032527636
-0.125603105461306,-0.435760692836917,-0.488491363889514,1.42169294947736,-1.46547324747337,1.35724130101541,-0.823943955075118
-0.128199093380528,-0.434766842963986,-0.469959749218634,1.43947614677469,-1.51866847715478,1.32090784657492,-0.858321052372935
-0.130752723637701,-0.433620154097382,-0.451143983778499,1.45713336672205,-1.57010973671139,1.28028561510611,-0.887547263501504
-0.133273235172052,-0.432332201330902,-0.432047476022336,1.47464128634907,-1.61977623699636,1.23559735176011,-0.911013127047198
-0.135769762215944,-0.430914571803926,-0.412673197041846,1.49197632912985,-1.6676641474855,1.18711874583572,-0.928183565998202
-0.138251232205143,-0.42937870646336,-0.393023602714282,1.50911433851631,-1.71378572750261,1.13517309083105,-0.938611756334731
-0.140726300448443,-0.427735796430354,-0.373100604635476,1.52603024025305,-1.75816822978084,1.08012313867312,-0.941949632878469
-0.143203308882047,-0.425996716393565,-0.352905559349095,1.54269776426155,-1.80085255014365,1.0223605743135,-0.937954761933391
-0.145690256257638,-0.42417197404823,-0.332439243138502,1.55908928096464,-1.84189159575389,0.962293800126074,-0.926493447830517
-0.148194771290608,-0.422271658188101,-0.311701786552237,1.57517578206657,-1.88134836394447,0.900334931421543,-0.907540086468464
-0.15072408644432,-0.420305376270515,-0.290692555441837,1.59092700996314,-1.91929376060155,0.83688701852777,-0.881172967725207
-0.153285015628018,-0.418282181647915,-0.269409978928802,1.60631171995629,-1.9558042312191,0.772332491139806,-0.847566958983222
-0.155883942199885,-0.416210497945056,-0.247851335232249,1.62129804886816,-1.99095931589253,0.707023658334627,-0.806983735520986
-0.158526823519343,-0.414098051295337,-0.226012511385346,1.63585396211541,-2.02483926042686,0.641275819901262,-0.75976040258001
-0.161219215349828,-0.411951820088213,-0.20388775257204,1.64994775534361,-2.05752281403966,0.575363208235361,-0.706297427937593
-0.163966314985405,-0.4097780077301,-0.181469412984939,1.66354859166381,-2.08908532159867,0.509517653091454,-0.647046749762665
-0.166773017600363,-0.407582038604329,-0.158747715362502,1.67662705749471,-2.11959718215259,0.443929601881952,-0.582500753393128
-0.169643977229502,-0.405368572765804,-0.135710523004654,1.68915571716493,-2.14912270500715,0.37875096867119,-0.513182560244081
-0.172583662618179,-0.403141532125062,-0.112343127376118,1.70110963921486,-2.17771935787967,0.314099229535103,-0.439637792494799
-0.175596398984383,-0.40090413036783,-0.0886280565147871,1.71246685790582,-2.20543737365642,0.250062212370516,-0.362427717108989
-0.178686389134257,-0.398658900351413,-0.064544913585761,1.72320872475838,-2.23231966437285,0.186703116438254,-0.282123470314511
-0.181857710768713,-0.396407715534148,-0.0400702597697087,1.73332009997862,-2.25840198196781,0.124065411320759,-0.199300943319002
-0.185114290547082,-0.394151805281881,-0.0151775598372682,1.74278933480314,-2.28371326258494,0.0621773829860822,-0.114535882259106
-0.188459858896703,-0.391891766836918,0.0101627889847402,1.75160800456885,-2.30827609216406,0.00105620082012269,-0.0283988173342627
-0.191897892126581,-0.3896275786719,0.0359833247110712,1.75977036891378,-2.33210723407103,-0.0592885344607306,0.0585504281145202
-0.195431549717276,-0.387358620480059,0.0623192681146242,1.76727255869548,-2.35521816394056,-0.118851739466007,0.145768716234538
-0.199063614532995,-0.385083704093582,0.0892081392078328,1.77411151625093,-2.37761556300501,-0.177630231901959,0.232735938362584
-0.202796442220472,-0.382801117431807,0.116689239165329,1.78028374267057,-2.39930172952105,-0.235620471331443,0.318961441501579
-0.20663192358119,-0.380508680701194,0.144803001511721,1.78578392863239,-2.42027487876787,-0.29281658137378,0.403990158520847
-0.210571460783966,-0.378203811180985,0.17359022235575,1.79060356054042,-2.44052931507204,-0.349208595154474,0.487408045601372
-0.214615955533314,-0.375883590668152,0.203091183044701,1.79472959931971,-2.46005547329702,-0.404780892245733,0.568846488568513
-0.218765805229102,-0.373544828446126,0.233344679595277,1.79814332530146,-2.47883984072197,-0.459510824595806,0.64798545174049
-0.223020902027893,-0.371184112608453,0.26438697218011,1.80081943093173,-2.49686478182912,-0.513367555260799,0.724555277281061
-0.227380629579308,-0.368797843559347,0.296250665984003,1.80272542618105,-2.51410829734371,-0.566311152788686,0.798337168771859
-0.231843852901872,-0.36638224521016,0.328963533351756,1.80382140208285,-2.53054375472631,-0.618291993467662,0.869162487600006
-0.236408898128276,-0.363933351443088,0.362547287714165,1.80406017760845,-2.54613963054165,-0.669250522827554,0.936911045093227
-0.241073520442352,-0.361446967550661,0.397016323313637,1.80338783498321,-2.56085930631198,-0.719117417709271,1.00150858894809
-0.245834860266559,-0.358918608441155,0.432376441709812,1.80174462878042,-2.57466095911512,-0.767814172680089,1.06292366875571
-0.250689389531118,-0.356343417403864,0.46862359623527,1.79906623477238,-2.58749758651736,-0.815254111737282,1.12116403456945
-0.255632851597889,-0.353716071192141,0.505742698129651,1.79528528603007,-2.59931720227848,-0.861343800374779,1.17627268588489
-0.260660200049931,-0.351030679127709,0.543706541504003,1.7903331273038,-2.61006323417077,-0.90598480647613,1.2283236546515
-0.265765542964835,-0.348280685792143,0.582474916513785,1.78414170610809,-2.61967514763912,-0.949075733456247,1.27741758017151
-0.270942100269483,-0.345458788462419,0.621993988691365,1.77664551228435,-2.62808930841939,-0.990514427939839,1.32367711820887
-0.276182182079635,-0.342556881465859,0.662196024736272,1.76778347891152,-2.6352400835058,-1.03020024930106,1.36724222147058
-0.281477195321092,-0.339566039719654,0.702999538896146,1.75750076708096,-2.64106116342225,-1.06803628154665,1.40826533260596
-0.286817684263958,-0.336476552573988,0.744309917891254,1.74575037462269,-2.64548707068114,-1.10393137064519,1.44690654187421
-0.292193407904498,-0.333278016547664,0.786020555925861,1.73249453219824,-2.64845480132195,-1.137801882863,1.48332877687012
-0.297593453650689,-0.329959491733138,0.828014496149217,1.71770587587401,-2.64990553070239,-1.16957310113089,1.51769310786869
-0.303006382976689,-0.32650972193764,0.870166534224915,1.70136840938859,-2.64978630361163,-1.19918020484617,1.55015426587614
-0.308420401223657,-0.322917413634516,0.912345698200822,1.68347828803624,-2.64805162433583,-1.22656881065871,1.5808564779335
-0.313823541175012,-0.319171564247975,0.954417982229068,1.66404446645406,-2.64466486582078,-1.2516950839428,1.60992972293609
-0.319203848931663,-0.315261826849125,0.996249185290791,1.64308925293558,-2.63959942872541,-1.27452545910012,1.63748649987054
-0.324549561207438,-0.311178896437865,1.0377076941245,1.62064880290476,-2.63283959987518,-1.29503602857114,1.66361917933849
-0.329849265376974,-0.306914902716973,1.07866705413521,1.59677356489936,-2.62438108321789,-1.31321167372462,1.68839798072346
-0.335092037030757,-0.302463795352054,1.11900819274785,1.5715286660028,-2.61423120191838,-1.32904501549361,1.71186958497742
-0.340267553770363,-0.297821709568833,1.15862119363627,1.5449941932997,-2.6024087945182,-1.34253526011783,1.73405636111491
-0.345366187739041,-0.292987301825563,1.19740656286428,1.51726529765715,-2.58894384819535,-1.35368700817425,1.75495615737434
-0.350379082193429,-0.287962046512725,1.23527597364502,1.48845202076623,-2.57387692581026,-1.36250908631418,1.77454258904425
-0.355298218723278,-0.282750484716168,1.27215251957907,1.45867873122217,-2.55725844923633,-1.36901345363197,1.79276574611554
-0.360116481243641,-0.277360414976706,1.30797054206477,1.42808305570585,-2.53914789905302,-1.37321423026172,1.80955324541691
-0.364827720691513,-0.271803014109548,1.3426751226298,1.39681421126178,-2.51961298064903,-1.37512689503794,1.82481156217626
-0.369426820876808,-0.266092874362506,1.37622134338735,1.36503068613209,-2.4987287907065,-1.37476770051134,1.8384275920053
-0.373909761877897,-0.260247942597141,1.40857341859694,1.332897277853,-2.47657699833817,-1.37215335439349,1.85027041216133
-0.378273673614193,-0.25428934883268,1.43970378896915,1.30058157207572,-2.45324503490775,-1.36730101283384,1.86019322642642
-0.382516869644667,-0.248241116069358,1.46959225081772,1.26825002317602,-2.428825269175,-1.36022861919726,1.86803548752788
-0.386638850499805,-0.242129750794547,1.4982251682434,1.23606386464213,-2.40341413307962,-1.35095560000381,1.87362519262601
-0.390640267246154,-0.235983723158323,1.5255947922781,1.20417511992967,-2.37711116059907,-1.33950389764952,1.87678134092926
-0.394522839337074,-0.229832855997532,1.55169868990281,1.17272299286921,-2.35001790868242,-1.32589928062766,1.87731652995815
-0.398289225521591,-0.223707650891639,1.57653927054192,1.14183088719409,-2.32223674450795,-1.31017283196489,1.87503965195245
-0.401942851794391,-0.217638585629123,1.60012338901215,1.11160424153681,-2.29386950473236,-1.29236248259368,1.86975863862026
-0.405487705156406,-0.211655419842027,1.62246200147785,1.08212928045382,-2.26501605620354,-1.27251443517024,1.86128319455985
-0.408928105571909,-0.205786543961602,1.64356985313813,1.05347268881059,-2.23577280950011,-1.25068432011856,1.84942745943483
-0.412268470525073,-0.200058401686476,1.66346518105176,1.02568213144146,-2.20623125273802,-1.22693794096288,1.83401254654651
-0.415513086913037,-0.194495008984487,1.68216942071187,0.998787474251902,-2.17647658062266,-1.20135149841256,1.81486891914928
-0.418665903863115,-0.189117584567935,1.69970690931259,0.972802523267614,-2.14658649164236,-1.1740112275423,1.79183858281377
-0.421730357794542,-0.183944298911245,1.71610458146408,0.947727085237584,-2.11663021523462,-1.1450124335866,1.76477708919758
-0.424709238077128,-0.178990141975818,1.73139165446752,0.923549163410463,-2.08666781277963,-1.11445796295472,1.73355536119912
-0.427604598359086,-0.174266904224735,1.74559930068028,0.90024712855667,-2.05674977436853,-1.0824561915786,1.69806136035289
-0.430417715366051,-0.169783261286659,1.75876030467582,0.877791741054602,-2.02691691072017,-1.04911864863808,1.65820162462182
-0.433149093962358,-0.165544949614282,1.77090870344328,0.856147938510595,-1.99720051935143,-1.01455741773211,1.61390270978324
-0.435798514701248,-0.161555018464241,1.78207940915433,0.835276340109963,-1.96762278839731,-0.978882468855429,1.56511257230701
-0.438365118105336,-0.157814142307888,1.79230781613481,0.815134450634404,-1.93819739162291,-0.94219907346917,1.51180193767504
-0.440847518590086,-0.154320977222085,1.80162939644657,0.79567757234813,-1.90893022446503,-0.904605442791701,1.45396570612945
-0.443243940289392,-0.15107254480564,1.81007929157755,0.776859451499245,-1.87982023279552,-0.866190708131292,1.39162445680835
-0.44555236701216,-0.148064627636572,1.81769191076313,0.758632698575729,-1.85086029224206,-0.827033334058227,1.32482611806602
-0.447770699029716,-0.145292161133881,1.82450054905384,0.740949028736944,-1.8220381046549,-0.787200023163879,1.25364787150999
-0.449896910180234,-0.142749607798278,1.8305370401218,0.723759372225847,-1.79333708783308,-0.746745137767119,1.17819834364447
-0.451929199651777,-0.140431301052248,1.83583145976145,0.707013905203397,-1.76473724317087,-0.70571063157233,1.09862010551517
-0.453866133537719,-0.138331747177142,1.84041189593712,0.690662050224806,-1.73621599198789,-0.664126454734132,1.01509244239134
-0.455706771653862,-0.136445875125431,1.84430429988625,0.674652492962321,-1.7077489739503,-0.62201137010742,0.927834270969086
-0.457450775063577,-0.134769225360234,1.84753242997053,0.658933257721709,-1.67931079978919,-0.579374097200552,0.837106975862431
-0.459098489312015,-0.133298070575146,1.85011789538937,0.643451878229755,-1.65087574586255,-0.536214683962134,0.743216824230922
-0.460650997733293,-0.132029463513728,1.85208030031427,0.628155691184771,-1.62241837128907,-0.492525996030826,0.646516521534851
-0.462110138747147,-0.13096121047742,1.85343748053568,0.612992267309024,-1.59391403161023,-0.4482952105006,0.547405425412726
-0.463478481297063,-0.130091773640213,1.85420581497155,0.597909977907352,-1.56533925905013,-0.403505209617139,0.446327973130297
-0.464759253969434,-0.129420110755954,1.85440058475387,0.582858675255543,-1.53667198125593,-0.358135792200339,0.34377002507747
-0.465956226127435,-0.128945466523719,1.85403634515254,0.56779044514495,-1.50789155970449,-0.31216465839472,0.240253081091901
-0.467073543448411,-0.128667134608788,1.85312727256999,0.552660373536341,-1.47897864549404,-0.265568174408209,0.136326650443073
-0.468115524951462,-0.128584211823505,1.85168745188257,0.537427260732525,-1.44991487121304,-0.218321981476684,0.0325593781941057
-0.469086432973287,-0.128695365344489,1.84973107870543,0.522054218689265,-1.42068241822405,-0.170401567053113,-0.0704702369914944
-0.469990230588303,-0.128998629981832,1.84727256507967,0.506509100327854,-1.39126351386789,-0.121782955171786,-0.172182627369332
-0.47083034201171,-0.129491246277293,1.84432655255455,0.490764731232371,-1.3616399192548,-0.0724436890768235,-0.272004653686379
-0.471609430513089,-0.130169543142039,1.84090785018826,0.474798938978462,-1.33179246492281,-0.0223642698814342,-0.369375302506801
-0.472329205850626,-0.13102886254666,1.83703132392409,0.45859439817648,-1.30170068117032,0.028469817295362,-0.463749432483889
-0.472990270110955,-0.13206351973614,1.83271176693343,0.442138326011107,-1.27134255649326,0.080065408594137,-0.554599780677174
-0.473592007990416,-0.133266791119645,1.82796377822199,0.425422071709179,-1.24069444536475,0.132418280988554,-0.64141772885102
-0.474132525531806,-0.134630923200126,1.82280167044825,0.408440644175596,-1.20973113811729,0.185509145083994,-0.723713504097238
-0.474608640198389,-0.136147158944848,1.81723941919481,0.391192216601161,-1.17842610128141,0.239299158425614,-0.801016538298099
-0.475015924511355,-0.137805781850262,1.81129065636582,0.373677637305432,-1.14675189480134,0.293725207006987,-0.872876648528314
-0.475348804557922,-0.139596181520349,1.80496870113166,0.355899964553635,-1.11468077025896,0.348695310156968,-0.938866546563363
-0.475600712660661,-0.141506946779294,1.79828661387835,0.337864031505687,-1.08218544846196,0.404084605441869,-0.998585963270071
-0.475764289752627,-0.143525992244077,1.7912572529404,0.319576037616063,-1.04924006302828,0.459732443227215,-1.05166740691618
-0.475831627419318,-0.145640721293918,1.78389331161203,0.301043156420111,-1.01582123804548,0.515441136300177,-1.09778329207479
-0.47579453282687,-0.147838222511467,1.77620731506012,0.282273148141576,-0.981909243919343,0.570976841202718,-1.13665391473851
-0.475644793393384,-0.150105488833677,1.76821156376616,0.263273969599318,-0.947489150111389,0.626072880546615,-1.16805555361326
-0.475374414196548,-0.152429640675275,1.75991802134361,0.244053382802232,-0.912551872533858,0.680435559692502,-1.19182789028825
-0.47497580179013,-0.154798128618218,1.75133815792602,0.224618575107446,-0.877095003355288,0.733752225597117,-1.2078799895739
-0.474441874434991,-0.157198890202961,1.74248277256768,0.204975814342874,-0.841123316735727,0.785701020887435,-1.21619426353083
-0.473766090233169,-0.15962044016749,1.73336182578518,0.185130168151328,-0.804648867024377,0.835961566485936,-1.21682812054809
-0.472942399068034,-0.162051883713031,1.72398431405295,0.165085315493798,-0.767690633537761,0.884225707299611,-1.20991330822084
-0.471965138284307,-0.164482855877115,1.71435821128037,0.144843469452677,-0.730273712145257,0.930207489953491,-1.19565322189633
-0.470828902364588,-0.166903403685299,1.704490489736,0.124405416215255,-0.692428101013123,0.973651686824984,-1.17431861224485
-0.469528421191695,-0.169303838278682,1.69438721774508,0.103770658913394,-0.654187169155676,1.01434039165251,-1.14624216165734
-0.468058479153138,-0.171674589477622,1.68405371734626,0.0829376406077873,-0.615585927163297,1.05209743932183,-1.11181232507873
-0.46641389922247,-0.174006094454097,1.67349475486682,0.0619040110441975,-0.576659237307758,1.08679060745049,-1.07146668902499
-0.464589604176448,-0.176288745898826,1.66271473271835,0.0406668983858419,-0.537440104783678,1.11833171910963,-1.02568494800898
-0.462580753652647,-0.178512914786139,1.65171785195281,0.0192231500638072,-0.497958183888795,1.14667487979183,-0.974981480676727
-0.460382943135082,-0.180669050546397,1.64050822149034,-0.00243048475639349,-0.458238613800812,1.17181315337482,-0.919897461779335
-0.457992441112959,-0.1827478492443,1.62908989993843,-0.0242972464643829,-0.418301270031996,1.19377402111481,-0.860992480387583
-0.455406434958859,-0.184740470148346,1.61746686765297,-0.046380331574946,-0.37816048201465,1.2126139835782,-0.798835735472496
-0.452623255179658,-0.186638774370636,1.60564293810116,-0.0686829227589531,-0.337825227822455,1.22841266369014,-0.733997014504582
-0.449642551463553,-0.188435556936995,1.59362162679822,-0.0912082597768303,-0.297299777793557,1.24126675224134,-0.667037787516554
-0.446465401433671,-0.19012474579767,1.5814060017146,-0.113959722243538,-0.256584724127968,1.25128410576102,-0.598502829809215
-0.443094342648119,-0.191701547164152,1.56899854045755,-0.136940893656527,-0.215678307189794,1.25857826109896,-0.52891279726071
-0.43953332830399,-0.193162524762818,1.55640101696487,-0.1601555794134,-0.174577933662478,1.2632635734645,-0.458758115884399
-0.43578761561483,-0.194505609444549,1.54361443490414,-0.183607758495002,-0.133281777368281,1.26545111949284,-0.38849442864387
-0.431863601775947,-0.195730043527327,1.53063901787588,-0.207301457403234,-0.0917903590839614,1.26524544041788,-0.318539696917352
-0.427768625361681,-0.196836270193826,1.51747425932048,-0.231240544073325,-0.0501080143896397,1.26274213928885,-0.249272912916366
-0.423510751129577,-0.197825781754248,1.50411902885279,-0.255428447449478,-0.00824417537779303,1.25802629580028,-0.18103426732553
-0.419098554203793,-0.198700941715695,1.49057172722858,-0.279867814433186,0.0337855898150486,1.25117162579093,-0.11412654604706
-0.414540916313189,-0.199464794848466,1.47683047942919,-0.304560119792347,0.0759588181054385,1.2422402902484,-0.0488175017869994
-0.409846842955881,-0.200120877435219,1.46289335422876,-0.329505246590823,0.118245695565482,1.23128324904952,0.014657047823433
-0.405025306651207,-0.200673037234243,1.44875859869462,-0.354701055213394,0.160608912559785,1.21834105474682,0.0760896160975006
-0.400085118198821,-0.20112526986077,1.43442487694524,-0.380142958598796,0.203003825136899,1.20344498824793,0.135297120457495
-0.395034825274896,-0.201481575613272,1.41989150379494,-0.405823520245258,0.245378906356222,1.18661844836037,0.192116779411125
-0.389882635799796,-0.201745838433281,1.40515866538653,-0.43173209018397,0.287676460835654,1.16787851872423,0.246401949789252
-0.3846363622708,-0.201921726777363,1.39022762038337,-0.457854492571829,0.329833566662367,1.14723764720516,0.298018000108406
-0.379303382588368,-0.202012614727506,1.37510087666447,-0.484172776894143,0.37178320123594,1.12470538354193,0.34683830478129
-0.373890612720355,-0.202021520664469,1.35978233968667,-0.510665042999306,0.413455502027317,1.10029013047273,0.392740440329959
-0.368404486747917,-0.201951060249,1.34427742972552,-0.537305348293469,0.454779110025832,1.07400087139991,0.435602665972321
-0.362850940322559,-0.201803410253176,1.32859316607338,-0.564063703379389,0.495682543043994,1.04584884360716,0.475300773991523
-0.357235394240534,-0.201580279898609,1.31273821696723,-0.590906160206974,0.536095548058374,1.01584912979488,0.511705397536602
-0.351562735617347,-0.201282886717366,1.2967229145567,-0.617794994399698,0.575950386134248,0.984022141925184,0.544679862946684
-0.345837294936745,-0.200911934474875,1.28055923462903,-0.644688980836997,0.615183009732503,0.95039496983974,0.574078669080444
-0.34006281798305,-0.200467591300913,1.26426074110799,-0.671543758845729,0.653734099692033,0.915002562834648,0.599746666925502
-0.334242432288674,-0.19994946679432,1.24784249555599,-0.69831228056776,0.691549937205025,0.877888705715498,0.621518999048737
-0.328378608210159,-0.19935658744903,1.23132093203361,-0.724945333365835,0.728583093952317,0.839106742662041,0.639221840853896
-0.322473115086353,-0.198687370273449,1.21471369768505,-0.751392124701762,0.764792930624933,0.798719993886231,0.65267396523999
-0.316526973165251,-0.197939594959122,1.19803945927367,-0.777600916008495,0.800145899851394,0.756801803450584,0.661689130679077
-0.310540402180935,-0.19711037545318,1.18131767552033,-0.803519690933081,0.834615653788899,0.713435153968196,0.66607927206924
-0.30451276771978,-0.196196132390655,1.16456833443225,-0.829096843175222,0.868182959235289,0.66871178757344,0.665658456711873
-0.298442526959653,-0.195192568656036,1.14781165380398,-0.854281870137767,0.900835424202968,0.622730784600251,0.66024755784185
-0.292327176128635,-0.194094651477819,1.13106774173232,-0.879026060777054,0.932567039790757,0.575596573184497,0.649679599329165
-0.286163203229679,-0.192896606000255,1.11435621239989,-0.903283169288772,0.96337754039066,0.527416374724782,0.633805741686116
-0.279946051295915,-0.191591927256162,1.09769575073813,-0.927010070338358,0.993271584408959,0.478297130574978,0.612501914857661
-0.273670099696441,-0.190173419837183,1.08110361819475,-0.950167396056009,1.02225775751893,0.428342001868218,0.58567615861856
-0.267328673730862,-0.18863327716557,1.06459509116711,-0.972720159446859,1.05034740189076,0.377646583333536,0.553276803081916
-0.260914095728009,-0.186963214803387,1.04818282436965,-0.994638372541279,1.0775532789879,0.326295019469168,0.515301697827268
-0.254417793702074,-0.185154674154183,1.0318761343856,-1.01589766960569,1.10388808188504,0.274356254303384,0.471808753794755
-0.247830485619727,-0.183199113344696,1.01568020514464,-1.03647994471332,1.12936282765937,0.221880682449017,0.422928055610945
-0.24114245735049,-0.181088399667954,0.999595228660261,-1.05637400699388,1.15398518361543,0.168897498791636,0.368875672329318
-0.234343948684205,-0.178815310812413,0.983615512791744,-1.07557624335224,1.17775781489787,0.115413066274814,0.309968965889794
-0.227425652143948,-0.176374137910829,0.967728614235715,-1.0940912545993,1.20067688505494,0.0614106318662359,0.246642598266024
-0.220379311453036,-0.173761360379289,0.951914588454482,-1.11193239531406,1.22273088931151,0.00685170871648984,0.179463550191397
-0.213198379626706,-0.170976330984215,0.936145483373507,-1.12912210309516,1.24390003712887,-0.0483206128368828,0.109142391549425
-0.205878663775613,-0.168021874857466,0.920385228230979,-1.14569185988933,1.26415639956663,-0.104176287759652,0.0365370967562595
-0.198418854043566,-0.164904680511316,0.904590064317124,-1.16168160767776,1.28346496692625,-0.160790948009708,-0.0373545905307834
-0.190820822876933,-0.161635361953984,0.888709611764872,-1.17713846989152,1.30178560580976,-0.218236910540334,-0.111417275781787
-0.183089603532154,-0.158228113859405,0.872688560392335,-1.19211472746976,1.31907568394854,-0.276573242004179,-0.184455053599826
-0.175233018073038,-0.154699965994362,0.856468833953461,-1.20666515550385,1.33529291977782,-0.335835802073689,-0.255240650652507
-0.167261009585223,-0.15106974429803,0.839991954475155,-1.22084399568252,1.35039791309945,-0.396028269084161,-0.32257021743545
-0.159184808059008,-0.14735692298499,0.82320128080092,-1.23470195187001,1.36435589130944,-0.457115045506537,-0.385315816357774
-0.151016091958465,-0.143580570323095,0.8060438393798,-1.24828359920904,1.3771374430506,-0.519016697288341,-0.442468566604789
-0.142766286482257,-0.139758544872263,0.788471585723235,-1.26162549064358,1.38871830513086,-0.581608292348779,-0.493168310819995
-0.134446080324867,-0.135907014612645,0.770442078752101,-1.27475507842499,1.39907849813488,-0.644720740405942,-0.536719135109998
-0.126065174870804,-0.132040286457022,0.751918664580531,-1.28769040810375,1.40820120188285,-0.70814501595628,-0.572592723115388
-0.11763222824999,-0.128170876104674,0.732870324066842,-1.30044043486369,1.41607172797713,-0.771638948202166,-0.600422740778726
-0.109154931941909,-0.124309726417697,0.713271341905761,-1.31300576904532,1.4226768342814,-0.834936067253863,-0.619993418175274
-0.100640156683103,-0.120466489371802,0.693100923176145,-1.32537966614941,1.42800449306698,-0.897755813971739,-0.631224798549449
-0.0920941179530769,-0.116649809000808,0.672342837636773,-1.33754911409507,1.43204411032634,-0.959814286695729,-0.634156310491333
-0.0835225297619006,-0.112867568733734,0.650985128568769,-1.34949591709765,1.43478711538378,-1.02083465302386,-0.628929697769928
-0.0749307322130598,-0.109127088532482,0.629019890022921,-1.36119771818531,1.43622779833422,-1.08055642256011,-0.615771987637825
-0.0663237901404264,-0.105435272025167,0.606443096390966,-1.37262893464517,1.43636426098628,-1.1387429505096,-0.594979027024741
-0.0577065664520555,-0.101798711279121,0.583254460001557,-1.38376160090125,1.43519935564176,-1.19518678684413,-0.566900059722817
-0.049083775692902,-0.098223758617439,0.559457292863168,-1.39456612278651,1.43274150681941,-1.24971275095951,-0.531923769495157
-0.040460022449194,-0.0947165732280552,0.53505835423366,-1.40501194880211,1.42900533758955,-1.30217884877872,-0.490466129937743
-0.0318398271965923,-0.0912831473489508,0.510067673329765,-1.41506816123127,1.42401205035146,-1.3524753249018,-0.442960276562199
-0.0232276402388633,-0.0879293140410379,0.484498344004593,-1.42470398609322,1.41778953914803,-1.40052224389187,-0.389848467598566
-0.0146278431350145,-0.0846607367760516,0.458366294349619,-1.43388921825207,1.41037223540205,-1.44626602726101,-0.331576052000913
-0.00604473663975201,-0.0814828804710768,0.431690038410761,-1.44259455782373,1.40180071008588,-1.48967535235739,-0.268587236804476
0.00251748544497876,-0.0784009640175134,0.4044904195348,-1.45079185659116,1.39212107173612,-1.53073676590338,-0.201322353772549
0.0110547762452001,-0.0754198954400488,0.376790355526642,-1.45845427786704,1.38138421055555,-1.56945029619101,-0.130216271507873
0.0195632882558798,-0.0725441922274375,0.348614595133852,-1.46555637907385,1.36964494373118,-1.60582527696921,-0.0556975825140307
0.0280394357557948,-0.0697778908097711,0.31998949372483,-1.47207413201927,1.35696111635465,-1.63987653072517,0.0218117892579672
0.0364799636824151,-0.0671244504001537,0.290942813720425,-1.47798490032085,1.34339270699117,-1.67162100297811,0.101896871411011
0.0448820186401528,-0.0645866573144161,0.261503552697318,-1.48326739586227,1.32900097856234,-1.7010748931782,0.184150062443423
0.0532432171949692,-0.0621665363105894,0.231701799421705,-1.4879016361358,1.31384770552267,-1.72825129124378,0.268171852112566
0.0615617064577834,-0.0598652753610256,0.201568615689369,-1.49186892186627,1.29799449884342,-1.75315830071472,0.353571917430374
0.0698362122419406,-0.0576831695379505,0.171135939984253,-1.49515184984249,1.28150224208284,-1.77579760919669,0.439970578188163
0.0780660708238368,-0.0556195883789589,0.140436507767795,-1.49773437013446,1.26443064519326,-1.79616345386224,0.527000514054634
0.086251241505774,-0.0536729693127106,0.109503782699501,-1.49960189073717,1.2468379174883,-1.81424192414675,0.614308581871548
0.0943922986644646,-0.0518408376697141,0.0783718931666,-1.50074142704046,1.22878055681519,-1.83001054527992,0.701557534637258
0.102490403584461,-0.0501198517492646,0.0470755689817844,-1.5011417890845,1.21031324782757,-1.84343809440606,0.788427437085714
0.110547257900803,-0.0485058696500279,0.0156500737741263,-1.50079379673727,1.19148885790899,-1.85448461470468,0.874616596196232
0.118565041692921,-0.0469940333435138,-0.0158688707391636,-1.49969051178528,1.17235851466841,-1.86310161047637,0.959841873052524
0.126546340019696,-0.0455788649259807,-0.047445171872089,-1.49782747621634,1.15297174427168,-1.86923242554452,1.04383830630089
0.134494061886298,-0.0442543701511325,-0.0790424673658411,-1.49520294722763,1.13337664568082,-1.8728128262781,1.12635804669293
0.142411355304071,-0.0430141451305268,-0.110624243672816,-1.49181812115939,1.11362007272775,-1.87377182682877,1.2071686672788
0.150301521342553,-0.0418514833095195,-0.142153973491133,-1.4876773401077,1.09374779438438,-1.87203280570501,1.2860509676108
0.158167929026681,-0.0407594812559346,-0.173595274583981,-1.48278827599102,1.07380460402153,-1.86751496766552,1.36279642878976
0.166013931772226,-0.0397311432018077,-0.204912091409211,-1.47716208706446,1.05383435115475,-1.86013520136725,1.43720449813335
0.1738427849452,-0.0387594854425333,-0.236068900307046,-1.4708135411879,1.03387987431767,-1.84981036976865,1.50907988840389
0.18165756322538,-0.0378376424453999,-0.267030937874309,-1.463761098604,1.01398282134104,-1.83646004597804,1.57823006853629
0.189461075877779,-0.0369589767160661,-0.297764450643054,-1.45602694477836,0.994183353359966,-1.82000967203023,1.64446310237609
0.197255777892688,-0.0361171940278192,-0.328236962263386,-1.44763696135409,0.974519741006423,-1.80039407355299,1.7075859605407
0.205043675322971,-0.0353064645017393,-0.358417552110693,-1.43862062100664,0.955027874785833,-1.77756121328331,1.76740338957943
0.212826224067023,-0.0345215482753865,-0.388277136724771,-1.4290107906092,0.935740725427058,-1.75147601732602,1.82371737410717
0.22060422280376,-0.0337579222467248,-0.417788742978658,-1.41884342737343,0.916687802365571,-1.72212406859538,1.87632717481693
0.228377702692791,-0.0330119018695451,-0.446927759703112,-1.408157155193,0.89789466742807,-1.68951494168428,1.92502987335847
0.236145818630148,-0.032280749550535,-0.475672153056157,-1.39699271373811,0.879382564155424,-1.65368496079782,1.96962131089351
0.243906749033064,-0.0315627592663343,-0.504002630608477,-1.38539228094994,0.861168219427455,-1.61469920154453,2.00989727845489
0.251657612995152,-0.0308573059908026,-0.53190274019246,-1.37339867993461,0.843263862554751,-1.57265262581828,2.04565481100919
0.259394414879807,-0.0301648487197264,-0.559358892119386,-1.3610544927593,0.825677488606077,-1.52767032649481,2.07669345746454
0.267112026737256,-0.0294868774608598,-0.586360297264816,-1.34840111481911,0.808413369694063,-1.47990694840464,2.10281644530908
0.274804218178733,-0.0288257974800939,-0.612898818416309,-1.33547779269906,0.791472793492479,-1.42954542413669,2.12383172523389
0.282463741481919,-0.0281847481422005,-0.638968737722966,-1.32232069450822,0.774854985861709,-1.37679519963746,2.13955295717712
0.29008247679132,-0.0275673585393549,-0.664566448644391,-1.30896206378246,0.7585581569153,-1.32189011403229,2.14980057056409
0.297651638410251,-0.0269774474385508,-0.689690086123809,-1.29542950614045,0.742580598699429,-1.26508603959596,2.15440308277545
0.305162038440782,-0.0264186806303332,-0.714339113571813,-1.28174545231532,0.726921758015319,-1.2066582918789,2.15319887672733
0.312604398488139,-0.0258942042924768,-0.738513889442082,-1.26792683249599,0.711583208939923,-1.14689870791165,2.14603860956654
0.319969693956315,-0.0254062781866576,-0.762215239408123,-1.25398498544015,0.696569455185672,-1.08611219152539,2.13278834364565
0.327249509012576,-0.0249559368388143,-0.785444061888926,-1.23992581158019,0.681888501944323,-1.02461247225682,2.11333335970895
0.334436374405422,-0.024542709404741,-0.808200994168086,-1.22575016221872,0.667552150443385,-0.962716848304208,2.08758244329378
0.341524056305693,-0.0241644284575926,-0.830486162802817,-1.21145443719563,0.65357598678087,-0.900739802684342,2.0554722553971
0.348507763865634,-0.0238171532147945,-0.852299034964703,-1.19703134251024,0.639979059995231,-0.838985590399401,2.01697124786563
0.355384247751123,-0.0234952230944706,-0.873638377141923,-1.18247074025078,0.626783271581749,-0.777740157614231,1.97208251048086
0.362151772072885,-0.0231914435478428,-0.894502315728093,-1.16776051004984,0.614012526402495,-0.717263006798788,1.92084498178054
0.368809956900927,-0.0228973900369618,-0.914888482846192,-1.15288733842933,0.60169171794849,-0.657779786141453,1.86333263671971
0.375359505132449,-0.0226038012576418,-0.934794222974958,-1.13783736234695,0.589845633749358,-0.599476393407457,1.79965156108702
0.381801842083887,-0.0223010228709848,-0.954216833446046,-1.12259661524522,0.57849786588564,-0.542495223251685,1.72993517688616
0.388138705272899,-0.0219794605258064,-0.973153814968844,-1.10715125364875,0.567669797107393,-0.486933888977563,1.6543382152527
0.394371723589529,-0.0216300060623181,-0.991603115633684,-1.09148757342828,0.557379708717245,-0.432846395853115,1.57303027126675
0.400502019903647,-0.0212444114909697,-1.00956336093042,-1.075591851044,0.547642028000768,-0.380246426825727,1.48618987764181
0.406529861577449,-0.0208155983082497,-1.0270340707689,-1.05945006251218,0.538466706415816,-0.329112193356614,1.39400000291635
0.412454372706579,-0.020337901548253,-1.04401587065485,-1.04304754078113,0.529858699143402,-0.279392230946494,1.29664574809054
0.418273313269149,-0.0198072562117889,-1.06051070742642,-1.02636863247934,0.521817504004214,-0.231011564554955,1.19431482785947
0.423982925716058,-0.019221337197356,-1.07652208037142,-1.00939641050583,0.51433671375168,-0.183877790616346,1.08720121040833
0.429577849588262,-0.0185796625209468,-1.09205529637984,-0.992112492084406,0.507403540608705,-0.137886770254522,0.975512057095528
0.435051109014866,-0.0178836640870251,-1.10711775300304,-0.9744970035245,0.500998286392669,-0.0929277613729891,0.859477823093476
0.440394184915736,-0.0171367216035324,-1.12171924539428,-0.956528721830017,0.495093757097524,-0.0488879091764828,0.739365003865553
0.445597190843976,-0.0163441449178351,-1.13587228138039,-0.938185406586318,0.489654658484374,-0.00565605458289739,0.615490495710619
0.450649174962309,-0.0155130803930874,-1.14959237315565,-0.919444309897367,0.484637057620037,0.0368741883266254,0.488235882796678
0.45553856608647,-0.0146523114198027,-1.16289825579806,-0.900282816170869,0.479988047135051,0.0788021730447427,0.358059269712259
0.46025376487958,-0.0137719261850779,-1.17581196646175,-0.880679121166833,0.475645788469484,0.120218902843938,0.225501791502088
0.464783851051398,-0.0128828412707318,-1.1883587115104,-0.86061282275033,0.471540114277306,0.161206769806694,0.0911860154835904
0.469119339096333,-0.0119961979351681,-1.20056646115173,-0.84006528271251,0.467593816171129,0.201840378472715,-0.0441955632090011
0.473252881703708,-0.011122683052783,-1.21246524767326,-0.819019647058186,0.463724626511292,0.242188309578796,-0.179901788495818
0.477179808361424,-0.0102718561297538,-1.22408619962497,-0.797460484386522,0.459847747469907,0.282315466608787,-0.315171291903956
0.480898408284177,-0.00945157359940521,-1.23546040368106,-0.775373098554137,0.455878641903374,0.322285479092957,-0.449253515371263
0.484409918499509,-0.00866758464213683,-1.24661772600998,-0.7527426556876,0.451735737257571,0.362162591818732,-0.58143698982656
0.487718241267144,-0.00792333444099173,-1.2575857298097,-0.729553303050658,0.447342732973427,0.402012571736253,-0.711070492974054
0.490829466219287,-0.00721996634874784,-1.26838879524313,-0.70578743814144,0.442630322035483,0.441902364976302,-0.837574845965066
0.493751295995172,-0.00655648005425335,-1.27904749745976,-0.681425227986929,0.437537283365225,0.481898447905272,-0.960445499660338
0.496492468641134,-0.00592998720385665,-1.28957824795453,-0.656444411466728,0.432011019254462,0.522063968961776,-1.07924786119919
0.499062245780685,-0.00533600827778959,-1.29999316891487,-0.630820366887283,0.426007672761428,0.562454852585657,-1.19360814927971
0.501470005520857,-0.00476876820602876,-1.31030015415949,-0.604526403246148,0.419491965527246,0.603115058050196,-1.30320254330238
0.50372495265438,-0.0042214657609319,-1.3205030704393,-0.577534233552009,0.412436865917721,0.644071197917207,-1.40774684342763
0.505835939851698,-0.00368650793242509,-1.33060206238824,-0.549814602440383,0.404823152994077,0.685326759596103,-1.5069881185679
0.507811382029265,-0.00315571276722695,-1.34059393654518,-0.521338057719565,0.396638900559793,0.726856254446837,-1.60069910102147
0.509659240009111,-0.00262049187905916,-1.35047260970765,-0.492075868255306,0.387878877246355,0.768599732179623,-1.68867548079071
0.511387047093886,-0.00207202712587598,-1.36022961162673,-0.462001093625592,0.378543847330198,0.810458211083824,-1.77073577684115
0.513001952309086,-0.00150145507352947,-1.3698546308449,-0.431089802119429,0.368639762774952,0.852290638486874,-1.84672311172543
0.514510756730251,-0.000900068206173501,-1.37933608620057,-0.399322413862322,0.358176856919917,0.893912961199132,-1.91650799346612
0.515919924781247,-0.000259534209527355,-1.38866169764944,-0.366685119221094,0.347168678633614,0.935099721871072,-1.97999113078023
0.517235560544583,0.000427874423411674,-1.3978190221532,-0.333171295845197,0.335631134707962,0.975588311943747,-2.0371053893761
0.518463348951687,0.00116905652652522,-1.40679591713298,-0.298782828346126,0.323581628949089,1.01508565914815,-2.0878162296016
0.519608471302666,0.00196988540678431,-1.41558089781144,-0.263531228772989,0.31103839136255,1.05327679447906,-2.13212030377318
0.520675511659054,0.00283506075026332,-1.42416336581553,-0.227438466026921,0.298020076387288,1.08983451897924,-2.17004225801257
0.521668373565474,0.00376802652346962,-1.43253370236404,-0.190537435944761,0.284545676823671,1.12442932919493,-2.20163009303413
0.522590224818213,0.00477096383368851,-1.44068323637249,-0.152872035325891,0.270634756067359,1.15673886191747,-2.22694962701535
0.52344348247994,0.00584485785962515,-1.44860411200186,-0.114496835973189,0.256307954097427,1.18645633425951,-2.24607864867182
0.524229842793676,0.00698962880993623,-1.45628908900384,-0.0754763834459478,0.241587680781647,1.21329771004538,-2.25910126996618
0.524950353002627,0.00820431007564346,-1.46373131197483,-0.0358841667712147,0.226498879782377,1.2370075487679,-2.26610283365786
0.525605515850824,0.00948725305476327,-1.47092408221493,0.0041986806265176,0.211069731291702,1.25736364500766,-2.26716555665481
0.526195413559117,0.0108363374731883,-1.47786066002012,0.044684880969694,0.195332163253289,1.27418063076448,-2.2623649415539
0.52671983654086,0.0122491678457115,-1.48453411771468,0.0854826427256997,0.179322058185531,1.28731270164689,-2.25176689308955
0.527178402798775,0.0137232402984095,-1.49093725593321,0.12649735241994,0.163079074446364,1.29665556521403,-2.23542544140167
0.527570656354595,0.0152560686466157,-1.49706258836795,0.167633262433207,0.146646043747826,1.30214762500246,-2.21338099260125
0.527896136648842,0.0168452638592051,-1.5029023936719,0.208795116489051,0.130067956517383,1.30377033349338,-2.18565908161446
0.52815441504587,0.0184885664185575,-1.50844882739416,0.249889664280165,0.113390597557345,1.30154759209789,-2.1522696706937
0.528345098853424,0.0201838362419961,-1.51369408156393,0.29082702905314,0.0966589397814997,1.29554405924865,-2.11320709747748
0.528467807135605,0.0219290094123182,-1.51863057476941,0.33152190637379,0.0799154371634465,1.28586225403788,-2.06845081172349
0.528522125667525,0.0237220346230729,-1.52325115143988,0.371894587632518,0.0631983743761175,1.27263840994914,-2.01796704045874
0.528507550382847,0.0255608046570987,-1.52754926591566,0.41187181659981,0.0465404274799459,1.25603713165838,-1.96171148822464
0.528423429497676,0.027443099144105,-1.53151912533924,0.451387499827729,0.0299675682490085,1.23624502280046,-1.89963312383857
0.528268914230811,0.0293665541799117,-1.53515576601718,0.49038330042802,0.0134984083658166,1.21346356600574,-1.83167904744548
0.528042926910798,0.0313286722048553,-1.53845504113759,0.52880914879475,-0.00285596476655023,1.18790162997597,-1.75780039467248
0.527744153592701,0.0333268820654313,-1.54141350375004,0.566623702963356,-0.0190916539873696,1.15976803625739,-1.67795923784275
0.527371066432284,0.03535865475842,-1.54402817754549,0.603794785985228,-0.0352111525144989,1.12926463085533,-1.59213649548307
0.52692197921011,0.0374216753026987,-1.54629621877862,0.640299818804697,-0.0512221389302632,1.09658027102169,-1.50034095075641
0.526395137585927,0.0395140656690109,-1.54821448515004,0.676126255413988,-0.0671359439252094,1.06188606160099,-1.40261957454502
0.525788843646452,0.0416346476333823,-1.5497790412218,0.711272012731225,-0.082965772248318,1.02533207010344,-1.29906939387143
0.52510161156687,0.043783227476271,-1.5509846446925,0.745745870139445,-0.0987247658062257,0.987045628253542,-1.18985106551067
0.524332347056235,0.0459608762848679,-1.55182427305047,0.779567791956359,-0.114423999968568,0.947131199443713,-1.07520402387357
0.523480537135181,0.048170170385408,-1.55228876406235,0.812769099939312,-0.130070522212397,0.905671658998818,-0.955462504564618
0.522546428760879,0.0504153475450402,-1.55236665230116,0.845392394431987,-0.145665573626142,0.862730695727442,-0.831070898831382
0.521531166236914,0.0527023294255305,-1.55204428063451,0.877491098786062,-0.161203174136164,0.818355901696318,-0.702595903391966
0.520436851447721,0.0550385647140972,-1.55130624170269,0.909128494968379,-0.176669283631979,0.772581993342181,-0.570732127851522
0.519266492524213,0.0574326660691747,-1.55013615391677,0.940376145171571,-0.192041744025535,0.725433549216208,-0.436297723279277
0.5180238199982,0.0598938496300596,-1.54851770304475,0.971311667094501,-0.2072911323095,0.676926724224577,-0.300217708351577
0.51671297540632,0.0624312324109851,-1.54643580295045,1.00201594572205,-0.222382504343012,0.627069653593575,-0.163495125235021
0.515338109384976,0.0650530851458499,-1.5438776786732,1.03256999396106,-0.237277817470992,0.575861665887542,-0.0271733687277083
0.51390295233067,0.0677661571705582,-1.54083367994584,1.06305177194033,-0.251938659258039,0.523291862398087,0.107704252947161
0.512410428671595,0.0705751744608313,-1.53729769893006,1.09353329804565,-0.266328852959294,0.469337922709859,0.240130736981857
0.510862371679338,0.073482566873799,-1.53326716772288,1.12407832214965,-0.280416584550737,0.413966049112856,0.369161739718247
0.509259366396055,0.076488424843933,-1.52874270789763,1.15474070991038,-0.294175862328173,0.357132775958272,0.493929390855684
0.507600716760516,0.0795906405217022,-1.52372756289884,1.18556355479891,-0.30758730117562,0.298789057867892,0.613644169352693
0.50588451074455,0.0827851659191904,-1.5182269550499,1.21657893379726,-0.320638352546106,0.238886741332377,0.727587863622865
0.504107748865138,0.0860663211654477,-1.51224748387805,1.24780817203319,-0.333323151181577,0.177387282354269,0.835101732126499
0.502266504947054,0.0894271018431357,-1.50579664081173,1.27926247651324,-0.345642132000447,0.114272382745546,0.935573918381256
0.500356098425833,0.0928594565200955,-1.4988824725325,1.31094382306115,-0.357601514761384,0.0495560191936431,1.02842941479183
0.498371269646034,0.0963545272955931,-1.49151338881865,1.34284601565843,-0.369212688953174,-0.016702921342952,1.11312482702702
0.496306359672136,0.0999028636004767,-1.48369808210444,1.37495586956552,-0.380491477335699,-0.0843885150966575,1.18914909912822
0.49415550164924,0.103494630457,-1.47544550499342,1.40725448942868,-0.391457226068612,-0.153317633451816,1.25603030042484
0.491912830469251,0.107119835337401,-1.46676483992792,1.43971861568663,-0.402131669447997,-0.223233395658148,1.31334757444228
0.489572711404408,0.110768591610875,-1.45766539572688,1.47232199621961,-0.412537550400963,-0.293803838697228,1.36074646709554
0.487129978060244,0.114431421822981,-1.44815638259087,1.50503671084172,-0.422697039914754,-0.364626940190877,1.39795521670439
0.484580158809718,0.11809958396317,-1.43824655068218,1.53783434645071,-0.432630075925038,-0.435242280028082,1.42479936865891
0.48191966316727,0.121765384615024,-1.42794372103574,1.57068690713185,-0.442352812116342,-0.505148556073575,1.44121238844735
0.479145899077197,0.125422431719483,-1.41725427845822,1.60356736006293,-0.451876403739582,-0.573825172924105,1.44724076012529
0.476257300062911,0.129065781723394,-1.40618271981772,1.6364497675072,-0.461206342464503,-0.640755496324731,1.44304317027501
0.473253255530666,0.132691951338808,-1.39473134874951,1.66930902590009,-0.470342483657403,-0.705449270450606,1.42888447609884
0.470133953758692,0.136298788043947,-1.38290018031544,1.70212030352109,-0.479279804004801,-0.767462092380683,1.40512594361188
0.466900160477463,0.139885218189432,-1.37068707661944,1.73485831719896,-0.488009813139745,-0.826410535595636,1.37221355403208
0.463552963432399,0.143450910391575,-1.35808809047577,1.76749660411635,-0.496522447570918,-0.881982278251142,1.33066602198377
0.460093514394106,0.146995901366962,-1.34509796017864,1.80000692795115,-0.504808216584423,-0.933941245837225,1.28106368601406
0.456522796174833,0.150520231656164,-1.33171067965082,1.83235891959126,-0.512860352515635,-0.982128240644916,1.22403880584921
0.452841435520683,0.154023632229541,-1.31792006458434,1.86452000474258,-0.520676735922548,-1.02645779887235,1.16026719685496
0.449049575192181,0.157505292709735,-1.30372024323289,1.89645562465411,-0.528261408676937,-1.0669121259642,1.09046066482288
0.445146811257715,0.160963730133888,-1.28910601628115,1.92812971767773,-0.535625543841243,-1.10353295691224,1.01535943953794
0.44113219500956,0.164396765027845,-1.27407305068574,1.959505399872,-0.542787802472568,-1.13641211234898,0.935723773905869
0.437004293006103,0.167801599608122,-1.25861789572086,1.99054576176637,-0.549774069575172,-1.16568140939447,0.852324076620431
0.432761293620209,0.171174981669256,-1.24273783418833,2.02121468564753,-0.556616621293083,-1.19150246822094,0.765929343237954
0.428401144484375,0.174513428130738,-1.22643060566359,2.05147758493971,-0.563352829348443,-1.21405685167947,0.677294159796328
0.423921702963372,0.177813475789346,-1.20969405834129,2.08130197701142,-0.570023550952793,-1.23353689350115,0.587145050313556
0.419320881811229,0.181071925023618,-1.19252579754368,2.11065782435329,-0.576671376129722,-1.25013750471391,0.496167288279878
0.4145967746427,0.184286045721093,-1.17492289927855,2.13951761430199,-0.58333890449366,-1.26404918443413,0.404993391296518
0.4097477503253,0.187453722901655,-1.15688174597454,2.16785618797688,-0.590067199678937,-1.27545238782151,0.314194342220363
0.404772510908005,0.190573530464692,-1.1383980214032,2.19565036613509,-0.596894527375358,-1.28451331729177,0.224274191111096
0.399670113086814,0.193644732655023,-1.11946687776732,2.22287844536498,-0.603855432204852,-1.29138111031225,0.135668210137707
0.394439957508165,0.19666722197948,-1.10008326530932,2.24951964820833,-0.610980160222031,-1.29618631199698,0.0487443268372365
0.389081752927655,0.199641408126207,-1.08024239748785,2.275553605821,-0.618294395809832,-1.29904045657861,-0.0361927586584173
0.383595463357217,0.20256807476862,-1.05994031443826,2.30095993563854,-0.625819257966647,-1.30003654614703,-0.118895524947206
0.37798124617136,0.205448220633497,-1.03917450365756,2.32571795471989,-0.633571491077476,-1.29925020780776,-0.199166413875339
0.372239388159087,0.208282898904669,-1.01794453797878,2.34980654709382,-0.641563786195292,-1.29674132584073,-0.276850123161554
0.366370245128737,0.211073065913281,-0.996252694940295,2.37320418408643,-0.649805176675878,-1.29255597510614,-0.351825940466565
0.360374189210637,0.213819446870621,-0.974104526939074,2.39588908205458,-0.658301463114735,-1.28672851764582,-0.42400049972212
0.35425156663907,0.216522423558156,-0.951509356993505,2.41783947254552,-0.66705563430383,-1.2792837598324,-0.49330120310367
0.348002667611411,0.219181946575684,-0.928480680008856,2.43903395511896,-0.676068261772845,-1.2702390985588,-0.559670441864573
0.341627708832503,0.221797472968386,-0.905036454035742,2.45945190195549,-0.685337854648472,-1.25960660992468,-0.6230606685785
0.335126828540603,0.22436792873107,-0.88119927027252,2.47907388491329,-0.694861168838471,-1.24739505223469,-0.683430318805611
0.328500093151973,0.226891694720911,-0.856996394703592,2.49788209895569,-0.704633470002794,-1.23361176731678,-0.740740546191342
0.32174751413303,0.229366613805056,-0.832459678480056,2.5158607600952,-0.714648753618671,-1.21826447107953,-0.794952715741949
0.314869073297919,0.231790016554431,-0.807625338545764,2.53299646060161,-0.724899927926605,-1.20136292688797,-0.846026590546284
0.30786475443109,0.234158762424524,-0.782533614586444,2.54927846877951,-0.735378966902893,-1.18292049479757,-0.893919143745506
0.300734578950077,0.236469293113054,-0.75722831301529,2.56469896484267,-0.746077040871638,-1.1629555469458,-0.938583927398918
0.293478643259577,0.23871769464785,-0.73175625318955,2.57925320812109,-0.756984632155159,-1.14149273540098,-0.979970931274707
0.286097155509779,0.240899764739983,-0.706166635096337,2.59293963393896,-0.768091642458234,-1.11856409438595,-1.01802686638894
0.278590469663696,0.243011082048205,-0.680510351039137,2.60575988098063,-0.779387497655877,-1.0942099548413,-1.0526958096947
0.270959115098323,0.245047074252272,-0.654839266099656,2.61771875185719,-0.790861254444457,-1.06847964650565,-1.0839201473984
0.263203820401413,0.247003082229004,-0.629205493102613,2.62882411097494,-0.80250171203055,-1.0414319617006,-1.11164175489837
0.255325530559145,0.248874418162884,-0.603660687326846,2.63908672480069,-0.814297530744301,-1.01313535631551,-1.1358033514481
0.247325417326748,0.250656416083898,-0.578255384262589,2.64852005033332,-0.826237358223073,-0.983667867418573,-1.15634996761024
0.239204883190889,0.2523444740763,-0.553038400423759,2.65713997814362,-0.838309962645291,-0.953116733588155,-1.17323046377002
0.230965559917649,0.253934088194222,-0.528056312828454,2.66496453682897,-0.850504371425409,-0.921577713327246,-1.18639903885992
0.222609303178614,0.2554208788937,-0.503353027610108,2.67201356621256,-0.862810012831858,-0.889154108390466,-1.19581667049663
0.21413818510729,0.256800611476977,-0.47896944273973,2.6783083671157,-0.875216857196148,-0.855955511835859,-1.20145243140639
0.205554486817926,0.25806921257952,-0.454943204472102,2.68387133602836,-0.887715553785563,-0.822096314188207,-1.20328463273082
0.196860692893687,0.259222785056384,-0.431308552299994,2.68872559343004,-0.900297559066355,-0.787694014148645,-1.20130175283932
0.188059489619652,0.26025762370736,-0.408096243260743,2.6928946147811,-0.912955252033738,-0.752867391600324,-1.19550312073016
0.179153768320845,0.261170234110426,-0.385333543631352,2.69640187321207,-0.925682032557163,-0.71773460907172,-1.18589933583345
0.17014663461256,0.261957356431384,-0.363044274481663,2.69927050259863,-0.93847239928041,-0.68241131234694,-1.17251242061596
0.161041423742712,0.262615995494152,-0.341248897202352,2.7015229889732,-0.9513220044822,-0.647008800910183,-1.1553757181265
0.151841721574098,0.263143457701561,-0.319964625836275,2.7031808970908,-0.964227684362613,-0.611632334184847,-1.13453356256836
0.14255139018502,0.26353739467211,-0.299205554574364,2.70426463749913,-0.977187464360991,-0.576379630392541,-1.11004076604723
0.133174596611871,0.263795852782534,-0.278982790836261,2.70479327777453,-0.990200540206364,-0.541339602120746,-1.08196197769144
0.123715842945877,0.263917327240954,-0.259304586641026,2.70478439982717,-1.00326723633536,-0.506591357551417,-1.05037098134106
0.114179995831275,0.263900818897761,-0.240176463220033,2.70425400351308,-1.01638894399667,-0.472203480199575,-1.01535000411636
0.104572313371035,0.263745891735965,-0.221601325838472,2.70321645535997,-1.02956804175447,-0.438233584411025,-0.976989109818258
0.0948984674878288,0.263452728845637,-0.203579567465251,2.7016844801195,-1.04280780121748,-0.404728130088364,-0.935385747942512
0.0851645598622937,0.26302218463068,-0.1861091612451,2.69966919213832,-1.05611228072044,-0.371722469167256,-0.890644520942734
0.0753771296302773,0.262455830960091,-0.169185742740698,2.69718016316068,-1.06948620947935,-0.339241088872718,-0.842877219173778
0.065543151033861,0.261755994902476,-0.152802683739194,2.69422552303375,-1.08293486456555,-0.307298012961357,-0.79220315460861
0.0556700191807716,0.260925785528669,-0.136951160195975,2.69081208972449,-1.09646394303932,-0.275897321846697,-0.73874980085524
0.0457655220017313,0.259969107021987,-0.121620217748531,2.6869455248753,-1.1100794318775,-0.2450337552699,-0.682653718213586
0.0358377964738753,0.258890655033274,-0.106796839260501,2.68263051062418,-1.12378747900135,-0.214693366379873,-0.624061708890388
0.0258952673073633,0.257695892945293,-0.0924660200618083,2.67787094242238,-1.13759426977175,-0.184854202974348,-0.563132110236543
0.0159465667090893,0.256391004615191,-0.0786108578364374,2.67267013101427,-1.15150591466969,-0.155486999421497,-0.500036095571243
0.00600043468484826,0.254982820436957,-0.0652126652531615,2.66703100465493,-1.16552835529509,-0.126555870608118,-0.434958817269415
-0.00393439927075414,0.253478714416253,-0.0522511140942702,2.66095630027777,-1.17966729693333,-0.0980190063338048,-0.368100201814463
-0.0138493502947264,0.251886471550747,-0.0397044193887555,2.65444873015105,-1.193928176287,-0.0698293701268677,-0.299675199483344
-0.023736122887429,0.250214127217676,-0.0275495704893253,2.64751110922701,-1.20831617206277,-0.0419354098533215,-0.229913310262586
-0.0335868585160936,0.248469783357228,-0.015762612879861,2.64014642860894,-1.22283626357378,-0.0142817883117903,-0.159057258000423
-0.043394276141819,0.246661409633634,-0.00431897979816688,2.63235786292444,-1.23749333829918,0.0131898597889186,-0.0873607666342496
-0.0531517944120712,0.244796640865837,0.00680613304407957,2.62414870411055,-1.25229234380165,0.0405401420526746,-0.0150854976044846
-0.0628536243611792,0.242882584145041,0.0176373623974737,2.61552222082179,-1.26723847337798,0.067831096639072,0.057502679972759
-0.072494823244542,0.240925649578565,0.0281987599524603,2.6064814503856,-1.282337369466,0.0951253625610273,0.130137816849746
-0.0820713034915664,0.238931417194706,0.0385133833649932,2.59702893753634,-1.29759532532505,0.122485343928065,0.202558077405409
-0.0915797951854494,0.236904549326848,0.0486029172086208,2.58716643959855,-1.31301946465945,0.149972381502127,0.274509656626327
-0.101017765165959,0.234848753322708,0.0584873427343686,2.5768946202996,-1.32861788083425,0.177645943624858,0.345750118934172
-0.110383299947681,0.232766794536061,0.0681846704984241,2.5662127536355,-1.34439972160766,0.20556284481892,0.416050942023402
-0.119674962481457,0.230660555127643,0.0777107437987181,2.55511845563923,-1.36037521083041,0.233776495112474,0.485199156941381
-0.128891634043059,0.22853113089707,0.0870791146301133,2.54360745654163,-1.37655560413183,0.262336177651726,0.552998084983085
-0.138032352274935,0.226378956505809,0.0963009885325651,2.5316734199166,-1.3929530802145,0.291286347677662,0.619267263818083
-0.147096154988021,0.224203948994539,0.1053852308894,2.51930781006735,-1.40958057241859,0.320665943364062,0.683841718345649
-0.156081937241014,0.222005660148894,0.114338425113221,2.50649980486934,-1.42645154656789,0.350507698818651,0.746570763125746
-0.164988326931629,0.219783429608693,0.12316497255145,2.49323624882925,-1.44357973101777,0.38083745178648,0.807316526475149
-0.173813582023131,0.217536532240373,0.131867224456023,2.47950164017793,-1.46097880374558,0.411673442988703,0.865952368722048
-0.182555510805381,0.215264314886161,0.140445637535375,2.46527814609415,-1.47866203975888,0.443025610105015,0.922361336812274
-0.191211415328862,0.212966318972301,0.148898946027969,2.45054564127196,-1.49664192049107,0.474894886583242,0.97643476153642
-0.199778057326066,0.210642386525107,0.157224344601997,2.43528176663197,-1.51492970553504,0.507272523110078,1.02807106723564
-0.20825164546087,0.208292747916573,0.165417677513431,2.4194620067438,-1.53353496623788,0.540139457055197,1.07717483007589
-0.216627842513312,0.205918090203373,0.173473630273094,2.40305978627317,-1.55246508044228,0.573465761845182,1.12365609138744
-0.224901791007575,0.203519605322118,0.181385920599709,2.38604658738013,-1.57172468803223,0.607210213372661,1.16742990764669
-0.233068155735962,0.201099017748762,0.189147485744735,2.3683920914346,-1.5913151078908,0.64132001357045,1.20841609842842
-0.241121181557489,0.198658591595864,0.196750663471457,2.35006434968855,-1.61123371834825,0.67573071164039,1.24653913795824
-0.249054764719894,0.196201117560448,0.204187364170794,2.33102998868841,-1.63147330512482,0.710366360748816,1.28172812472911
-0.256862535756864,0.19372988067096,0.211449231899973,2.31125445727244,-1.65202138309772,0.745139942156208,1.31391675716186
-0.264537951758027,0.19124861040982,0.218527792611141,2.29070232300783,-1.67285950091077,0.779954079916686,1.3430432417508
-0.272074395522646,0.188761415477597,0.225414588524648,2.2693376268791,-1.69396254048633,0.814702057968314,1.3690500638051
-0.279465278822483,0.186272706166421,0.232101298480264,2.24712430588631,-1.71529802690386,0.849269138434011,1.39188355988341
-0.286704146749746,0.183787107963478,0.23857984510609,2.22402669381605,-1.73682546788775,0.883534166253338,1.41149324515872
-0.293784779942038,0.181309370548076,0.244842490676146,2.20001011058832,-1.75849574628457,0.917371431899039,1.42783086772038
-0.300701291378766,0.178844276724188,0.250881924460482,2.17504154994994,-1.78025059331229,0.950652751811994,1.44084918431688
-0.307448214442679,0.176396556003161,0.256691345072747,2.14909047348643,-1.80202217481462,0.983249715954185,1.45050047702432
-0.314020579038273,0.173970807494292,0.262264541672791,2.12212971552515,-1.82373282685899,1.01503604381413,1.45673485627349
-0.320413972754187,0.171571436465143,0.267595977799478,2.09413649807412,-1.84529498018297,1.04588998422161,1.45949842087802
-0.326624584349189,0.169202608400854,0.272680881044663,2.06509354713764,-1.86661131443265,1.07569669007646,1.45873136836
-0.332649227237434,0.166868223632613,0.277515340737558,2.03499029141108,-1.88757518192028,1.10435049609742,1.45436616710116
-0.338485341162311,0.164571914634564,0.282096414342216,2.00382411161724,-1.90807133580283,1.13175702557123,1.4463259138138
-0.344130970898775,0.162317066926407,0.286422241479991,1.97160159414694,-1.92797698833117,1.15783505074379,1.43452300381455
-0.349584721628779,0.1601068631947,0.290492162511659,1.93833972724568,-1.94716321066349,1.1825180312924,1.41885823620091
-0.35484569159951,0.157944348804865,0.294306836622917,1.90406696332316,-1.96549666674253,1.2057552570717,1.39922046048263
-0.359913383782583,0.155832515382353,0.297868352534168,1.86882405910243,-1.98284165068379,1.22751252620959,1.37548684569206
-0.364787599459117,0.153774397683367,0.301180323486891,1.83266459862994,-1.99906237158347,1.247772298926,1.34752381906131
-0.369468317884051,0.151773177657164,0.304247957199957,1.79565510497483,-2.01402540394164,1.26653328214744,1.31518868230703
-0.373955567334822,0.149832288532007,0.307078091147568,1.75787465664056,-2.0276021988595,1.28380942036178,1.27833187455693
-0.378249293819633,0.147955511027066,0.309679183815517,1.71941394521684,-2.03967153385175,1.2996282933462,1.23679981876677
-0.382349234423699,0.146147053454178,0.312061253484712,1.68037374113641,-2.05012177032854,1.31402894924497,1.19043827087907
-0.386254802667923,0.144411607514588,0.314235757416615,1.64086277242042,-2.05885278969544,1.32705922861433,1.1390960956447
-0.389964993372004,0.142754371930768,0.316215405851201,1.60099506326637,-2.06577749274995,1.33877265745854,1.08262942621968
-0.393478314458656,0.141181036529808,0.3180139067269,1.56088682041022,-2.07082277260724,1.34922500110313,1.02090622976255
-0.396792753080703,0.139697719826981,0.319645638303622,1.52065299031482,-2.07392990760989,1.35847057339469,0.95381139751536
-0.399905783598003,0.138310853389374,0.321125247878844,1.48040363521448,-2.0750543654361,1.36655838685077,0.88125259901196
-0.402814425431168,0.137027006256407,0.322467175772859,1.44024028869312,-2.07416506005074,1.37352821168458,0.803167272784907
-0.405515359674391,0.13585264266979,0.323685105367962,1.40025245243152,-2.07124315581168,1.37940659108113,0.719531247130836
-0.40800511425706,0.134793806927054,0.324791343383779,1.360514388781,-2.06628056389128,1.3842028458091,0.630369556816485
-0.410280327612635,0.133855731470698,0.325796141499792,1.32108235533548,-2.0592783200733,1.38790510474239,0.535769987545844
-0.412338098781023,0.133042370134614,0.32670698307648,1.28199242540788,-2.05024506282989,1.3904764315595,0.43589965729993
-0.414176425435282,0.132355870039421,0.327527879119866,1.24325904875521,-2.03919583614365,1.39185119201265,0.331024430440569
-0.415794717851651,0.131796014987334,0.328258746301873,1.20487453128891,-2.02615140910669,1.39193192286116,0.221530065574493
-0.417194354370071,0.131359700550663,0.328894973354697,1.1668096416406,-2.01113821924728,1.3905871076583,0.107942715515908
-0.41837921338614,0.131040532128911,0.329427310137271,1.12901556207884,-1.99418890163345,1.38765039355288,-0.00905507154647961
-0.419356085286871,0.130828660811615,0.329842217531134,1.09142735298369,-1.97534317655807,1.38292182553284,-0.128617829074575
-0.420134849530359,0.130710970052023,0.330122773777351,1.0539689548148,-1.95464868851545,1.37617155088619,-0.249745066627425
-0.420728315929608,0.130671681595162,0.330250131527107,1.01655949841798,-1.93216130717087,1.36714612281778,-0.371306532809363
-0.421151686794096,0.130693359161788,0.330205375602874,0.979120382591733,-1.90794450153199,1.35557707989321,-0.492083799687832
-0.421421688623473,0.130758177370635,0.329971495549764,0.941582319002629,-1.8820676919592,1.34119108370759,-0.610822313697873
-0.421555514645429,0.130849237876866,0.329535125431969,0.903891463506121,-1.85460386327169,1.32372076825545,-0.726284611113148
-0.421569770649356,0.130951697089762,0.328887753609862,0.866013905466266,-1.8256270040975,1.30291566618565,-0.837295152529106
-0.421479603787462,0.131053528431614,0.328026246520432,0.827938114187716,-1.79520998609349,1.27855299446685,-0.942770350362922
-0.421298129007227,0.131145845524872,0.32695269660915,0.789675308777545,-1.76342331352933,1.25044844354393,-1.04173220029081
-0.421036185241856,0.131222813617754,0.325673729564786,0.751258000855063,-1.73033488223014,1.21846720592761,-1.13330825730802
-0.420702386404976,0.131281241809691,0.324199460757254,0.712737108519407,-1.69601063256459,1.18253524960996,-1.21672310322428
-0.420303395467751,0.131319971641469,0.322542285752209,0.674178076878859,-1.66051584599246,1.14265038613842,-1.29128678753572
-0.419844340367336,0.131339170821941,0.320715654003342,0.635656417629938,-1.62391681863383,1.09889216914114,-1.35638466006217
-0.419329296871981,0.131339621355186,0.318732934211976,0.59725304140607,-1.58628269827781,1.05142924972789,-1.41147136942193
-0.418761775352595,0.131322070995053,0.316606447400119,0.559049721028881,-1.5476873336961,1.00052263513541,-1.45607014747928
-0.418145160275724,0.131286699881106,0.314346720416163,0.521124989058075,-1.50821101471442,0.946523421724509,-1.48977710648601
-0.417483062649668,0.13123273876181,0.311961992763352,0.483550726417743,-1.4679419640172,0.88986402524242,-1.51226922516538
-0.416779558740641,0.131158257717978,0.309457986948217,0.446389628415997,-1.42697739135356,0.831042675166121,-1.52331401063677
-0.416039305042612,0.131060122567054,0.306837924228674,0.409693637043542,-1.38542387234555,0.770601880576484,-1.52277851433694
-0.41526753925701,0.130934091665863,0.304102736620038,0.373503313478583,-1.34339680717716,0.709102557555245,-1.51063547700542
-0.414469996347242,0.130775004001228,0.301251400141427,0.337848012840123,-1.3010187749493,0.647096330802447,-1.48696487829311
-0.413652782120228,0.130576997313892,0.298281302813119,0.302746639624259,-1.25841672534315,0.585098972954712,-1.45195000343932
-0.412822249552618,0.130333697667683,0.295188569654439,0.268208727082535,-1.21571810926066,0.523567867236637,-1.40586816539999
-0.411984913910232,0.130038339501493,0.291968294656325,0.234235603595991,-1.17304619770786,0.462885745725666,-1.34907723175045
-0.411147424629763,0.129683802422539,0.288614668147506,0.200821473789369,-1.13051493256256,0.40335190763429,-1.28199989771877
-0.410316590903454,0.129262579378447,0.285121025562865,0.167954329392916,-1.08822367566648,0.34518093228694,-1.20510808046108
-0.40949943999754,0.128766712751879,0.28147987064691,0.135616689405707,-1.04625218181825,0.288507871404827,-1.11890984933767
-0.408703276236978,0.128187746464979,0.277682938247656,0.10378623174896,-1.00465604274707,0.23339825054117,-1.02394101274189
-0.407935704824205,0.127516743714145,0.27372136026233,0.0724364106759798,-0.963462764604596,0.179860994923095,-0.920762960257767
-0.407204586536479,0.126744414354765,0.269585987057955,0.0415371564367821,-0.922668578584836,0.127862544001653,-0.809967694249164
-0.406517894792385,0.125861386028094,0.26526789926879,0.0110557314425118,-0.882236062645585,0.0773407752419416,-0.692190187096223
-0.405883454810969,0.124858639509529,0.260759121610421,-0.0190422243341839,-0.842092682367307,0.0282177570102326,-0.56812719180425
-0.405308556934629,0.123728109182531,0.25605351806963,-0.0487914836434076,-0.802130438878285,-0.0195893259084497,-0.438560300491158
-0.404799455627855,0.122463419926972,0.251147802202,-0.0782259532765712,-0.7622069200747,-0.0661595291677062,-0.304379365059691
-0.404360794680194,0.121060689624444,0.246042537296095,-0.107377494834157,-0.722148138153183,-0.111562131390604,-0.166600633587889
-0.403995035809133,0.119519276735675,0.240742940647013,-0.136275065140021,-0.68175352337625,-0.155853464110528,-0.026372841814888
-0.403702001683714,0.117842312111382,0.235259272286866,-0.164944390054741,-0.640803249768329,-0.19907655590537,0.11503485811188
-0.403478656149669,0.116036851024997,0.229606618467662,-0.193408288867838,-0.599067667671346,-0.241263106481555,0.256265936909106
-0.403319214963622,0.114113538981953,0.223803995730914,-0.221687586042096,-0.556318104706023,-0.282436750830297,0.395927591493324
-0.403215606806585,0.112085799797197,0.217872879230072,-0.249802349004912,-0.512337883790962,-0.322616168353483,0.532650964024757
-0.403158210993527,0.109968685306921,0.211835426863117,-0.277773075620072,-0.466932315203737,-0.361816609797851,0.665148192813585
-0.403136726563642,0.107777613154967,0.205712747980087,-0.305621488669206,-0.419936716455443,-0.400048926908312,0.792255323510098
-0.403141008662334,0.105527224734521,0.199523519852487,-0.333370754538848,-0.371222050406557,-0.437315982310143,0.912955326955648
-0.403161742903979,0.103230528597468,0.19328312344103,-0.361045137198172,-0.320698291733941,-0.473607046672332,1.02638174737577
-0.403190891028168,0.100898398128895,0.187003323794258,-0.388669236026454,-0.268315944157306,-0.508891222284796,1.13180802784569
-0.40322190122898,0.0985394089777821,0.180692415546216,-0.416267002098738,-0.214066199369734,-0.543111044256712,1.22862917480462
-0.403249716378449,0.0961599524523459,0.174355707115417,-0.443860701904533,-0.157980132821801,-0.576177316303215,1.31634165128914
-0.403270630871542,0.0937645442798393,0.167996214951406,-0.471469941264402,-0.100127178420689,-0.607966057215179,1.39452545643348
-0.403282048638824,0.0913562516920404,0.161615458985376,-0.499110808663116,-0.040612988363563,-0.638318221034563,1.46283031527139
-0.403282188928786,0.0889371738077572,0.155214274999499,-0.52679516163286,0.0204233050129936,-0.667042603505737,1.52096633441806
-0.403269778137424,0.0865089235838024,0.148793580769512,-0.554530063120555,0.0828124526781595,-0.69392203745304,1.56869852503923
-0.403243757655111,0.0840730716108101,0.142355049244298,-0.582317370912041,0.146359116525454,-0.718722610582495,1.6058441758534
-0.403203029925968,0.0816315227051898,0.135901655435938,-0.610153484945596,0.21084658945908,-0.741205249136306,1.63227201592178
-0.403146257548474,0.0791868062054542,0.129438075998975,-0.638029259413297,0.276042206968005,-0.761138666803218,1.64790227671616
-0.403071723281826,0.0767422703279088,0.122970932399921,-0.665930086455345,0.341703399316443,-0.778312451305089,1.65270701314873
-0.40297725256712,0.0743021794781006,0.116508879607211,-0.693836155985485,0.40758426113591,-0.792549001128136,1.64671028545919
-0.402860195074249,0.0718717203747161,0.110062551279005,-0.721722893096613,0.473442424758588,-0.803713147030517,1.62998799562937
-0.40271745816455,0.0694569277097137,0.103644378594564,-0.749561572097986,0.539045929060734,-0.811718577393871,1.60266730985846
-0.402545583039183,0.0670645427668335,0.0972683029299372,-0.777320105348573,0.604179699070991,-0.81653058693109,1.56492570403139
-0.402340853467184,0.0647018193017141,0.0909494029635469,-0.804964005558224,0.668651217211993,-0.818165122169795,1.51698977194825
-0.402099426964919,0.0623762906140334,0.0847034553140132,-0.832457521365256,0.732294992000051,-0.816684534687702,1.45913406012756
-0.401817478778281,0.060095510637891,0.0785464452356704,-0.85976494686581,0.794975517450705,-0.812190806956605,1.3916803453181
-0.401491349769996,0.0578667804000256,0.0724940407837228,-0.886852105662958,0.856588553161422,-0.804817233235186,1.31499793505388
-0.401117690181113,0.0556968696200887,0.0665610406806058,-0.913688008307666,0.917060715736272,-0.794719593477487,1.22950570430842
-0.400693592006713,0.053591741954263,0.0607608036117936,-0.940246677657342,0.976347528140215,-0.782067758765548,1.135676612239
-0.400216703036292,0.0515562921244085,0.0551046662317625,-0.966509127439572,1.03443020206083,-0.767038447311655,1.03404527951241
-0.399685314995,0.0495941049194151,0.0496013608614421,-0.992465461258741,1.09131151879032,-0.749809559184408,0.925218746630508
-0.399098416390835,0.0477072507001398,0.0442564540597054,-1.01811702718422,1.14701122759413,-0.730556201881279,0.809889695356292
-0.398455697955761,0.0458961396486429,0.0390718453645126,-1.04347851245502,1.20156140290653,-0.709448213787094,0.688850198493034
-0.397757496382798,0.0441594658307222,0.0340453899579002,-1.06857979474511,1.25500219309066,-0.686648729590294,0.563002646631141
-0.397004663023722,0.0424942778789139,0.0291707328873216,-1.09346729420021,1.30737833998244,-0.662313151680224,0.433363341510183
-0.396198351376983,0.0408962093136961,0.0244374525201873,-1.11820452493117,1.35873672515513,-0.636587853842438,0.301054073240084
-0.395339732084128,0.0393598823788247,0.0198315909831605,-1.14287156954816,1.40912499141631,-0.609608108991119,0.167278544674079
-0.394429664265126,0.0378794644793927,0.0153365900885223,-1.16756333039065,1.45859102539892,-0.581495111894989,0.0332839453528506
-0.39346836997212,0.0364493151736946,0.0109345620170778,-1.1923866387499,1.50718285712589,-0.55235246569347,-0.0996876013147733
-0.392455165043195,0.0350646312527968,0.00660773610397066,-1.21745656000911,1.55494844768767,-0.522262920894084,-0.230449470556132
-0.39138828956677,0.0337219932021802,0.00233987551228899,-1.24289241360019,1.60193495656915,-0.491286299814585,-0.357913786752471
-0.390264857918124,0.0324197413167203,-0.00188252770821648,-1.26881405382972,1.64818735620872,-0.459459343258715,-0.481120782979995
-0.389080922053018,0.0311581520409473,-0.00606940375664591,-1.29533883011337,1.69374655945076,-0.426797793285651,-0.599251830154626
-0.387831622700413,0.0299394262579225,-0.0102266412514283,-1.32257943390477,1.73864741737129,-0.393300579722478,-0.711627854310769
-0.386511395967151,0.0287675276492334,-0.0143559764955499,-1.3506426348478,1.78291698021542,-0.358955665331552,-0.81769741886004
-0.385114206010987,0.0276479175852977,-0.0184551650622446,-1.37962876926419,1.82657332410547,-0.32374696653836,-0.917019377273268
-0.383633782979187,0.026587227973683,-0.0225183566046032,-1.40963178209509,1.86962509806807,-0.287661755004723,-1.00924424678522
-0.38206385466276,0.0255929023802084,-0.0265366046665444,-1.44073961931075,1.91207179850033,-0.250697987854718,-1.09409711008187
-0.380398367447905,0.0246728244362487,-0.0304984611863411,-1.47303479315216,1.95390466373243,-0.212871062722297,-1.17136352131723
-0.378631696169114,0.02383494426747,-0.0343906219824311,-1.50659497480799,1.99510800978578,-0.174219536146954,-1.24087886585707
-0.376758843547448,0.0230869093959648,-0.0381986008514708,-1.54149349607464,2.03566079811655,-0.134809393750766,-1.30252095663094
-0.374775628711018,0.022435705910891,-0.0419074152559885,-1.577799659934,2.07553823154392,-0.0947365389444242,-1.35620528683061
-0.372678861681329,0.0218873176625494,-0.0455022670172357,-1.61557877228669,2.11471320903965,-0.0541272867977327,-1.40188221368805
-0.370466497529872,0.0214464145610208,-0.0489691988534573,-1.6548918186244,2.15315752560694,-0.0131368086958105,-1.43953534716052
-0.368137760990978,0.0211160844828405,-0.0522957040836576,-1.69579472619926,2.19084277012195,0.0280543469262389,-1.46918050622434
-0.365693230387686,0.020897625685374,-0.0554712641521913,-1.73833717919176,2.22774094015664,0.0692453603907373,-1.49086474498404
-0.363134869331616,0.0207904171709236,-0.0584877880415892,-1.78256099402436,2.26382484692011,0.110221439887285,-1.50466511098281
-0.360465996081902,0.0207918826944335,-0.0613399296262763,-1.82849811351402,2.29906841646112,0.150760801104087,-1.51068695543958
-0.357691183690811,0.0208975600346504,-0.0640252634104883,-1.87616833754688,2.33344700061435,0.190641798031114,-1.50906175288833
-0.354816088857852,0.0211012810441891,-0.0665443052991706,-1.92557696669519,2.36693779384479,0.229649715699302,-1.49994449692631
-0.351847213288052,0.0213954603710466,-0.0689003723887098,-1.97671258392977,2.39952041631514,0.267582817851954,-1.48351081810349
-0.348791607689195,0.0217714822399177,-0.0710992837284325,-2.02954522829361,2.43117767885772,0.304257349979024,-1.45995402318473
-0.345656534645428,0.0222201660148378,-0.0731489123767258,-2.08402521495126,2.46189650290776,0.339511315958994,-1.42948228752444
-0.342449111731903,0.0227322832330774,-0.0750586078529683,-2.14008282419426,2.49166893728884,0.373206963674386,-1.39231624808114
-0.339175959677256,0.0232990922758361,-0.0768385172611262,-2.197629018868,2.52049319998552,0.405232023412817,-1.34868724469606
-0.335842881547096,0.0239128527245404,-0.0784988426528975,-2.25655726192811,2.54837467791917,0.435499836181625,-1.29883644012916
-0.332454597448028,0.0245672805614117,-0.0800490808448721,-2.31674640441949,2.57532683766552,0.463948581276151,-1.2430150123887
-0.32901455509402,0.0252579082908233,-0.0814972985986077,-2.37806451208465,2.60137202765407,0.490539858116057,-1.18148555387583
-0.325524830057586,0.0259823209645345,-0.0828494991123755,-2.44037340830338,2.62654217845522,0.515256892541666,-1.1145247293945
-0.321986121319615,0.026740249636972,-0.0841091334456725,-2.50353364151246,2.65087942355424,0.538102621126102,-1.04242713810338
-0.318397838773622,0.0275335170136926,-0.085276801632566,-2.56740954221874,2.67443666244805,0.5590978607005,-0.965510191845949
-0.314758270712793,0.0283658444969581,-0.0863501727916679,-2.63187402035451,2.69727806915075,0.578279699866121,-0.884119663866489
-0.311064812093287,0.0292425436141571,-0.0873241329468944,-2.69681276781464,2.71947951543369,0.595700163631395,-0.798635382756723
-0.307314229404847,0.0301701260043258,-0.0881911463697016,-2.76212757184216,2.74112883737105,0.611425112902749,-0.709476363863986
-0.303502935833605,0.0311558731319458,-0.0889417946168368,-2.82773850931053,2.76232583768375,0.62553326059158,-0.617104521082349
-0.299627251182595,0.0322074087961836,-0.0895654403665831,-2.8935848746034,2.78318189807493,0.638115129421561,-0.522026043906711
-0.295683624408085,0.0333323143024494,-0.0900509527600521,-2.95962478679602,2.80381908645287,0.649271755656709,-0.424789626099766
-0.29166880202968,0.0345378186329756,-0.0903874278740381,-3.02583351518463,2.82436868897439,0.659112966032515,-0.325981044433032
-0.28757993240381,0.0358305852559816,-0.0905648418770581,-3.09220064578909,2.84496917203719,0.667755121982782,-0.226214105118243
-0.283414603342836,0.0372166044833726,-0.0905745849303521,-3.15872627785412,2.86576366974022,0.675318324308666,-0.126118615192335
-0.279170818367039,0.038701186472449,-0.0904098408286736,-3.22541648590455,2.88689717511152,0.681923180327524,-0.0263266333783425
-0.274846924506584,0.0402890360503741,-0.0900658002049519,-3.29227831156843,2.90851366526971,0.687687326621349,0.0725413760169363
-0.270441511299582,0.0419843779283767,-0.0895397217329292,-3.35931456463942,2.93075339677285,0.692721950569031,0.169888849712514
-0.265953305461035,0.0437910915466751,-0.0888308817076776,-3.426518718601,2.95375056711997,0.697128553153054,0.26515260663042
-0.261381087562304,0.0457128109600087,-0.0879404715157314,-3.49387018333867,2.97763146470313,0.700996150880064,0.357808813968198
-0.256723655204342,0.0477529485286904,-0.0868715089395411,-3.56133022561105,3.00251314258519,0.70439904482479,0.447375404709685
-0.251979851461057,0.0499146121369862,-0.0856288197208982,-3.62883878354968,3.02850257052692,0.707395211582296,0.533411456192524
-0.247148668428312,0.0522004029730689,-0.0842191213236628,-3.69631238348594,3.05569615787022,0.71002531116821,0.61551436771779
-0.242229424784291,0.054612101812003,-0.0826512067685354,-3.76364331643722,3.08417950344732,0.712312269280105,0.693315772831692
-0.237222004942814,0.0571502725850524,-0.0809361911436096,-3.83070017036813,3.11402721888503,0.714261377242559,0.766477035649364
-0.232127137279676,0.0598138290911293,-0.079087755861829,-3.89732974633945,3.1453026869454,0.71586085934851,0.834684983891528
-0.226946681402509,0.0625996210783527,-0.0771223127904947,-3.96336031435515,3.17805765347031,0.717082878724807,0.897648294356653
-0.221683890485794,0.065502097974022,-0.075059014890295,-4.02860608880675,3.21233160470691,0.717884982090976,0.955094720637064
-0.216343614837313,0.0685131021057769,-0.072919560373097,-4.09287272375785,3.24815094374018,0.718212011909949,1.00676916760938
-0.210932417215609,0.0716218294527418,-0.070727768479738,-4.15596354659342,3.2855280411931,0.717998531315133,1.05243248517569
-0.205458578669215,0.0748149768663067,-0.0685089398982993,-4.21768617129068,3.32446028662671,0.717171803250862,1.09186077722892
-0.199931985019885,0.0780770730078628,-0.0662890468015888,-4.27785907235379,3.36492929993885,0.715655334112415,1.12484499829286
-0.194363897222033,0.0813909689949831,-0.0640938211702071,-4.33631767395627,3.40690047142657,0.713372933301115,1.15119063465993
-0.188766621881227,0.0847384469321827,-0.0619478223769036,-4.39291953134194,3.45032298420703,0.7102531602386,1.1707173313907
-0.183153109189954,0.088100892636901,-0.0598735652233338,-4.44754826018452,3.49513043694558,0.706233942754934,1.18325841967969
-0.177536512686123,0.0914599744481332,-0.0578907792182293,-4.50011599838418,3.54124213525293,0.701267072293227,1.18866040516988
-0.171929747551462,0.0947982731180863,-0.0560158520163725,-4.55056434415968,3.58856506507719,0.695322228550101,1.18678257886901
-0.166345081668674,0.0980998171008388,-0.0542614886288374,-4.598863876149,3.63699650854666,0.688390171152036,1.17749699196115
-0.160793787361249,0.101350490695319,-0.052636597230296,-4.64501249708072,3.68642721710581,0.68048476412827,1.16068908350575
-0.155285873286521,0.104538296757096,-0.0511463951708663,-4.68903293162283,3.73674502031096,0.671643568399768,1.13625926436467
-0.14982990708882,0.10765346872476,-0.0497927167435866,-4.73096974277683,3.78783872053188,0.661926840219477,1.10412574992664
-0.1444329315415,0.110688437047781,-0.0485744974346058,-4.77088621349518,3.83960210194626,0.65141489708309,1.06422891360629
-0.139100470795954,0.113637662323204,-0.0474884066439511,-4.80886138349558,3.89193786474474,0.640203942221651,1.01653741955586
-0.133836619145002,0.116497352014253,-0.0465296003327476,-4.84498745127262,3.94476128179895,0.628400558900188,0.961056397229688
-0.128644202005345,0.119265080603782,-0.0456925645811942,-4.87936766238196,3.99800336629114,0.616115182467993,0.89783793735791
-0.123524996900891,0.121939335794153,-0.0449720185119262,-4.91211471709484,4.05161333763799,0.603454921948547,0.826994187557031
-0.11848000020376,0.124519017300903,-0.0443638385286927,-4.94334964812838,4.10556018361936,0.590516132061376,0.748713240651026
-0.113509722407391,0.127002921057117,-0.0438659538726114,-4.97320104288157,4.15983314493808,0.577377139041456,0.663277738140451
-0.108614490188778,0.129389250720898,-0.0434791457466902,-5.00180441390051,4.2144410029282,0.564091517025386,0.571085534414363
-0.103794727586759,0.131675209272273,-0.0432076608278803,-5.02930145928554,4.26941014214483,0.550682317572065,0.472670796800045
-0.0990511827066773,0.133856732714025,-0.043059531449673,-5.05583891378145,4.32478149489297,0.5371376866035,0.368722599638788
-0.0943850636876152,0.135928428813912,-0.0430464914784525,-5.08156669627567,4.38060664882174,0.523408350211542,0.260096722774133
-0.0897980529262065,0.137883767802824,-0.0431834051718104,-5.1066351431248,4.43694357773559,0.509407467186447,0.14781564671495
-0.0852921857896703,0.139715532804001,-0.0434871980784127,-5.1311913011348,4.49385257087514,0.495013258132568,0.0330525053504152
-0.0808696088658457,0.14141647897359,-0.0439753886783945,-5.15537452100507,4.55139290368197,0.480074568553156,-0.082902434716854
-0.0765322652026087,0.142980089766567,-0.0446644343529307,-5.17931186405624,4.60962057031416,0.464419121200503,-0.198689777432849
-0.0722815760630395,0.144401283691712,-0.045568174426292,-5.20311399593054,4.66858703906465,0.447863783020346,-0.312936109254813
-0.0681181885085373,0.145676935939047,-0.0466966367019797,-5.22687220198005,4.72833864574195,0.430225892078509,-0.424306637467966
-0.0640418345694431,0.146806134200736,-0.0480553738797966,-5.25065692500001,4.78891606575921,0.41133467595665,-0.531546932624714
-0.0600513123344687,0.147790161606611,-0.0496453578104832,-5.27451789863202,4.8503533648617,0.391042011272504,-0.633509236075632
-0.0561445680982975,0.148632260535271,-0.0514633411179801,-5.2984856607865,4.91267635519823,0.369232066369691,-0.729163418551456
-0.0523188423636211,0.149337260588517,-0.0535025332761609,-5.32257406419893,4.97590024938085,0.345829568257445,-0.817596116993471
-0.0485708419619153,0.149911152661956,-0.0557534329941793,-5.34678336311717,5.04002680845614,0.320806463415876,-0.898002985865024
-0.0448969101151436,0.150360671064461,-0.0582046895876556,-5.37110350364341,5.10504128573795,0.294186634294494,-0.969678638683144
-0.0412931788679142,0.150692920558962,-0.0608439086315494,-5.39551732984174,5.17090949462179,0.266048191735453,-1.03200751476864
-0.0377556990872793,0.150915063694276,-0.063658355747983,-5.4200035049395,5.23757530919234,0.236522800934125,-1.0844573370038
-0.0342805501009051,0.151034069044385,-0.0666355409082294,-5.444539023838,5.30495886865942,0.205791595352317,-1.12657549539231
-0.0308639339339498,0.15105651270915,-0.0697636843279442,-5.46910125893138,5.37295571315407,0.174077515069384,-1.15798778914543
-0.0275022587887535,0.150988422205626,-0.0730320761457541,-5.49366953801217,5.44143703122805,0.141634338753775,-1.17839850386928
-0.0241922138254369,0.150835152358577,-0.0764313474025713,-5.51822630048753,5.51025114597028,0.108733175284179,-1.18759072398998
-0.0209308332685355,0.150601286137659,-0.079953670101921,-5.54275791267644,5.57922630439056,0.0756476263078545,-1.18542598616481
-0.0177155430968033,0.150290559029996,-0.0835928994510888,-5.5672552399048,5.64817476319721,0.0426391119568852,-1.1718427632714
-0.0145441787704902,0.149905812831696,-0.0873446621467875,-5.59171406959153,5.71689808562051,0.00994389168761823,-1.14685373617904
-0.011414958374642,0.149448992680961,-0.0912063820687343,-5.61613545656935,5.78519348344616,-0.0222369073079568,-1.1105422894361
-0.00832639302797755,0.14892120835141,-0.0951772212650007,-5.64052602473891,5.85286096325661,-0.0537433741642054,-1.06305911406569
-0.00527711624102349,0.148322885713953,-0.0992579025004044,-5.66489821572766,5.91971097521099,-0.0844586792337754,-1.00462019787287
-0.00226561688197523,0.147654035366187,-0.103450372683468,-5.68927043373897,5.98557222592208,-0.114306932797518,-0.935507819325671
0.000710132643405457,0.146914661337997,-0.107757266622961,-5.71366700286749,6.05029931031665,-0.143247684981442,-0.856076396067756
0.00365314932513116,0.146105321901905,-0.112181140302344,-5.73811783368638,6.11377983877267,-0.171267976174387,-0.766765062022865
0.00656799102738013,0.145227834404131,-0.116723465925418,-5.76265769506017,6.17594076996092,-0.198372935874442,-0.668118427574271
0.00946133623795624,0.144286083190572,-0.121383423284266,-5.78732501401003,6.23675367592469,-0.224575900338591,-0.560815746792668
0.0123425048485435,0.143286841144285,-0.126156590241434,-5.81216019621349,6.29623862369741,-0.249888964010074,-0.445706246495838
0.0152237918135031,0.142240453764389,-0.131033729875283,-5.83720358823486,6.35446622749428,-0.274314868121009,-0.323844479380193
0.0181204575970986,0.141161177437941,-0.13599997338554,-5.86249338672994,6.41155722672848,-0.297841156441535,-0.196514915780342
0.0210502347629019,0.140066949475984,-0.141034751770119,-5.88806398549997,6.46767879141253,-0.320437466761964,-0.0652317758868863
0.0240322999849413,0.138978446784018,-0.14611275443998,-5.91394531740766,6.52303685886916,-0.342056470213396,0.0682981650522622
0.0270858245058732,0.137917483581634,-0.151205937590594,-5.94016356042864,6.57786436255144,-0.362638207481428,0.202252817135628
0.0302283913107053,0.136905047066904,-0.156286231537555,-5.96674312236201,6.63240619215909,-0.382116611326612,0.334800347597125
0.0334746497678438,0.135959437549617,-0.161328297709375,-5.9937093034069,6.68690272508017,-0.400426375281999,0.464208891099482
0.0368355026896659,0.13509495039656,-0.166311658580852,-6.0210907771825,6.74157422908641,-0.417508475268692,0.588934314330821
0.0403179265584767,0.134321323769791,-0.171221788820646,-6.04892118507159,6.7966080818373,-0.433313496003479,0.707669985350146
0.0439253276360285,0.133643912419055,-0.176050137680667,-6.07723956432856,6.85214983688176,-0.447802902888895,0.819357484188507
0.0476582274767319,0.133064370241887,-0.180793340552742,-6.106089743321,6.90829821861043,-0.460948999476115,0.923168448810674
0.0515150653195476,0.132581578133254,-0.185451981071111,-6.13551905392763,6.96510353187331,-0.47273437916668,1.01847148108942
0.055492960030853,0.132192600468732,-0.190029223143353,-6.16557672677011,7.0225687826319,-0.483151408881087,1.10479585043168
0.0595883425419378,0.131893532554488,-0.194529530040573,-6.19631224151404,7.08065287069136,-0.492201934549328,1.18179919570543
0.0637974240709737,0.131680171943562,-0.198957588388496,-6.22777379035219,7.13927535449039,-0.499897138255224,1.24924220504986
0.0681164997847112,0.131548495002917,-0.203317483470281,-6.26000692300541,7.19832239285993,-0.506257353227284,1.3069704136756
0.072542106224426,0.131494948711839,-0.207612128535602,-6.29305338520607,7.25765351009071,-0.511311636230268,1.35490180419704
0.0770710599306071,0.131516583164009,-0.211842926030382,-6.32695013253247,7.31710882683565,-0.515096965001937,1.39301842710719
0.0817004086227725,0.131611058259791,-0.216009624702556,-6.36172848811231,7.37651638444386,-0.517657029334135,1.42136036650836
0.0864273272059629,0.131776561710343,-0.220110328728712,-6.39741340968433,7.43569919362125,-0.519040685078619,1.44002075066769
0.0912489895621073,0.132011675928427,-0.224141611580789,-6.43402283590251,7.49448167494835,-0.519300218320334,1.44914095289252
0.0961624437947037,0.132315228997531,-0.228098687992977,-6.47156709268669,7.55269522844904,-0.518489610139461,1.44890553507667
0.10116451361048,0.132686159965144,-0.231975601984875,-6.51004835727696,7.610182760444,-0.516662997703705,1.43953680271765
0.106251742345203,0.133123421746482,-0.235765396896083,-6.54946019902563,7.66680209176701,-0.513873498838789,1.42128905499225
0.111420389438685,0.133625936771848,-0.239460243700118,-6.58978723925095,7.7224282567116,-0.510172513609454,1.39444274018822
0.116666482599794,0.134192612068355,-0.243051515106036,-6.63100499408736,7.7769547666913,-0.505609549691644,1.35929879062143
0.121985922981335,0.134822412509676,-0.246529803791554,-6.67307998022229,7.8302939529516,-0.500232551350136,1.31617343820536
0.127374635673401,0.135514483999908,-0.249884892547177,-6.71597017009159,7.88237652075291,-0.494088656458491,1.26539382203973
0.132828753754854,0.136268312582181,-0.253105691627513,-6.75962587795366,7.93315044865732,-0.487225270709313,1.2072947037105
0.138344820889337,0.137083900847206,-0.256180164137217,-6.80399114028405,7.98257935746307,-0.479691336476076,1.14221660682113
0.143919994836855,0.137961939423716,-0.259095264061845,-6.84900562391736,8.03064045998835,-0.47153868368498,1.07050569036152
0.14955223215911,0.138903948668617,-0.261836913907716,-6.89460705572788,8.07732219003415,-0.462823374809875,0.992515641824961
0.155240432869631,0.139912364029799,-0.264390049999205,-6.94073412189057,8.12262159975239,-0.453606986188475,0.908611822229604
0.16098452309299,0.140990538310961,-0.266738763079205,-6.98732973666315,8.166541611502,-0.443957793249032,0.819177793215464
0.166785454506107,0.142142635968451,-0.268866559210933,-7.03434453329555,8.20908821447016,-0.433951839476962,0.724624182488256
0.172645102291837,0.143373399727255,-0.270756759725953,-7.08174038494079,8.25026770836452,-0.423673862719021,0.625399571128578
0.178566049635475,0.144687779586596,-0.27239304726957,-7.12949372195473,8.29008411523126,-0.413218026802293,0.522002693642885
0.184551257549025,0.146090429961359,-0.273760146045268,-7.17759837440197,8.32853690176927,-0.402688366306132,0.414994733864708
0.190603634613673,0.147585102672553,-0.274844597431019,-7.22606763805752,8.36561916962951,-0.392198809734776,0.305009938091499
0.19672554127861,0.149173990083314,-0.275635559290303,-7.27493524720668,8.40131646636686,-0.3818726208657,0.192762299192895
0.202918284397669,0.150857098861912,-0.276125525149805,-7.32425495340371,8.43560632928243,-0.371841113442496,0.0790459297876447
0.209181673605067,0.152631751993601,-0.276310839572095,-7.37409847519494,8.46845858883861,-0.362241569187745,-0.0352727954990046
0.215513714178812,0.154492314571481,-0.276191892217193,-7.42455171329132,8.49983633555981,-0.353214422247502,-0.149272041293417
0.2219104953137,0.156430210831393,-0.275772914126756,-7.47570931362808,8.52969732681163,-0.344899932358589,-0.261999162218471
0.228366298626553,0.158434248409483,-0.27506137159469,-7.52766787455876,8.55799552742018,-0.337434694838166,-0.372500216331143
0.234873908142379,0.160491204918915,-0.274067035647095,-7.58051828046914,8.58468248368203,-0.330948367650403,-0.479850091876602
0.241425064389987,0.16258658209957,-0.272800870062266,-7.63433775108371,8.60970833154994,-0.325560909646225,-0.58317891378921
0.248010984251981,0.1647054103954,-0.271273905582725,-7.68918220165478,8.63302239908664,-0.321380450365736,-0.681691534005557
0.254622869171997,0.166832995611975,-0.269496248274789,-7.74507943196425,8.65457351740552,-0.318501721715614,-0.774678775610962
0.261252341990558,0.168955529901809,-0.2674763203407,-7.80202354570425,8.67431024946373,-0.317004847400246,-0.861520966330417
0.267891776811054,0.171060526294235,-0.265220374936744,-7.85997088989596,8.69218126250964,-0.316954245546803,-0.941685589872655
0.274534507749812,0.17313706656042,-0.262732281525058,-7.91883771917623,8.70813602223189,-0.318397449592414,-1.01472139993872
0.281174916798076,0.175175870931255,-0.260013553117753,-7.97849972986644,8.72212590615575,-0.321363760462205,-1.0802512034127
0.287808408680854,0.177169206475538,-0.257063579455081,-8.03879355609175,8.73410575002296,-0.325862770795462,-1.13796499834256
0.294431284525006,0.179110653782173,-0.253880033067335,-8.09952025463068,8.74403577103461,-0.331882918192507,-1.18761450834546
0.301040529559799,0.180994754094159,-0.250459419793507,-8.1604507132658,8.75188376045952,-0.33939030929228,-1.22900955701406
0.307633534821334,0.182816564260728,-0.246797745444707,-8.22133279662429,8.75762740193687,-0.348328099237121,-1.26201624897869
0.314207778849713,0.184571154982385,-0.242891263435632,-8.28189990218808,8.76125654588148,-0.358616706299367,-1.286556582562
0.320760500943963,0.186253096457588,-0.238737255822352,-8.34188045478506,8.76277525280831,-0.370155086730286,-1.30260890144277
0.327288400174307,0.187855980933565,-0.234334786834957,-8.40100774439445,8.76220341215421,-0.382823191625499,-1.31020848716184
0.333787391897343,0.189372030260205,-0.229685359629571,-8.45902943615222,8.75957775504353,-0.396485584214474,-1.30944759533841
0.340252445233284,0.19079182659689,-0.224793408685452,-8.51571607664183,8.75495211601908,-0.410996031474271,-1.30047434325196
0.346677512058999,0.192104186985709,-0.219666574138132,-8.57086800025401,8.74839686178309,-0.426202728147637,-1.28349005408443
0.353055543460576,0.193296181323373,-0.21431572840998,-8.62432020004817,8.73999748815596,-0.441953699094883,-1.25874492579668
0.359378576884905,0.194353273488282,-0.208754754355055,-8.67594494631119,8.72985247583728,-0.458101886679602,-1.22653217511103
0.36563786940176,0.195259551655429,-0.203000100953592,-8.7256521750158,8.71807057369699,-0.474509475640497,-1.18718105612986
0.371824050850006,0.195998008678844,-0.197070161718276,-8.77338788507932,8.70476773021426,-0.491051127715497,-1.14104932281828
0.377927274595461,0.196550836615336,-0.190984529745949,-8.81913094275949,8.69006391151946,-0.507615961784331,-1.08851576982591
0.383937351192519,0.196899708586496,-0.184763182449538,-8.86288877535653,8.67408002930494,-0.524108283828178,-1.02997344790599
0.389843858984735,0.197026032863053,-0.178425641483032,-8.90469244527209,8.65693516168905,-0.540447210741583,-0.96582403097866
0.395636233552214,0.196911175235741,-0.171990143062926,-8.94459154500851,8.63874419626101,-0.556565423033168,-0.896473644662908
0.401303843685829,0.196536654377329,-0.165472844080065,-8.98264926690967,8.61961596789244,-0.572407319904878,-0.822330282835208
0.406836064822532,0.1958843201304,-0.158887082146089,-9.0189379013408,8.59965191255059,-0.587926844822159,-0.743802762705651
0.412222361742065,0.194936526476321,-0.152242703826811,-9.05353492150636,8.57894521680224,-0.603085215452961,-0.661301012497441
0.417452391157171,0.193676309805493,-0.145545474625381,-9.08651973305913,8.55758041237157,-0.617848744071994,-0.575237353366083
0.422516131980081,0.192087579601411,-0.138796586036043,-9.11797110621309,8.53563334538031,-0.632186884994302,-0.486028330060066
0.427404046795454,0.190155323354824,-0.131992278060616,-9.14796526635319,8.51317143919505,-0.646070601093527,-0.394096566910706
0.432107272684866,0.187865821073667,-0.125123598535819,-9.1765745922696,8.49025416652216,-0.659471104041674,-0.29987208720012
0.436617833446993,0.185206857981149,-0.118176321792869,-9.20386685419139,8.46693364935848,-0.672358991338603,-0.203792551355127
0.440928859161359,0.182167918049572,-0.111131046840447,-9.22990491230457,8.44325531397576,-0.684703774828828,-0.106301961144142
0.44503479402704,0.178740337328142,-0.103963488064667,-9.25474678758012,8.4192585418343,-0.696473768078705,-0.00784755414045898
0.448931570762424,0.174917396004342,-0.0966449589818513,-9.27844600988105,8.39497727534408,-0.707636273565521,0.0911251323881545
0.452616730714982,0.170694332672914,-0.0891430330033112,-9.30105214487661,8.37044055793967,-0.718157987564847,0.190178750320114
0.456089473687432,0.166068273174474,-0.0814223473083593,-9.32261140375938,8.34567300813204,-0.728005525290705,0.288891620631558
0.459350629779941,0.161038078058009,-0.0734455007353374,-9.34316725018763,8.32069524357883,-0.73714596568878,0.386865442532312
0.462402555641039,0.155604124596514,-0.0651739879472713,-9.36276093742198,8.29552428078226,-0.745547326534242,0.483732407429423
0.465248967142346,0.149768048467071,-0.0565691123257271,-9.38143193293268,8.27017393741525,-0.753178904612546,0.579160986718445
0.467894727502044,0.143532474579525,-0.0475928289509316,-9.39921821353351,8.24465525834002,-0.760011447585017,0.672859884458958
0.470345612988969,0.136900765456525,-0.0382084841231283,-9.41615643664876,8.21897697583649,-0.766017156606246,0.7645799352036
0.472608077440223,0.129876809930165,-0.0283814353064564,-9.43228200916602,8.19314600290128,-0.771169545417189,0.854114011549541
0.47468903284487,0.122464866637071,-0.0180795513226273,-9.44762908316821,8.16716794874022,-0.775443198581625,0.941295227509001
0.476595657638096,0.114669467993503,-0.00727360443711621,-9.46223050850933,8.14104763949913,-0.778813478026537,1.02599385339302
0.47833523854615,0.106495382698994,0.0040624273920539,-9.47611776787526,8.11478962516495,-0.781256224879262,1.10811339581799
0.479915046861368,0.0979476292784443,0.0159511280600992,-9.48932091318926,8.08839865466999,-0.782747495816152,1.18758626312196
0.481342246429107,0.0890315299265547,0.0284114625210179,-9.5018685150987,8.06188010433433,-0.783263362837502,1.26436936029893
0.482623828472523,0.0797527926665542,0.041458633659744,-9.51378763118149,8.03524034869529,-0.782779794940847,1.33843986500343
0.483766567460984,0.0701176100489379,0.0551039679021483,-9.52510379403974,8.00848706663056,-0.781272630995646,1.40979134658373
0.484776992218623,0.0601327637492597,0.069354825634868,-9.53584101765015,7.98162947899278,-0.778717645800944,1.47843031458203
0.485661367040815,0.049805726027896,0.0842145368148783,-9.54602181894106,7.95467851657907,-0.775090705829116,1.54437322596574
0.486425678465866,0.0391447507772767,0.099682365429397,-9.55566725117107,7.92764691920977,-0.770368007220762,1.60764394124051
0.487075624339697,0.0281589486162725,0.115753508597049,-9.56479694590923,7.90054926814584,-0.764526385804513,1.6682715958334
0.48761660278745,0.0168583421050824,0.132419137088677,-9.57342916094939,7.87340195521335,-0.757543686921015,1.72628884114946
0.488053699596145,0.0052538986130469,0.149666483977712,-9.58158083211098,7.84622309298071,-0.749399181381526,1.78173040599559
0.48839167328197,-0.00664246032738408,0.167478987138511,-9.58926762744484,7.81903237125691,-0.740074012851667,1.8346319306573
0.48863493775326,-0.0188178731973785,0.185836489558453,-9.59650400280906,7.79185086609137,-0.729551661286165,1.88502903049768
0.488787542984362,-0.0312585752118216,0.204715499103915,-9.60330325807843,7.76470080836311,-0.717818406783307,1.93295655185459
0.48885315449348,-0.0439499557356792,0.224089506684477,-9.60967759341617,7.73760531990295,-0.704863778456327,1.97844798911439
0.488835032676323,-0.0568766338402467,0.243929358912549,-9.61563816509013,7.7105881258366,-0.69068097370941,2.02153503743831
0.488736013197404,-0.070022548892297,0.264203678575463,-9.62119514029787,7.68367325238928,-0.675267234716191,2.06224726033508
0.488558489691608,-0.0833710626865459,0.28487932373433,-9.62635775040835,7.65688471968564,-0.658624170932728,2.1006118549715
0.488304399993117,-0.0969050694217114,0.305921874220787,-9.63113434197012,7.63024623905059,-0.640758019082635,2.13665350082106
0.487975216999628,-0.110607109781848,0.327296132863149,-9.63553242480129,7.60378092393728,-0.621679835105007,2.17039427910895
0.487571945112427,-0.124459485507868,0.348966628027704,-9.63955871648552,7.57751102287239,-0.601405615873847,2.2018536517255
0.48709512298322,-0.138444371111379,0.370898104040304,-9.64321918266041,7.55145768174421,-0.579956351853079,2.23104848907859
0.4865448330638,-0.152543919768725,0.393055986728667,-9.64651907260288,7.52564074141966,-0.557358014996276,2.25799313696208
0.485920718209884,-0.166740360906979,0.415406812613968,-9.64946294978288,7.50007857514234,-0.533641488890416,2.28269951312187
0.485222005352043,-0.181016087522046,0.43791861205304,-9.65205471726454,7.47478796852174,-0.508842450175005,2.30517722494548
0.484447536024971,-0.195353731819612,0.46056123873687,-9.65429763806521,7.44978404327393,-0.483001211484251,2.32543370066717
0.483595803352387,-0.209736228312852,0.483306640220146,-9.65619435082461,7.42508022430081,-0.456162536486901,2.3434743276945
0.482664994922674,-0.224146864022673,0.506129066432801,-9.65774688137226,7.40068824827925,-0.428375437029162,2.35930259309643
0.48165304086322,-0.238569315890102,0.529005215268478,-9.65895665099829,7.37661821072519,-0.399692960997657,2.37292022288002
0.480557666326686,-0.252987675916372,0.551914316250005,-9.65982448242011,7.3528786475418,-0.370171977444007,2.38432731832815
0.479376447536531,-0.267386464891564,0.574838154867167,-9.6603506045852,7.32947664636521,-0.339872962936141,2.39352248926636
0.478106870495694,-0.281750635859704,0.597761041434155,-9.66053465755477,7.30641798258188,-0.308859790237778,2.40050298556388
0.476746391433957,-0.296065568702917,0.620669729224808,-9.66037569876811,7.28370727468783,-0.277199517492067,2.40526482935147
0.475292498049189,-0.310317057416923,0.643553287243124,-9.65987221199108,7.26134815366032,-0.244962173324684,2.40780295126847
0.473742770578436,-0.324491291800854,0.66640293332578,-9.65902212020102,7.23934344118319,-0.212220530893775,2.40811133446433
0.472094941713784,-0.338574835400392,0.689211833414896,-9.65782280355521,7.21769533186618,-0.179049862095686,2.40618317002668
0.470346954352158,-0.35255460162408,0.711974872850203,-9.65627112342675,7.1964055749967,-0.14552766204232,2.40201102695896
0.468497016140177,-0.366417829994314,0.734688405472171,-9.65436345327358,7.17547565182588,-0.111733333689711,2.39558703878192
0.466543649750217,-0.380152064488736,0.757349986253837,-9.65209571683449,7.1549069448938,-0.0777478232056511,2.38690310730856
0.464485737809405,-0.393745135863022,0.779958093126394,-9.64946343382613,7.13470089642365,-0.0436531983495028,2.37595112219539
0.462322561411056,-0.407185149710442,0.802511843651698,-9.64646177295672,7.11485915334147,-0.00953216477981327,2.36272319259874
0.460053831179897,-0.420460481796053,0.825010712224711,-9.6430856116911,7.09538369699356,0.024532481291394,2.3472118847984
0.45767970995003,-0.433559781896835,0.847454253544213,-9.63932960181439,7.07627695612529,0.058458461489006,2.3294104571675
0.455200826258144,-0.446471986983791,0.869841838139476,-9.63518823947345,7.05754190213789,0.0921646774758092,2.30931308158504
0.452618278059387,-0.459186344106752,0.892172405742649,-9.63065593805107,7.03918212604073,0.125571914997114,2.28691503854397
0.449933626338527,-0.471692442805978,0.91444424220517,-9.62572710197153,7.02120189685686,0.158603573344623,2.26221287204768
0.447148878607304,-0.483980256306942,0.936654785427559,-9.62039619937172,7.00360620150499,0.191186400032873,2.23520449013448
0.444266462633614,-0.496040190193157,0.958800465369258,-9.61465783151399,6.98640076637297,0.223251207762006,2.20588919768887
0.441289191116264,-0.507863136740102,0.980876582606236,-9.6085067968693,6.96959206091794,0.254733549398818,2.17426765016963
0.438220218372448,-0.519440532676042,1.00287722910283,-9.60193814795974,6.95318728368895,0.285574326941602,2.14034171998265
0.435062990412464,-0.530764417851719,1.02479525387266,-9.59494723929716,6.93719433119453,0.315720312296356,2.10411427129708
0.431821190008592,-0.541827492181101,1.04662227504907,-9.58752976506283,6.92162175005723,0.345124561059605,2.06558884388802
0.428498678498746,-0.552623168275853,1.06834873860907,-9.57968178550931,6.90647867294382,0.373746705094932,2.02476925173923
0.42509943608444,-0.563145617435521,1.0899640226431,-9.57139974138893,6.89177473886673,0.401553115098537,1.98165910726301
0.421627502283205,-0.573389807057504,1.11145658468699,-9.56268045599433,6.8775199986395,0.428516930081424,1.9362612867189
0.418086917983794,-0.583351528062708,1.13281414828018,-9.55352112460619,6.86372480654944,0.454617956254571,1.88857735642672
0.41448167024636,-0.593027411552218,1.15402392362968,-9.54391929126871,6.85039969967383,0.479842442732416,1.83860698248648
0.410815640614459,-0.602414934569495,1.17507285608302,-9.53387281285308,6.83755526668451,0.504182745415087,1.78634734889797
0.407092557291453,-0.611512415493066,1.19594789507937,-9.5233798103344,6.82520200841497,0.52763689314566,1.73179261033856
0.403315951112661,-0.620319000184792,1.21663627538861,-9.51243860712309,6.81335019284411,0.550208071674255,1.67493340668641
0.399489114846809,-0.628834640536039,1.23712580178957,-9.50104765419243,6.80200970741182,0.571904041128997,1.61575646707314
0.39561506501139,-0.637060067465959,1.25740512790291,-9.48920544166799,6.7911899116606,0.592736501726743,1.55424433229873
0.391696505108702,-0.644996760725479,1.27746401969196,-9.47691039654222,6.78089949302756,0.612720420543209,1.49037522638248
0.387735788997554,-0.652646918046773,1.29729359417649,-9.46416076629254,6.77114632815118,0.631873329529683,1.4241231113727
0.383734883023836,-0.66001342626202,1.31688652414987,-9.45095448847193,6.76193735127344,0.650214601838969,1.35545796477156
0.379695325552528,-0.667099837008442,1.33623720011444,-9.43728904685788,6.75327843020785,0.66776471013242,1.28434632639669
0.375618182689141,-0.673910349550019,1.35534184120154,-9.4231613155514,6.74517424892592,0.684544467100014,1.21075217135486
0.371503999271128,-0.680449803082364,1.37419854746334,-9.40856739357268,6.73762819413822,0.700574245162079,1.13463817787625
0.367352744681216,-0.686723680633444,1.39280728656705,-9.39350243406829,6.73064224139727,0.715873169493344,1.0559674723645
0.36316375373074,-0.692738126295603,1.41116980857511,-9.37796047428162,6.72421683435712,0.730458276446125,0.974705947657045
0.358935663841072,-0.698499976958786,1.42928948321404,-9.36193427496891,6.71835074909167,0.7443436285933,0.890825261407196
0.35466635108373,-0.704016808862285,1.44717105498547,-9.34541518093263,6.7130409340949,0.757539378562103,0.804306625139834
0.350352869387505,-0.709296998009612,1.46482031297305,-9.32839301764196,6.70828231619031,0.770050777364735,0.715145483953312
0.345991399407852,-0.714349791636719,1.48224367474802,-9.31085604215806,6.70406756366804,0.781877129976867,0.623357152268073
0.341577216113957,-0.719185385338776,1.4994476880495,-9.29279096913338,6.70038680131822,0.793010712399678,0.528983400167722
0.337104686843963,-0.723814997067949,1.51643846066931,-9.27418309347094,6.69722727852477,0.803435680973843,0.432099864647566
0.332567313905224,-0.72825092513086,1.53322103881021,-9.25501652888609,6.69457300199527,0.813127026006551,0.332823980965267
0.327957836907088,-0.732506573002636,1.54979876713197,-9.23527457447277,6.69240435926752,0.82204964582926,0.231322893151713
0.323268408736121,-0.73659642020668,1.56617267858489,-9.21494020810185,6.69069777687168,0.830157639684809,0.127820533812644
0.318490854135972,-0.740535917219172,1.58234097599886,-9.19399668592677,6.68942547500808,0.837393930937045,0.0226028187712616
0.31361701035537,-0.744341285231195,1.59829867534257,-9.17242820362035,6.68855539351981,0.843690326749331,-0.0839802258321754
0.308639135559579,-0.748029210242547,1.61403747661426,-9.15022055248239,6.6880513647713,0.848968088624299,-0.191516487490762
0.303550354824444,-0.751616435675946,1.62954590774216,-9.12736169011226,6.68787359130494,0.853139028394284,-0.29953861593342
0.298345099681416,-0.75511927649293,1.64480974945046,-9.10384214887649,6.68797944761036,0.856107065886176,-0.407535651922636
0.293019490394452,-0.758553096147551,1.65981270158325,-9.07965522980249,6.6883245714684,0.857770108939228,-0.514968500660035
0.287571614198709,-0.761931799803768,1.67453720699214,-9.05479697096398,6.68886415470576,0.858022070653902,-0.621287502251028
0.282001667896184,-0.76526739840209,1.68896532235587,-9.02926592613325,6.68955430315128,0.856754842946248,-0.72594989467236
0.276311955522231,-0.768569687335068,1.7030795252621,-9.00306282629343,6.69035332442765,0.853860101908606,-0.828435029618952
0.270506754605347,-0.771846063999122,1.71686337235149,-8.97619021205,6.69122282263916,0.849230910799114,-0.928255758718609
0.264592081502301,-0.775101486473226,1.73030196373177,-8.94865211644186,6.69212852209698,0.842763180395594,-1.02496524869313
0.258575394005553,-0.778338557124317,1.74338220998733,-8.92045385149057,6.69304079247911,0.8343571156942,-1.11815933279007
0.25246526819146,-0.781557703720773,1.75609292864297,-8.89160191901591,6.69393489066352,0.823918806831399,-1.2074751433435
0.24627107920103,-0.784757427180142,1.76842481213263,-8.86210403697397,6.69479096145977,0.81136210972121,-1.29258710337876
0.240002705955914,-0.787934587607519,1.78037031061183,-8.8319692528956,6.69559384933749,0.796610917381392,-1.37320140848523
0.233670270629362,-0.791084706132552,1.79192346523666,-8.80120810741261,6.69633276976756,0.779601858960703,-1.44904999393246
0.227283916626842,-0.794202266825122,1.80307971627854,-8.76983281171893,6.69700087766203,0.760287391694799,-1.5198847564013
0.220853624313318,-0.797281009062821,1.81383569987251,-8.73785741017054,6.69759475695912,0.738639180366598,-1.58547256112844
0.214389061436322,-0.800314205357736,1.82418903971634,-8.70529791007709,6.69811384357117,0.714651595971905,-1.6455913565457
0.20789946450419,-0.803294922637619,1.83413813644487,-8.67217237256787,6.69855978607793,0.688345115336889,-1.70002755440637
0.201393547632416,-0.806216266457311,1.84368195736558,-8.63850096926951,6.69893574582829,0.659769370342609,-1.74857471141482
0.194879436030491,-0.809071607871603,1.85281983174639,-8.60430601789155,6.69924564067532,0.629005581572723,-1.79103345857524
0.18836462198504,-0.811854792059962,1.86155126053975,-8.56961201452645,6.69949334377667,0.596168116944329,-1.8272125561242
0.181855941662435,-0.814560326610434,1.86987575285074,-8.53444568079793,6.69968185936873,0.561404939525578,-1.85693089687943
0.175359571176083,-0.817183546029021,1.87779270324907,-8.49883603975857,6.69981250911373,0.524896747653261,-1.88002023460878
0.168881040094296,-0.819720747956945,1.88530132312083,-8.46281452617908,6.69988417298276,0.486854662942769,-1.89632837535332
0.162425259925249,-0.822169296167013,1.89240063508579,-8.42641512587604,6.69989263501321,0.447516388833049,-1.90572253970074
0.155996564191649,-0.824527686018862,1.89908953218062,-8.38967452692259,6.6998300844045,0.407140847865133,-1.90809258562686
0.149598755653046,-0.826795569860276,1.90536689391355,-8.35263225522591,6.69968481499322,0.36600141446057,-1.90335377870716
0.143235155269744,-0.828973742780297,1.91123174106285,-8.31533076013869,6.69944115131231,0.32437799182128,-1.89144881409727
0.136908646897579,-0.831064092737117,1.91668340234961,-8.27781541392693,6.69907960895887,0.282548327369854,-1.8723488377039
0.130621711724535,-0.833069522691668,1.92172166104363,-8.24013439238307,6.69857727411522,0.240779099079494,-1.84605328612332
0.124376447300398,-0.834993855111959,1.92634684978073,-8.20233841175423,6.69790836589111,0.199317403460236,-1.81258846639898
0.118174567713579,-0.836841730282995,1.93055986788444,-8.16448030754772,6.69704492969267,0.158383302257594,-1.77200492191375
0.112017383892153,-0.838618508796104,1.93436210638064,-8.12661445135726,6.69595760292417,0.118164017931296,-1.72437376775786
0.105905765841265,-0.840330185428181,1.93775527951628,-8.08879601060813,6.69461639687419,0.0788102085782081,-1.66978231097449
0.0998400914875171,-0.841983316886343,1.94074117517812,-8.0510800619217,6.69299144935143,0.0404345271359306,-1.60832938124527
0.0938201893260205,-0.843584960451286,1.94332134764858,-8.01352057159506,6.69105371861139,0.00311242195058621,-1.54012087441327
0.0878452840294814,-0.84514261532842,1.94549678314542,-7.97616925725077,6.68877560687001,-0.0331150846675876,-1.46526605335042
0.0819139555212739,-0.846664154234418,1.94726757144052,-7.93907434413566,6.68613151828946,-0.068237057386821,-1.38387516768526
0.0760241228170831,-0.848157729789751,1.94863261662576,-7.90227922882179,6.68309837005353,-0.102267234533009,-1.29605896294295
0.0701730643388764,-0.849631638721815,1.94958941858966,-7.86582106292496,6.67965608563429,-0.135238013186577,-1.2019306679168
0.0643574864695459,-0.851094126644202,1.95013395585851,-7.82972927062982,6.67578810689494,-0.167194229848888,-1.10161108363024
0.0585736516942092,-0.852553117369064,1.9502607014745,-7.79402401754354,6.67148196623179,-0.198187026112491,-0.995237432768398
0.0528175762088023,-0.854015853960968,1.94996280672324,-7.75871465708008,6.66672995989583,-0.228267980916973,-0.882976613345546
0.0470853032174041,-0.855488445548414,1.94923249115813,-7.72379819813215,6.66152995460253,-0.257483612772244,-0.765043332265262
0.0413732504440618,-0.856975326781984,1.94806167718435,-7.68925786936434,6.65588633393068,-0.285870331827738,-0.641723112692889
0.0356786163853366,-0.858478658841585,1.94644289575239,-7.65506190557558,6.64981103909592,-0.313449969793949,-0.513399175264755
0.0299998079467513,-0.859997733975717,1.94437045587201,-7.62116274968911,6.64332457327097,-0.340226135762586,-0.380580537811191
0.0243368238771926,-0.861528486871837,1.94184180514549,-7.58749693707028,6.6364567252136,-0.366181805436316,-0.243926456477931
0.0186915018751651,-0.863063253256083,1.9388589123314,-7.55398597409447,6.62924665898487,-0.391278667636798,-0.104260161600603
0.0130675286608468,-0.864590924695418,1.93542940095033,-7.52053848815087,6.62174197916094,-0.415458697331905,0.037435974572282
0.0074701412322372,-0.8660976002009,1.93156710982412,-7.48705376251762,6.6139964973422,-0.43864808544538,0.180049560070392
0.00190552200081559,-0.867567719299062,1.92729181661463,-7.45342647612427,6.60606673214011,-0.460763049687213,0.322391503492915
-0.00362000972048217,-0.868985509310975,1.92262805697698,-7.41955213218523,6.59800759015287,-0.481716411256371,0.463265522931877
-0.00910082996449411,-0.87033646321418,1.91760324101877,-7.38533243522334,6.58986800246353,-0.501423515114015,0.601539634952492
-0.0145326764184345,-0.871608550901224,1.91224547931431,-7.35067988786924,6.58168733830621,-0.519806328515649,0.736204612686413
-0.019913023359234,-0.872792964766497,1.90658157560519,-7.31552112378804,6.57349315365394,-0.536795256775385,0.866409521992477
-0.0252411396455977,-0.873884352866361,1.90063551937476,-7.27979884016968,6.5653004145622,-0.552328981468578,0.991472385451076
-0.0305178884848956,-0.874880622792333,1.89442760890275,-7.24347248444326,6.55711197719615,-0.566353102306036,1.11087066233036
-0.035745367704614,-0.875782463419654,1.88797415822426,-7.20651799986333,6.54891993084534,-0.578818445898556,1.22421929507498
-0.040926487349572,-0.876592732485283,1.88128764349868,-7.1689269505787,6.54070740917651,-0.589679709416001,1.33124380045524
-0.0460645564653652,-0.877315823053596,1.87437712300794,-7.130705284942,6.53245057039266,-0.598894815623416,1.4317538231905
-0.0511629213013809,-0.87795707869383,1.86724879015504,-7.09187191229382,6.52412056178406,-0.606425095635593,1.52562019643204
-0.0562246731722407,-0.878522291300757,1.85990656028125,-7.05245719672969,6.51568537507866,-0.612236236017127,1.61275667296621
-0.0612524286830679,-0.879017291595747,1.85235263135858,-7.0125014228328,6.50711155454598,-0.616299825180681,1.69310630815158
-0.0662481767552193,-0.879447629029229,1.84458798832593,-6.97205326151875,6.4983657459843,-0.61859528947668,1.76663187943797
-0.0712131835103177,-0.879818331755535,1.8366128403732,-6.93116825273609,6.48941608278328,-0.619112001451848,1.8333095199535
-0.0761479454599751,-0.880133735521554,1.82842699188362,-6.88990731934959,6.48023340524394,-0.617851357191545,1.89312475249972
-0.0810521821513932,-0.880397370584608,1.82003015351277,-6.84833532817011,6.47079230793251,-0.614828647300753,1.9460702187013
-0.0859248605837131,-0.88061189690685,1.81142220205877,-6.80651971660178,6.46107201036764,-0.610074580264095,1.99214453893139
-0.0907642448980594,-0.880779079222307,1.80260339779912,-6.76452920498352,6.45105704957711,-0.603636351828871,2.03135187847799
-0.095567965854568,-0.880899794844559,1.79357456677492,-6.72243261462886,6.44073779820527,-0.595578184590741,2.06370191990218
-0.1003331053602,-0.880974068153747,1.78433725369466,-6.68029780966191,6.43011081737027,-0.585981284816268,2.0892100456405
-0.105056291771443,-0.881001126513298,1.77489384910025,-6.63819077721456,6.41917905776881,-0.574943178381897,2.10789761718757
-0.109733801857548,-0.880979472882444,1.76524769244949,-6.59617485577332,6.40795192441852,-0.562576397735004,2.11979229718874
-0.114361665181038,-0.880906970583525,1.75540315100685,-6.55431011588181,6.396445219387,-0.549006503087173,2.12492839831747
-0.11893576627036,-0.880780935550595,1.74536567303849,-6.51265289143338,6.38468097309121,-0.534369440923728,2.12334725857218
-0.123451939412063,-0.880598230974016,1.73514181289604,-6.47125545379284,6.37268716913343,-0.518808277419696,2.11509763897407
-0.127906050330707,-0.880355358683931,1.7247392252406,-6.43016581528526,6.36049736151991,-0.502469395797314,2.10023612138541
-0.132294058675699,-0.88004854108854,1.71416662595188,-6.38942764350116,6.34815017803975,-0.485498311637514,2.07882745866934
-0.136612055356388,-0.879673787274532,1.70343371814966,-6.34908026375899,6.33568870099939,-0.468035328876728,2.05094480590902
-0.140856269598458,-0.87922693727672,1.69255108306967,-6.30915872438898,6.32315971739602,-0.450211316750039,2.01666974940149
-0.14502304226875,-0.878703679754077,1.68153003700057,-6.26969389875782,6.31061283524953,-0.432143917614028,1.97609205725992
-0.149108764485397,-0.878099540434753,1.67038245674793,-6.2307125995805,6.29809947065245,-0.413934483998245,1.92930910532882
-0.153109783538721,-0.877409841561832,1.6591205768014,-6.19223768526986,6.28567171984782,-0.395665985353142,1.87642498315623
-0.157022281273258,-0.876629635827154,1.64775676132777,-6.15428814466172,6.27338114053175,-0.377402027190284,1.81754935055468
-0.160842132845065,-0.875753621445679,1.63630325327463,-6.11687915475268,6.26127747471508,-0.359187004889394,1.75279618654605
-0.164564755788402,-0.874776047646366,1.62477190144029,-6.08002211502274,6.24940735026614,-0.341047294915034,1.68228264015089
-0.168184960437117,-0.873690621652984,1.61317386467904,-6.04372467022452,6.23781299867816,-0.322993290498008,1.60612825033558
-0.171696813060435,-0.872490429172186,1.6015192908541,-6.00799074004329,6.22653102242141,-0.305022032859078,1.52445484833636
-0.175093522947788,-0.871167880723056,1.58981696707872,-5.97282057794784,6.21559123705146,-0.287120177877782,1.43738749040366
-0.17836736461451,-0.869714696222165,1.57807393750799,-5.93821088246945,6.20501560250047,-0.269267066154327,1.34505679346825
-0.181509646800424,-0.868121940475349,1.56629508578296,-5.90415498200756,6.19481724693486,-0.25143771852818,1.24760305617756
-0.18451074132876,-0.866380122823108,1.55448268163342,-5.87064310909131,6.18499957824823,-0.233605642889102,1.14518252879536
-0.187360187151051,-0.86447937492369,1.54263589579983,-5.83766277165394,6.17555547636829,-0.215745395602533,1.03797611784926
-0.190046887385384,-0.862409720664574,1.53075029527945,-5.80519921677072,6.16646656817587,-0.197834878883107,0.926200627183927
-0.19255941833093,-0.860161449743656,1.51881734293405,-5.77323596576177,6.15770260969711,-0.179857364632578,0.810122283806125
-0.194886466668496,-0.857725598972437,1.50682394219086,-5.74175537846326,6.14922103908148,-0.161803211123762,0.69007171592989
-0.197017400725636,-0.855094529901645,1.49475208778126,-5.71073918083301,6.14096681555611,-0.143671184240247,0.566458729763268
-0.198942960257937,-0.852262566165711,1.48257870295014,-5.68016886996409,6.13287271211044,-0.125469224151886,0.439784275284801
-0.200656015658223,-0.849226620936585,1.47027575390764,-5.65002590525436,6.1248602596913,-0.107214441505663,0.310646194867783
-0.2021523069263,-0.845986712607375,1.45781072182922,-5.62029161794751,6.11684151635135,-0.088932128498399,0.179735205739866
-0.203431038816849,-0.842546250866879,1.44514747143445,-5.59094683235242,6.10872172974751,-0.070653671447511,0.0478186076004215
-0.20449520117801,-0.838911992899343,1.43224748323469,-5.56197128258409,6.10040277823306,-0.052413461187138,-0.0842883713455277
-0.205351518427873,-0.835093627842169,1.41907133132908,-5.53334299697967,6.09178706438404,-0.0342451620657363,-0.215760396113068
-0.206010007526278,-0.831103033423267,1.40558022207784,-5.5050378638455,6.08278138211711,-0.0161779097527293,-0.345802941349621
-0.206483214558349,-0.826953329193063,1.3917373915883,-5.47702955709963,6.07330026233126,0.00176694589907911,-0.47368913298961
-0.206785269283705,-0.822657891689463,1.37750920093046,-5.44928989829988,6.06326843723541,0.0195780864189585,-0.598786619441117
-0.206930918459824,-0.818229483984559,1.36286584837055,-5.42178960867215,6.05262228880614,0.0372552674197765,-0.720571576067341
-0.206934671660803,-0.813679598402335,1.34778170319228,-5.39449931347128,6.04131036527197,0.0548092434415639,-0.838630258707117
-0.206810138452847,-0.809018045132052,1.33223532694375,-5.3673906286569,6.02929318797254,0.0722608381335085,-0.95265089176887
-0.20656957913892,-0.80425276606771,1.31620927443049,-5.34043718064013,6.01654261039319,0.0896394739550155,-1.06240961483886
-0.206223650118474,-0.799389823670517,1.29968976422685,-5.31361545889887,6.00304095656846,0.106981429992705,-1.16775395860179
-0.205781304002209,-0.794433507247408,1.28266628983532,-5.28690545353612,5.98878009742916,0.124328006940806,-1.26858643631587
-0.205249800187547,-0.789386505823364,1.2651312197066,-5.26029107053478,5.97376055359589,0.141723688477337,-1.36484982723301
-0.204634786947546,-0.784250109611661,1.24707941428043,-5.23376034245151,5.95799065887526,0.159214321842857,-1.45651488674703
-0.20394042535449,-0.77902441539756,1.22850787370606,-5.20730546401977,5.94148578478713,0.176845304012297,-1.54357064066592
-0.203169534811573,-0.773708522210149,1.20941542087628,-5.1809226852244,5.92426761021971,0.194659750441112,-1.62601708653806
-0.202323747798347,-0.768300711678565,1.18980241961876,-5.15461209309781,5.90636341665894,0.212696634300778,-1.70385996778733
-0.20140366710981,-0.762798612666348,1.1696705259085,-5.12837731066464,5.88780539332904,0.230988908142814,-1.77710723943385
-0.200409022499587,-0.757199352712061,1.14902246962196,-5.10222513867435,5.86862994401488,0.249561650157664,-1.84576685599163
-0.199338825595119,-0.751499700052331,1.12786186482501,-5.07616516356025,5.84887699550224,0.26843030713679,-1.90984554959625
-0.198191522663998,-0.745696200044256,1.10619304736285,-5.05020935338441,5.8285893146707,0.287599129816246,-1.96934831124854
-0.196965144681024,-0.73978530901726,1.08402093931135,-5.02437166200483,5.80781184630118,0.307059908179046,-2.02427833216464
-0.195657453538906,-0.73376352728602,1.06135094050718,-4.99866765989645,5.78659108620704,0.326791110805167,-2.07463720350966
-0.19426608248077,-0.727627531532167,1.0381888478264,-4.97311420761365,5.76497450439313,0.346757512277384,-2.12042521201236
-0.192788668174971,-0.721374305279385,1.01454080309219,-4.94772918462114,5.74301003092372,0.366910357916343,-2.1616416074829
-0.191222971496133,-0.715001264976654,0.990413270444159,-4.92253128218813,5.72074561354518,0.387188070749215,-2.19828475670728
-0.189566984125824,-0.708506378437505,0.965813043687544,-4.89753986448912,5.69822885145439,0.407517458795268,-2.23035213588044
-0.187819018547245,-0.701888272138327,0.940747283570159,-4.87277489738142,5.6755067045136,0.427815339217071,-2.25784014876466
-0.185977779796321,-0.69514632413264,0.915223584139217,-4.84825693998411,5.65262527222281,0.447990466123269,-2.28074378761688
-0.184042418299202,-0.688280739977405,0.889250066358865,-4.82400719056246,5.62962963231742,0.467945634615642,-2.29905617630081
-0.182012564103627,-0.681292609922002,0.86283549608946,-4.80004757559465,5.60656372531061,0.487579835544849,-2.31276804846214
-0.179888343646704,-0.674183946498205,0.835989422409237,-4.77640086936232,5.5834702688849,0.506790350870343,-2.32186721801994
-0.177670380789635,-0.666957702416123,0.808722331158412,-4.75309083090235,5.56039068489242,0.525474704012261,-2.32633809556564
-0.175359784147303,-0.659617769217729,0.781045807549778,-4.73014234550172,5.53736502189111,0.543532407932676,-2.32616129451744
-0.172958122759925,-0.652168957429779,0.752972700744855,-4.70758155887181,5.51443185758664,0.56086648112988,-2.3213133574198
-0.170467391949917,-0.644616959010359,0.724517282457547,-4.68543599346232,5.49162816816997,0.577384724717338,-2.31176661795125
-0.16788997085505,-0.636968292753866,0.695695390933941,-4.66373463787166,5.46898915519283,0.593000770233919,-2.29748920000795
-0.165228572707483,-0.629230233080563,0.666524551095863,-4.6425080018492,5.44654802512495,0.607634917174524,-2.27844514318489
-0.162486188503979,-0.621410722360238,0.637024061275762,-4.62178813090282,5.42433572186515,0.62121478197219,-2.25459463511308
-0.159666024333594,-0.613518266662022,0.607215036884801,-4.60160857602083,5.40238061796621,0.633675777643264,-2.22589432607222
-0.156771432322741,-0.605561814621621,0.577120401640189,-4.58200431552365,5.38070817586409,0.644961437352922,-2.19229770047093
-0.153805834932796,-0.597550618988991,0.546764817738738,-4.56301162762801,5.35934059560894,0.655023587810336,-2.15375548343532
-0.150772642198882,-0.589494080363285,0.516174547707703,-4.5446679139693,5.33829647008601,0.66382237168948,-2.1102160691584
-0.147675161419192,-0.581401572624093,0.485377242675481,-4.52701147609254,5.31759047210294,0.671326113975672,-2.06162597124805
-0.144516498781497,-0.57328224961081,0.454401654533653,-4.51008124873347,5.29723309969187,0.677511026584849,-2.00793031474176
-0.141299452441961,-0.565144832668995,0.423277272907725,-4.49391649544084,5.27723050635654,0.682360749466713,-1.94907341574668
-0.138026396655357,-0.556997378765931,0.392033891958666,-4.47855647352941,5.25758444181624,0.68586573460433,-1.88499952918896
-0.134699156718441,-0.548847028990583,0.36070111668983,-4.46404007619301,5.23829232633715,0.688022491082165,-1.8156538896064
-0.131318874777725,-0.540699737443495,0.329307823471882,-4.45040545947018,5.21934747850277,0.688832723425891,-1.74098422594673
-0.127885867058836,-0.532559980900906,0.2978815947227,-4.43768966020701,5.20073951290607,0.688302410255222,-1.66094299991928
-0.12439947394598,-0.524430450415004,0.266448152854752,-4.42592820778071,5.18245492136405,0.686440884596311,-1.57549069757062
-0.12085790580398,-0.516311727545203,0.235030823440107,-4.4151547268359,5.16447784916793,0.683259989899682,-1.48460059005607
-0.11725808980817,-0.508201950750953,0.203650061642832,-4.40540052066595,5.14679107623049,0.678773395922222,-1.3882654584959
-0.113595526709654,-0.500096482363277,0.172323078696956,-4.39669411581865,5.12937721029692,0.672996164657682,-1.28650682173688
-0.109864171764231,-0.49198759436047,0.141063605517297,-4.3890607398434,5.11222009261578,0.665944655395363,-1.17938716580914
-0.106056361075516,-0.483864202613586,0.109881826756965,-4.3825216994574,5.0953064008036,0.657636843909735,-1.06702547331645
-0.102162812732483,-0.475711694269686,0.0787845084591518,-4.37709363178131,5.07862740297487,0.648093094301921,-0.949615888359018
-0.0981727394129351,-0.467511909579485,0.0477753234182553,-4.3727876248471,5.06218076623145,0.637337351165016,-0.827448527229832
-0.0940741116863132,-0.459243352602176,0.0168553493301228,-4.36960825342604,5.04597225143981,0.625398605249074,-0.700930226278431
-0.08985410329342,-0.450881705621034,-0.0139763212757716,-4.36755265466375,5.03001704767098,0.612312332440002,-0.570601564985194
-0.0854997253140064,-0.442400697963444,-0.0447219533860123,-4.36660986221569,5.01434044571092,0.598121448248617,-0.437145292306709
-0.0809986136871321,-0.433773322634599,-0.0753846307804645,-4.3667606914701,4.99897756917432,0.582876231817651,-0.301381120694897
-0.076339882176556,-0.424973308199752,-0.105967887107965,-4.3679784669351,4.9839720170968,0.566632749786634,-0.16424355892287
-0.0715149106080872,-0.415976663924653,-0.13647551982264,-4.37023075939389,4.96937352145049,0.549449609677696,-0.0267432273838552
-0.0665179305686524,-0.406763064152626,-0.166911513513697,-4.37348206058368,4.95523500964626,0.531383343387689,0.110083097309644
-0.0613463105072033,-0.397316857030684,-0.197279938667566,-4.37769704857623,4.9416096547332,0.512483184814468,0.245224725406474
-0.0560005172944514,-0.387627573276481,-0.227584695102793,-4.38284391159727,4.92854848987181,0.49278624534708,0.377741876547325
-0.0504838094298866,-0.377689934260253,-0.257829036899821,-4.38889718802004,4.91609895888686,0.472314000934843,0.506796037406163
-0.0448017663442056,-0.367503462599983,-0.288014909804727,-4.39583973609883,4.90430447773593,0.451070661506786,0.631663395722214
-0.0389617662650041,-0.357071848937943,-0.318142205478111,-4.40366367899047,4.89320482678314,0.429043587381925,0.751733212912068
-0.032972501183529,-0.346402224553826,-0.348208063519552,-4.41237037715657,4.88283705988179,0.406205613910495,0.866495566286936
-0.0268435805561956,-0.33550445218575,-0.378206335000876,-4.42196960419996,4.87323660407541,0.382519004032714,0.975523476324256
-0.0205852413103632,-0.324390501331853,-0.408127279699249,-4.43247814056891,4.86443828700227,0.357940731209806,1.07845366685906
-0.0142081578381211,-0.313073935143164,-0.437957522913324,-4.44391798046143,4.85647711715924,0.332428825525547,1.17496890605853
-0.00772333230542874,-0.301569509182168,-0.467680258343147,-4.45631430349728,4.84938872301958,0.305949526956971,1.26478362276371
-0.00114203992911242,-0.289892866668902,-0.49727565490561,-4.46969331785874,4.84320941921968,0.278484946496387,1.34763353766544
0.0055241972042997,-0.278060307006673,-0.526721407185179,-4.48408004781208,4.83797591297227,0.250040835282226,1.42326941297126
0.0122636326647307,-0.266088601425465,-0.555993360082958,-4.49949611991498,4.83372469717555,0.220653928117591,1.49145462609379
0.0190643359929453,-0.253994829902377,-0.585066137265268,-4.51595759847671,4.83049120300035,0.19039820375124,1.55196601709397
0.0259142668002611,-0.241796216713396,-0.61391371005372,-4.53347292929575,4.82830880549489,0.159389342455308,1.60459728021135
0.0328013909707407,-0.229509948167028,-0.642509858274362,-4.55204106690237,4.82720778923461,0.12778670953128,1.64916404130868
0.0397138376593289,-0.217152965118809,-0.670828496201941,-4.57164987831178,4.82721438380764,0.0957923771585339,1.68550969266399
0.046640085423183,-0.204741733719803,-0.698843862417026,-4.59227492833458,4.82834996796425,0.0636470050641043,1.71351106664778
0.0535691568013666,-0.192292008431631,-0.726530597878309,-4.61387875089277,4.83063051623699,0.0316227801003053,1.73308313791906
0.0604907952996617,-0.179818609025812,-0.753863756801925,-4.63641069322747,4.83406632636633,1.39846250981948e-05,1.7441821470856
0.0673955987270484,-0.167335235875367,-0.780818805747334,-4.65980738540068,4.83866202707204,-0.0308739592551119,1.74680680943904
0.0742750884249499,-0.154854344519129,-0.807371665516811,-4.68399384084044,4.84441683206931,-0.0607359927674936,1.74099756472404
0.0811217037334551,-0.14238709222167,-0.833498838909556,-4.70888514289878,4.85132498457312,-0.0892785212227284,1.72683408954634
0.0879287224776282,-0.129943358514841,-0.859177648512169,-4.73438862627557,4.85937632968318,-0.116229314327194,1.70443149685994
0.0946901185173527,-0.117531831465741,-0.884386587479292,-4.76040642775348,4.86855695814474,-0.141345629173166,1.67393577133377
0.101400374366896,-0.105160144117962,-0.909105767463483,-4.78683826180754,4.87884987870947,-0.164420216839315,1.6355190391939
0.108054269682938,-0.0928350424145228,-0.933317434876311,-4.81358427368054,4.89023569115308,-0.185285092265579,1.58937526255928
0.114646665449687,-0.0805625667649258,-0.957006520836734,-4.84054783312161,4.9026932425068,-0.20381313123462,1.535716900733
0.121172300276705,-0.0683482330320588,-0.980161190838597,-4.86763815218338,4.91620025234665,-0.219917705789209,1.47477300978763
0.127625611061643,-0.0561972033362283,-1.00277336526639,-4.89477263561717,4.93073388913288,-0.233550682137291,1.40678916433378
0.134000586915079,-0.0441144409796806,-1.02483918864378,-4.92187889791189,4.94627127117538,-0.244699182817498,1.33202947895648
0.140290663760793,-0.0321048456889579,-1.04635943116399,-4.94889640287833,4.96278985699321,-0.253381554184175,1.2507808687154
0.146488667768637,-0.0201733646150535,-1.0673398084259,-4.97577769682038,4.98026768548273,-0.259642976853763,1.16335949689267
0.152586818295232,-0.00832507125484932,-1.0877912031208,-5.00248921305624,4.99868343112422,-0.26355110861335,1.07011908842509
0.158576803987777,0.00343480035639919,-1.10772976568518,-5.0290116240633,5.01801625724359,-0.265192058699938,0.971460420954479
0.164449947007962,0.0151008832889139,-1.12717686129412,-5.05533971062661,5.03824548285934,-0.264666866874062,0.867840851217051
0.170197467242615,0.0266677856658464,-1.14615882163348,-5.08148171103397,5.05935012380088,-0.262088514204056,0.759782256039857
0.175810848325911,0.03813029252284,-1.16470645720482,-5.10745811644748,5.0813084184551,-0.257579346759167,0.647875404838249
0.181282289268008,0.0494836617842749,-1.18285429591191,-5.13329990083632,5.10409748736182,-0.251268678884277,0.532778744081329
0.186605201673399,0.0607239929296981,-1.2006395410539,-5.15904622151761,5.12769328383971,-0.243290294249873,0.415210077107173
0.191774689400187,0.0718486217170395,-1.21810078585394,-5.18474169643059,5.15207095305397,-0.233779607322696,0.29593075260044
0.196787934548011,0.0828564744181643,-1.23527657322728,-5.21043344097277,5.17720562772151,-0.222870385924006,0.175723557970792
0.201644419259502,0.0937483102761429,-1.25220393238009,-5.23616810496924,5.2030735716638,-0.210691128897635,0.0553670853148476
0.206345938983592,0.104526796701788,-1.26891704101822,-5.26198916465722,5.22965347818174,-0.197361372303678,-0.0643896908734646
0.210896402543337,0.115196394799511,-1.2854461446861,-5.28793468555459,5.25692767911651,-0.182988293896932,-0.182848919143947
0.215301454262465,0.125763071932809,-1.30181681799849,-5.31403569100661,5.28488304046763,-0.167663966907662,-0.299378775104483
0.219567980758516,0.136233889862062,-1.31804959244494,-5.34031517473372,5.3135113980915,-0.151463500963852,-0.413420655849267
0.223703573659004,0.146616532781235,-1.33415992079441,-5.36678771192434,5.34280948771584,-0.134444157165651,-0.52448910345349
0.227716011391719,0.156918838346517,-1.35015841168421,-5.39345956956994,5.37277841199111,-0.116645394868425,-0.632165972327349
0.231612805363852,0.167148381611584,-1.36605125310413,-5.42032919547262,5.40342274304631,-0.0980897343659346,-0.736090811764523
0.235400835930979,0.177312143789685,-1.38184074611687,-5.44738796888389,5.43474937939557,-0.0787843064941282,-0.835949373551747
0.239086086850585,0.187416280726368,-1.39752588314151,-5.47462111276571,5.46676627008497,-0.0587229902426023,-0.931461790346849
0.242673475593789,0.197465992931276,-1.41310292188175,-5.50200868864207,5.49948109898221,-0.0378890884834833,-1.02237150966474
0.24616677078689,0.207465490592224,-1.42856592216452,-5.52952661419579,5.5328999980387,-0.0162585379570723,-1.10843564712198
0.249568585828824,0.21741804234297,-1.44390722654424,-5.55714765900209,5.56702633588768,0.00619632313586334,-1.18941710279538
0.252880437767478,0.22732609432146,-1.45911787612174,-5.58484238525577,5.60185960934539,0.029502407909416,-1.26507857473266
0.256102861410773,0.237191444945894,-1.47418796104065,-5.61258000929023,5.63739445023901,0.0536809664913914,-1.33517848438927
0.259235569356859,0.247015459893045,-1.48910691118157,-5.64032916749633,5.67361974789984,0.0787421853206297,-1.399468770869
0.262277648483929,0.25679931044746,-1.50386373714083,-5.66805857792679,5.71051787848242,0.104679477706567,-1.45769448542169
0.26522778212645,0.266544216596978,-1.51844723478972,-5.69573759675879,5.74806402675044,0.131463758414835,-1.50959510042729
0.26808448471966,0.27625167430656,-1.53284616834225,-5.72333667651458,5.78622558566509,0.159038110547041,-1.55490741996268
0.270846332544258,0.285923645037466,-1.54704944643835,-5.75082773953241,5.82496162579152,0.187313344834205,-1.59336993083394
0.273512171175611,0.295562685821608,-1.56104630276856,-5.778184484342,5.86422244123336,0.216164992320261,-1.62472836031499
0.276081278487045,0.305172001158159,-1.57482648700189,-5.80538264314606,5.90394920075384,0.245432236558638,-1.64874211518852
0.278553462824762,0.31475540449798,-1.58838046362211,-5.83240020499072,5.94407375866848,0.274919166663171,-1.66519118051986
0.280929080234459,0.324317187243911,-1.60169960695011,-5.8592176119372,5.98451870422892,0.304398521624774,-1.67388297809811
0.283208962634898,0.333861906105441,-1.61477637210126,-5.88581792633535,6.02519774336588,0.333617824788812,-1.67465864974671
0.285394259827594,0.343394113308461,-1.62760441616749,-5.91218695870056,6.06601650617321,0.362307519833227,-1.66739826343951
0.287486210403448,0.352918065881336,-1.64017864335546,-5.93831334030397,6.10687385360245,0.390190469575958,-1.65202455413025
0.289485867547586,0.362437457389279,-1.65249515279577,-5.96418852405043,6.14766371829647,0.416992014818155,-1.62850500390637
0.291393813172283,0.371955216377641,-1.66455107733796,-5.98980670154915,6.1882774630821,0.442449742071135,-1.59685231648083
0.293209896330635,0.381473410250779,-1.67634431361343,-6.01516463181917,6.22860668579945,0.466322180830023,-1.55712361309474
0.294933029415224,0.390993282753231,-1.68787315523892,-6.04026138521172,6.26854635141607,0.488395823397103,-1.50941892796236
0.296561069413065,0.400515440012581,-1.69913585006365,-6.0650980124685,6.30799810049528,0.508490097363445,-1.45387977186308
0.298090803358456,0.410040186683134,-1.71013010803397,-6.08967715221401,6.34687357162956,0.526460181071162,-1.39068863211376
0.299518048910837,0.419568001697446,-1.72085258939938,-6.1140025912069,6.38509758368018,0.542197796682796,-1.32007026455315
0.300837873713874,0.429100132726664,-1.73129840569411,-6.13807879254773,6.42261104573382,0.555630312509744,-1.24229548882574
0.302044930692855,0.438639278529576,-1.74146067064909,-6.16191041080734,6.45937348894209,0.566718613965395,-1.15768789555482
0.30313389931477,0.448190316930714,-1.75133014652621,-6.18550182245723,6.49536513356044,0.575454247775899,-1.06663337662927
0.304100012853867,0.457761021380214,-1.76089504272469,-6.20885671602761,6.53058840660013,0.581856301685466,-0.969591666873375
0.304939636832724,0.467362690799438,-1.77014103375217,-6.23197780650571,6.56506880590258,0.585968354955281,-0.867108154173026
0.305650843816242,0.477010599148467,-1.77905156445675,-6.25486675480871,6.59885497059066,0.587855638856809,-0.759823211003282
0.306233908235985,0.486724161157376,-1.78760849064808,-6.2775243725961,6.63201778531528,0.587602316469347,-0.648475542070363
0.306691630619387,0.496526721096736,-1.79579305396686,-6.29995116064096,6.66464834931704,0.585308589193856,-0.533896019008145
0.307029405635309,0.506444913166939,-1.80358711285634,-6.32214815868352,6.69685471589734,0.581087244605836,-0.416989656680796
0.307254982168922,0.51650761565466,-1.81097446656732,-6.34411798860888,6.72875746760761,0.575059344520872,-0.298705872777398
0.307377924192482,0.526744609423865,-1.81794205178889,-6.36586588631201,6.76048440778755,0.567349017110919,-0.180000354318888
0.307408850567235,0.537185122666948,-1.82448079563585,-6.38740048502537,6.79216484550162,0.558077669966451,-0.0617944897423803
0.307358582801514,0.547856467267445,-1.83058598284912,-6.40873415924043,6.82392404321257,0.547358224350512,0.0550608254077959
0.307237341318211,0.558782937353252,-1.83625711191772,-6.42988284871106,6.85587834103741,0.535290052544724,0.169811558064401
0.307054101440737,0.569985064913437,-1.8414973264631,-6.45086540857795,6.88813129486353,0.521955156713304,0.281814498493998
0.306816167249372,0.581479243575677,-1.84631257526946,-6.47170262436975,6.92077094545735,0.507415848722532,0.390539289589456
0.30652896792863,0.593277668281887,-1.85071066543472,-6.49241606518495,6.95386815113081,0.491713907776269,0.495561151847283
0.306196043516423,0.605388507462921,-1.85470034260682,-6.51302693142593,6.98747581000174,0.474871001591562,0.596547769585299
0.305819169635281,0.617816221423473,-1.85829048446159,-6.53355500873414,7.02162876906968,0.456890083211042,0.693243566167581
0.305398569734299,0.630561954590514,-1.86148944834173,-6.55401779075785,7.05634424051031,0.437757493100763,0.785453787468645
0.304933171477319,0.643623949001202,-1.86430458114746,-6.57442979417038,7.09162259059286,0.417445560025989,0.873029886619837
0.304420875066436,0.656997944856418,-1.86674188052127,-6.59480206420834,7.12744841120533,0.395915565849112,0.955856925701762
0.303858811819603,0.670677548193297,-1.86880578805606,-6.61514185606903,7.16379181677444,0.373120995969276,1.03384317399649
0.303243579732574,0.684654555471017,-1.87049909358236,-6.63545247273104,7.20060992761791,0.349011029956464,1.10691177448862
0.302571448892355,0.698919231071942,-1.87182293114968,-6.65573323925845,7.23784850670446,0.323534236503338,1.17499421437313
0.301838533900306,0.713460537596863,-1.87277684989363,-6.67597959465127,7.27544371472858,0.296642428063146,1.23802531016788
0.301040933448987,0.728266321365431,-1.87335894540654,-6.69618328324284,7.31332394285383,0.268294609782271,1.2959394534152
0.300174839310982,0.743323457362211,-1.87356603903731,-6.71633262785596,7.35141167717125,0.238460930644114,1.34866792313292
0.299236618505124,0.758617959323621,-1.87339389365507,-6.73641286633232,7.389625346364,0.207126517249426,1.39613713305302
0.298222873423673,0.774135061848908,-1.87283745490739,-6.75640653187542,7.42788110545251,0.174295046399456,1.43826773178585
0.297130485252658,0.789859282317912,-1.8718911070171,-6.77629385628234,7.46609451381501,0.139991894672684,1.47497450573536
0.295956646073133,0.805774470931417,-1.87054893183802,-6.79605317404187,7.50418207402604,0.104266693842071,1.5061670460263
0.294698884568603,0.821863857265977,-1.86880495939018,-6.81566130494237,7.54206260796923,0.067195122198509,1.53175113329887
0.293355089291883,0.838110101279151,-1.86665339763171,-6.83509389377527,7.57965845653801,0.0288797753534561,1.55163077155954
0.291923532023816,0.854495355668598,-1.86408882907106,-6.85432568841951,7.61689649760731,-0.0105500126081378,1.56571076928634
0.290402892010535,0.871001344881777,-1.86110636230096,-6.87333074240865,7.65370898287811,-0.0509394846677765,1.5738997284811
0.28879227998119,0.887609463956914,-1.8577017279589,-6.89208253512535,7.69003419733934,-0.0921109433466155,1.57611326673919
0.287091259057833,0.904300897892936,-1.85387131121264,-6.91055401176903,7.72581694579207,-0.133867360690023,1.57227727046711
0.28529985822354,0.921056759617394,-1.8496121166676,-6.9287175554485,7.76100887000465,-0.175996998129233,1.56233096595221
0.283418573138115,0.937858242125975,-1.84492166637607,-6.94654491394183,7.79556859875698,-0.218278838869664,1.54622960526179
0.281448348929865,0.954686778293126,-1.839797836912,-6.9640071122961,7.82946173235829,-0.260488563639869,1.52394660034495
0.279390540174985,0.971524200429373,-1.8342386465857,-6.98107438794239,7.86266066386466,-0.302404747251425,1.49547500259033
0.277246844492821,0.98835289098999,-1.82824200810363,-6.9977161861798,7.89514424125558,-0.343814928138226,1.46082831370538
0.275019207806831,1.00515591586242,-1.82180546478491,-7.01390125028629,7.92689727773592,-0.384521212345796,1.42004071999886
0.272709701055755,1.02191713217111,-1.81492592961716,-7.02959783266256,7.95790992023038,-0.424345118646305,1.37316695524241
0.27032036971649,1.03862126326101,-1.80759944617634,-7.0447740427609,7.98817688818193,-0.463131447791161,1.3202821045943
0.267853058754525,1.05525393422288,-1.79982098932243,-7.05939833614705,8.01769659556021,-0.500751056074912,1.26148175075646
0.265309216557976,1.0718016619401,-1.79158432238664,-7.07344013900141,8.04647016890762,-0.537102517485772,1.19688292152402
0.262689682245868,1.08825179437444,-1.78288192697879,-7.0868705952111,8.07450037457646,-0.572112755059207,1.12662631302467
0.259994461864273,1.10459239518891,-1.7737050218763,-7.09966341930927,8.10179047112469,-0.605736797806374,1.05088022036925
0.25722250090945,1.12081207264601,-1.76404368832692,-7.11179583672165,8.12834301072009,-0.637956865652151,0.969846486043292
0.254371463855936,1.13689975700283,-1.75388711918221,-7.12324959029096,8.15415862883821,-0.668780996453058,0.883768546973355
0.251437536217306,1.15284443920606,-1.74322400620337,-7.13401198477012,8.17923488587524,-0.698241405739511,0.792941290743689
0.248415270885368,1.16863489574777,-1.73204307043749,-7.14407692446399,8.20356525607089,-0.726392714402146,0.697721899057286
0.245297506880647,1.18425943875096,-1.72033372162079,-7.15344587064582,8.22713839185925,-0.753310099292128,0.598540186283064
0.242075392696282,1.19970574298421,-1.70808680296029,-7.16212860666661,8.24993781209941,-0.779087329650761,0.495906247350227
0.238738544431375,1.21496080615743,-1.69529534095064,-7.17014365983916,8.271942151199,-0.803834569422328,0.390412752686856
0.235275357118794,1.23001108793396,-1.68195518671415,-7.17751820967036,8.2931260439749,-0.827675780314103,0.282729310810922
0.23167346455898,1.24484284185941,-1.66806542248746,-7.18428733604466,8.31346160276433,-0.850745581534703,0.173587271149338
0.22792031205506,1.25944260641218,-1.65362843053494,-7.19049254466028,8.3329202912007,-0.873185522461632,0.0637551998169553
0.22400377701368,1.2737977713441,-1.63864958622519,-7.1961796421513,8.35147486596303,-0.895139884358258,-0.0459924048118525
0.219912756407715,1.28789710479312,-1.62313662599977,-7.20139618038021,8.36910100627153,-0.916751291058634,-0.154908634804361
0.215637645702272,1.30173113158415,-1.60709882144499,-7.20618879185199,8.38577831583204,-0.938156506867706,-0.262304698664907
0.21117065975619,1.31529229357244,-1.59054613023384,-7.21060075375928,8.40149054333712,-0.959482788214933,-0.367573084668168
0.206505982048516,1.32857488138206,-1.57348848071364,-7.21467004428102,8.41622505926639,-0.980845040988399,-0.470201033260128
0.201639761015958,1.34157477953272,-1.5559352922127,-7.21842802801238,8.42997177596394,-1.00234387001209,-0.56977430686722
0.196569992171476,1.35428909698453,-1.53789526497143,-7.22189877872928,8.44272176472922,-1.02406445426661,-0.6659730160521
0.191296330132354,1.36671575935616,-1.51937641673706,-7.22509895483524,8.45446581139775,-1.04607608338326,-0.758562104710561
0.185819869435516,1.37885312481124,-1.50038630960395,-7.22803809832138,8.46519309151246,-1.06843215707677,-0.847379097221107
0.180142922653094,1.3906996635695,-1.48093240015631,-7.23071922402128,8.47489007242842,-1.09117046489012,-0.932321196121098
0.174268813435525,1.40225371970104,-1.46102245113413,-7.23313958595653,8.48353968620575,-1.11431360588856,-1.01333313101208
0.168201693242978,1.4135133576901,-1.44066495549018,-7.23529153632684,8.4911207735663,-1.13786945693409,-1.09039652696519
0.161946384444855,1.42447628614462,-1.41986953779852,-7.23716342017282,8.4976077752104,-1.16183164167548,-1.16352108521138
0.155508248899202,1.43513984601504,-1.39864731026159,-7.23874047026421,8.50297063754468,-1.18617998519684,-1.23273756288171
0.14889307940455,1.44550104919667,-1.37701116992732,-7.24000568136341,8.50717489976026,-1.21088096074123,-1.2980923711824
0.142107010870413,1.45555665397479,-1.35497603026815,-7.24094065161404,8.51018193369709,-1.23588814666082,-1.35964354046308
0.135156448148962,1.46530326536465,-1.33255898458729,-7.24152638299678,8.5119493140175,-1.26114271604905,-1.41745778872557
0.128048007852877,1.47473745032762,-1.30977940148107,-7.24174403416571,8.51243130216822,-1.28657398063358,-1.47160844977422
0.120788471938079,1.48385585973931,-1.28665895437159,-7.24157561882661,8.51157943259904,-1.31210000636873,-1.52217405061874
0.113384751242485,1.49265535067334,-1.26322158834303,-7.24100464210074,8.50934319342367,-1.33762831230549,-1.56923736448683
0.1058438574933,1.5011331039883,-1.23949342843229,-7.24001666668014,8.50567079612028,-1.36305665794161,-1.61288480040147
0.0981728825137685,1.50928673336941,-1.21550263429252,-7.23859980041939,8.50051003005191,-1.388273918275,-1.65320602024067
0.0903789834840904,1.51711438290974,-1.19127920683978,-7.23674509753123,8.49380919765223,-1.41316104084181,-1.69029369873471
0.0824693731567387,1.52461481105637,-1.16685475313257,-7.23444686682166,8.4855181251644,-1.43759207548604,-1.72424336102838
0.0744513139154575,1.53178745933426,-1.14226221631818,-7.23170288237975,8.47558924193172,-1.46143526560409,-1.75515324674691
0.0663321145202813,1.5386325047273,-1.11753557799102,-7.22851449471621,8.46397871850347,-1.48455418902195,-1.78312415963671
0.0581191283185215,1.5451508949759,-1.09270954072486,-7.22488664336499,8.45064765034611,-1.50680893720833,-1.80825926858799
0.0498197516424163,1.55134436636953,-1.06781919883859,-7.22082777523368,8.43556326989704,-1.52805732280875,-1.83066383001742
0.0414414210748747,1.55721544389801,-1.04289970561295,-7.21634967629939,8.41870016528485,-1.54815610708745,-1.85044480404647
0.0329916082616218,1.56276742390286,-1.01798594516971,-7.21146722738114,8.40004147957431,-1.56696224043738,-1.86771033850792
0.0244778109945527,1.56800433965983,-0.99311221703419,-7.20619809745645,8.37958006024323,-1.58433411043535,-1.88256909635089
0.0159075393994135,1.5729309106458,-0.968311941002967,-7.20056239012212,8.35731952518268,-1.6001327929165,-1.89512940421142
0.0072882962408397,1.5775524766098,-0.943617389311208,-7.19458226014352,8.33327520924911,-1.61422330231073,-1.90549820335812
-0.00137244938582414,1.58187491798124,-0.919059452221608,-7.18828151745081,8.30747495464434,-1.62647583821677,-1.91377978931957
-0.0100672953727736,1.58590456460172,-0.894667442034058,-7.18168523534204,8.27995970940576,-1.63676702611939,-1.92007433348112
-0.0187889469206885,1.58964809523884,-0.87046893915243,-7.17481937803808,8.25078390114376,-1.6449811514475,-1.92447618883582
-0.027530263394154,1.59311243080008,-0.846489682275074,-7.16771046019125,8.22001555779196,-1.65101138785458,-1.92707199275358
-0.0362843107487393,1.59630462456866,-0.82275350305757,-7.16038524766033,8.1877361533147,-1.65476102249488,-1.92793859182275
-0.0450444180691141,1.59923175308598,-0.799282303815556,-7.15287050510084,8.15404016373703,-1.65614468277458,-1.9271408271456
-0.0538042362946282,1.60190081145716,-0.776096075101222,-7.14519279201657,8.1190343271908,-1.65508956998592,-1.92472923248323
-0.0625577968235716,1.60431861681664,-0.753212948424161,-7.13737830524393,8.08283661062234,-1.6515367046908,-1.92073771182283
-0.071299567424658,1.60649172342735,-0.730649278124925,-7.1294527627516,8.04557489517188,-1.64544218601653,-1.91518127666662
-0.0800245027866783,1.60842635238531,-0.708419745566207,-7.12144132143553,8.0073854018574,-1.63677846159556,-1.90805393587244
-0.0887280871395647,1.61012833816532,-0.686537478473418,-7.1133685204778,7.96841088890918,-1.6255355963957,-1.89932684129904
-0.0974063667042572,1.61160309329624,-0.665014178482013,-7.10525824188991,7.9287986616138,-1.61172251712677,-1.88894679971999
-0.106055970275765,1.61285559134469,-0.643860250723748,-7.09713368100181,7.88869844434452,-1.59536819461402,-1.87683526420423
-0.114674116991055,1.61389036717632,-0.623084930534148,-7.08901732166118,7.84826017183142,-1.57652271017947,-1.86288791504983
-0.123258611228991,1.61471153223589,-0.602696403947991,-7.08093091341561,7.80763176174468,-1.55525813471342,-1.8469749300612
-0.131807825554824,1.61532280142979,-0.582701920371272,-7.07289545051518,7.76695693241501,-1.53166913215544,-1.82894202531578
-0.140320673555991,1.61572752720216,-0.563107897443121,-7.06493115471517,7.72637312735349,-1.5058731843658,-1.80861231975216
-0.148796575208003,1.61592873565659,-0.543920019388687,-7.05705746513886,7.68600960205011,-1.4780103241818,-1.78578903963034
-0.157235417951223,1.61592915917691,-0.525143330901221,-7.0492930385606,7.64598571892688,-1.44824226068736,-1.76025903260353
-0.16563751686546,1.61573126001171,-0.506782328630842,-7.04165576225693,7.6064094845832,-1.41675078867351,-1.73179700725403
-0.174003577150416,1.61533723976697,-0.488841051646779,-7.03416277915733,7.56737635133345,-1.38373539624451,-1.7001703553455
-0.182334661557538,1.61474903072579,-0.471323170845751,-7.02683052176152,7.52896829423085,-1.34941002305051,-1.66514435542343
-0.190632164529368,1.61396826637205,-0.454232075391626,-7.01967474775126,7.49125316652964,-1.31399897724745,-1.62648750459223
-0.198897793695171,1.61299623035833,-0.437570952189363,-7.01271056711152,7.45428433117774,-1.27773208926433,-1.58397668917405
-0.207133558191653,1.61183378527731,-0.421342852485506,-7.00595244857616,7.41810056275304,-1.2408392578535,-1.53740189454383
-0.215341762181218,1.61048128474081,-0.405550738314396,-6.999414192829,7.38272621178747,-1.20354461762068,-1.48657017918708
-0.223525001058076,1.60893847417239,-0.390197500951117,-6.99310886127517,7.34817162003265,-1.16606061358484,-1.43130870441957
-0.231686157235474,1.60720438712501,-0.375285943890573,-6.98704865204821,7.31443376984942,-1.12858229401238,-1.37146672043023
-0.239828392081679,1.60527724469383,-0.360818724011841,-6.98124471849592,7.28149714364636,-1.09128211867604,-1.30691655602502
-0.247955130414766,1.60315436573594,-0.346798246129558,-6.9757069286581,7.24933476157791,-1.05430552411891,-1.23755383250946
-0.256070033810888,1.60083209538108,-0.333226507529098,-6.97044356615575,7.21790935994701,-1.01776739759698,-1.16329730717017
-0.264176958645908,1.59830575917474,-0.32010488973812,-6.96546097268937,7.18717467158425,-0.981749502013618,-1.08408893471221
-0.272279894151322,1.59556965071336,-0.307433894254463,-6.96076312982625,7.15707677490506,-0.946298784680264,-0.999894904243434
-0.280382874837743,1.59261706237547,-0.295212817123433,-6.95635117360645,7.12755549102077,-0.9114264128615,-0.910708554632285
-0.288489860680203,1.58944037208732,-0.283439354593971,-6.95222283141722,7.09854582698783,-0.877107325660904,-0.816556176026516
-0.296604578097412,1.58603120388457,-0.272109129869588,-6.94837176952982,7.06997948456343,-0.843280087531688,-0.717506733673335
-0.304730316138386,1.58238068536467,-0.261215131645463,-6.94478684609755,7.04178647146111,-0.80984688234956,-0.613686425642761
-0.312869677175579,1.57847982854229,-0.25074706257761,-6.94145128419992,7.01389685634275,-0.776673603852115,-0.505298573363011
-0.321024291994419,1.57432005762221,-0.240690615308248,-6.93834181912324,6.98624268625754,-0.7435901774261,-0.392648449538696
-0.329194527224626,1.56989389114048,-0.231026730406571,-6.93542793718865,6.95876002133849,-0.710391473538367,-0.276171079658242
-0.337379237792989,1.56519574976447,-0.221730945871044,-6.93267140406427,6.93139092894681,-0.676839397001104,-0.156457790283449
-0.345575641913315,1.56022280270418,-0.212773011933041,-6.93002635314159,6.90408513465368,-0.642666865164513,-0.0342747668347422
-0.353779406385695,1.55497569690054,-0.204116989724866,-6.92744021899355,6.8768009093342,-0.60758429319062,0.0894346876489558
-0.361985006349659,1.54945896610805,-0.195722033566423,-6.92485569677478,6.84950477912152,-0.571288788269386,0.213571378462147
-0.370186355718206,1.54368093609234,-0.187543936941033,-6.92221366064155,6.82216986463018,-0.533475567790196,0.336927045534418
-0.378377608813069,1.53765305288055,-0.179537312755434,-6.91945664810623,6.79477306745281,-0.493850432054029,0.458250796596919
-0.386553956460545,1.53138873369274,-0.17165806169872,-6.91653226921157,6.76729174685539,-0.45214182692173,0.576321686161618
-0.394712229196171,1.5249019915647,-0.163865673814966,-6.91339588165928,6.73970072258747,-0.408111339504943,0.690011565144261
-0.402851186247163,1.51820613416355,-0.156124970102271,-6.91001210690455,6.71197028303092,-0.361562209441235,0.798326556496642
-0.410971472956093,1.51131276971646,-0.148407081186219,-6.90635511410268,6.68406548277387,-0.312346167428877,0.900423723774144
-0.419075316458302,1.50423122295058,-0.140689671683646,-6.90240789014979,6.6559466155752,-0.260369257047568,0.995607107991793
-0.427166068723741,1.49696834396715,-0.132956562737854,-6.89816084791013,6.62757051952675,-0.205597171328679,1.08331127671954
-0.435247701114091,1.48952862395413,-0.125196956600149,-6.89361011560553,6.59889233483543,-0.148060202184485,1.1630806642265
-0.443324327068542,1.4819145138823,-0.117404451886356,-6.8887557692679,6.56986741543382,-0.0878573892110142,1.23455082528614
-0.451399799423587,1.47412685506836,-0.109575995547678,-6.88360018161594,6.54045320510655,-0.0251590455014682,1.29743494397838
-0.459477405989914,1.4661653526262,-0.101710875387253,-6.87814659595617,6.51061097397996,0.0397933605678233,1.35151652307564
-0.467559672284161,1.45802904221177,-0.0938098257310618,-6.87239799499226,6.48030735844165,0.106690924283075,1.39664746235647
-0.475648270507443,1.44971671384557,-0.0858742972826221,-6.8663563098032,6.44951566702375,0.175165244699759,1.43274970610452
-0.483744025506508,1.44122726596791,-0.0779059241960051,-6.86002199026704,6.41821692426085,0.244800641346475,1.45981820154083
-0.491846999942964,1.43255997172832,-0.0699062017171291,-6.85339392735584,6.38640063832864,0.315150015143341,1.47792296842755
-0.499956632930351,1.42371465013301,-0.0618763648491737,-6.84646968097293,6.3540653015119,0.385753069142969,1.48720854137628
-0.508071901165043,1.41469174696109,-0.0538174350834519,-6.83924593215428,6.32121866039958,0.456155159147208,1.48788977870557
-0.516191471243423,1.40549234205005,-0.0457303834977713,-6.83171905556029,6.28787781419368,0.525924928118861,1.48024385812155
-0.524313817165236,1.39611810763443,-0.037616349302859,-6.82388570421867,6.25406920422513,0.594669117912555,1.46459901352768
-0.532437286729122,1.3865712448281,-0.0294768552312819,-6.81574331398275,6.21982854181819,0.662043467020908,1.44132106825345
-0.54056011194326,1.37685442193989,-0.0213139733758159,-6.80729046440029,6.18520068979293,0.727759242810765,1.41079903218169
-0.548680368778847,1.36697073080087,-0.0131304129215499,-6.79852706667814,6.150239475998,0.791585560101794,1.37343098371016
-0.556795898557334,1.35692366821922,-0.00492951976052264,-6.78945437984407,6.11500738719027,0.853348087569768,1.32961123632281
-0.564904206350394,1.34671714139106,0.0032848065653848,-6.78007487796401,6.07957507665617,0.912924990266796,1.27971949022193
-0.573002351561832,1.33635548999489,0.0115082626348004,-6.77039200311141,6.04402062193821,0.970241013343633,1.22411236987897
-0.581086843571481,1.32584351418307,0.0197363361758195,-6.76040984228791,6.00842848754546,1.02526052912516,1.16311749572544
-0.589153552228755,1.31518649643084,0.0279645233894429,-6.75013276453001,5.97288817613686,1.07798020818904,1.09703005182303
-0.597197640050162,1.30439020557098,0.0361885466857965,-6.73956504985275,5.93749258398016,1.12842178824463,1.02611169193291
-0.605213520729072,1.29346087268367,0.0444045533743079,-6.7287105365847,5.90233610677696,1.17662523913568,0.950591565249019
-0.613194847158231,1.28240513034577,0.0526092787322792,-6.71757230922944,5.8675125659879,1.22264247794417,0.870669228122191
-0.621134531502252,1.27122990878883,0.0608001597294526,-6.70615244567443,5.83311304114747,1.26653168151061,0.786519226635975
-0.629024799728228,1.25994228466633,0.0689753883328682,-6.69445184028651,5.79922369958145,1.30835217313062,0.698297173805316
-0.636857283165138,1.24854928041815,0.0771338958049493,-6.68247011783173,5.76592371217691,1.34815982048685,0.606147190134912
-0.644623149868679,1.23705761478127,0.085275261957842,-6.6702056517188,5.73328333438571,1.38600286725485,0.510210610598288
-0.652313278544159,1.22547340806817,0.0933995463161947,-6.65765569811039,5.7013622183968,1.42191812672227,0.410635864968367
-0.659918477178013,1.21380184973008,0.101507042096299,-6.64481665407415,5.67020800891891,1.45592748923814,0.307589389311858
-0.667429746882806,1.20204684077868,0.109597959470196,-6.63168444200935,5.63985526491087,1.48803473438896,0.201267301995334
-0.674838588194858,1.19021063007695,0.11767205233939,-6.61825501281025,5.61032474592566,1.51822269080597,0.0919073624246345
-0.682137341613043,1.17829347118339,0.125728213010221,-6.60452494564195,5.5816231059534,1.54645084577345,-0.0201995709433671
-0.689319546271664,1.16629333448739,0.133764071065038,-6.59049210294877,5.55374304840315,1.57265356236441,-0.134699714560396
-0.696380290814204,1.15420571591974,0.141775644222016,-6.57615627773473,5.52666400784422,1.5967390966171,-0.251169598649121
-0.703316520570823,1.14202358560745,0.149757096223965,-6.56151975165446,5.50035342783002,1.61858960099969,-0.369113915565587
-0.710127258290176,1.12973751406831,0.157700654864,-6.54658767514035,5.47476868767676,1.63806223773413,-0.487969281990432
-0.71681369600834,1.1173359975212,0.165596728059522,-6.53136819295631,5.44985968493985,1.65499140818408,-0.607114523317357
-0.723379126357467,1.10480597819306,0.17343422702769,-6.51587227404911,5.42557200402882,1.66919196088957,-0.725886987348476
-0.729828702821771,1.0921335249181,0.181201068551915,-6.50011325818957,5.4018505085346,1.68046312328379,-0.843603145832095
-0.736169045773434,1.07930461207141,0.188884793730651,-6.48410618868953,5.37864311165269,1.68859286608692,-0.959580753445633
-0.742407736723392,1.06630591938668,0.196473220072413,-6.46786704109614,5.35590443442084,1.69336248235784,-1.07315948249271
-0.748552759169328,1.05312557601952,0.203955044016388,-6.45141196799732,5.3335990725892,1.69455132371968,-1.18371738487242
-0.754611946546076,1.03975378769038,0.211320330113596,-6.43475665836248,5.3117042561334,1.69194181971071,-1.29068158220284
-0.760592487435869,1.02618330916622,0.218560852264324,-6.41791586749048,5.29021177815547,1.68532503513779,-1.39353286283437
-0.766500520908285,1.01240974759663,0.225670280575294,-6.4009031280056,5.26912916232678,1.67450703909224,-1.49180496847329
-0.77234083716057,0.998431699421554,0.232644226681299,-6.38373061826374,5.24848010586562,1.65931625281546,-1.58508003603754
-0.778116685214815,0.984250732747976,0.239480168333291,-6.3664091491377,5.22830426694758,1.63961173566497,-1.67298187905997
-0.783829682017841,0.969871229704883,0.246177272952181,-6.34894823261899,5.20865646305653,1.61529210900005,-1.75516865111778
-0.789479815055997,0.955300102556671,0.252736134313399,-6.33135621004685,5.18960532082938,1.58630456924739,-1.83132608880733
-0.795065531334274,0.940546396647892,0.259158431296627,-6.31364043627768,5.17123138381754,1.55265326679967,-1.9011621245839
-0.800583906825255,0.925620794994646,0.265446516135153,-6.29580753156637,5.15362465875488,1.51440627804183,-1.96440328530688
-0.806030890330373,0.910535044556499,0.271602943361178,-6.27786372014406,5.13688157785936,1.47170049780313,-2.02079299974805
-0.811401613074634,0.895301332516144,0.277629959281229,-6.25981527091052,5.12110138352525,1.42474401135002,-2.07009174264932
-0.816690750228326,0.879931650676895,0.283528983344164,-6.24166904168783,5.10638200314079,1.3738158049127,-2.11207883602156
-0.821892913748624,0.864437195017901,0.289300124163298,-6.22343310713865,5.09281556642087,1.31926294595715,-2.14655568646054
-0.827003048920342,0.848827852927691,0.294941780860577,-6.20511742664206,5.08048380808282,1.26149551489637,-2.17335022660146
-0.832016801518009,0.833111830304446,0.300450381775217,-6.18673448778084,5.06945367396553,1.20097954823171,-2.19232231263868
-0.836930820381827,0.817295462828734,0.305820305215223,-6.16829984889106,5.0597734902689,1.13822808373748,-2.20336977698678
-0.841742962897591,0.801383239518406,0.311044009841641,-6.14983250445776,5.05147005155104,1.07379018391716,-2.20643473002636
-0.846452379317661,0.785378042784028,0.316112376135975,-6.13135501235439,5.0445469291867,1.00823770321279,-2.20150955578463
-0.851059465984551,0.769281580115423,0.321015228150724,-6.11289335183558,5.03898420039748,0.942149691228452,-2.18864188977262
-0.85556569576711,0.753094952946841,0.325741972056792,-6.09447652199929,5.03473965686249,0.876094738543283,-2.1679377634214
-0.859973353109896,0.736819284668027,0.330282262867582,-6.0761359339986,5.03175138690375,0.810612192423397,-2.13956211733341
-0.864285216475643,0.720456318852637,0.33462660139809,-6.05790468515411,5.02994146133927,0.746193790722027,-2.10373607554844
-0.86850423819008,0.704008904829792,0.338766775096783,-6.03981681813716,5.02922032287572,0.683267625699432,-2.06073073921647
-0.872633268340239,0.687481310200732,0.342696087588957,-6.02190665782069,5.0294914138187,0.622186263420919,-2.01085774204991
-0.876674856344065,0.670879332944044,0.34640936429451,-6.00420828553632,5.03065559431991,0.563220283306082,-1.95445730157817
-0.880631145191621,0.654210220226037,0.349902762978406,-5.98675516695303,5.03261499731245,0.506557628129249,-1.89188487527715
-0.884503854688762,0.637482428221293,0.353173447363642,-5.96957991029768,5.03527610825432,0.452308240623029,-1.8234976985536
-0.888294335977423,0.620705272099594,0.356219193360415,-5.9527141073287,5.03855200866746,0.400512767591482,-1.74964241883182
-0.892003672393254,0.603888517587199,0.359037992229056,-5.93618820391623,5.04236384779904,0.351153779110059,-1.67064479262738
-0.895632800975754,0.58704195854873,0.361627699069782,-5.92003135655778,5.04664168743135,0.304167978083532,-1.58680206984887
-0.899182632621559,0.570175013642387,0.363985755709957,-5.90427124810608,5.05132489891666,0.259458159523209,-1.49837834683141
-0.902654154498776,0.553296363469115,0.366109000112019,-5.88893385295948,5.05636228884893,0.216904079306194,-1.40560289777918
-0.906048503940367,0.536413640387626,0.367993562907592,-5.87404315411549,5.06171210480335,0.176371789551822,-1.30867132738973
-0.909367007476709,0.519533177320212,0.36963484615166,-5.8596208201151,5.06734203822275,0.137721319489799,-1.20774932516614
-0.912611181606389,0.502659819318021,0.371027578899665,-5.84568584973455,5.07322930635518,0.100812800124449,-1.10297882020692
-0.915782693538224,0.485796801686017,0.372165947092337,-5.83225418838116,5.07936086288295,0.065511252748396,-0.994486396648105
-0.918883280978312,0.468945700149684,0.373043799715997,-5.81933831509032,5.08573375738288,0.03169030470408,-0.882393889797058
-0.921914630767278,0.45210646082422,0.373654937524458,-5.80694679549456,5.09235563435784,-0.000764917655477505,-0.76683109115078
-0.924878217589084,0.435277519389154,0.373993492857568,-5.79508379690616,5.09924532953614,-0.0319555215043486,-0.647950391176633
-0.927775106929026,0.418456018338222,0.374054407016849,-5.78374856954892,5.10643348126569,-0.0619670877138052,-0.525942924701752
-0.930605731725697,0.401638126611857,0.373834002672364,-5.77293491551951,5.11396302774607,-0.0908683970210252,-0.401055312292814
-0.933369660073328,0.384819455515676,0.373330630577303,-5.76263069530013,5.12188941193018,-0.118710720689251,-0.273605419510207
-0.936065381165132,0.367995547784427,0.372545342028774,-5.75281745792609,5.13028027928572,-0.145527836470588,-0.143994796341536
-0.93869014593913,0.351162394765993,0.371482504944014,-5.74347031617962,5.1392144524506,-0.171336962315017,-0.0127148777166999
-0.941239903124886,0.334316915859218,0.370150252526842,-5.73455820585271,5.1487800273204,-0.19614074445279,0.119655969474538
-0.94370936528441,0.317457324271681,0.36856064538387,-5.72604464793382,5.15907157115883,-0.219930273625041,0.25246647550564
-0.946092219836119,0.300583313724425,0.366729455968379,-5.71788906146035,5.17018659684207,-0.242688859219219,0.385017411246795
-0.948381469577598,0.283696035136482,0.364675551794963,-5.71004856090241,5.18222167950523,-0.26439605004896,0.516594574613998
-0.950569855515296,0.266797881731803,0.362419943887458,-5.70248005046046,5.19526869225104,-0.285031266747623,0.646504626414649
-0.952650294668496,0.249892146475693,0.359984645733721,-5.69514234756284,5.20941160941807,-0.304576482147815,0.774107714463711
-0.95461626547907,0.232982638577083,0.357391523368249,-5.68799806398598,5.2247241662062,-0.323017636378786,0.898841853609225
-0.956462092408886,0.216073339002686,0.354661297813962,-5.68101504410453,5.24126844224315,-0.340344796598263,1.02023645597341
-0.958183109686379,0.199168146344567,0.351812801868262,-5.67416727092946,5.25909424321293,-0.356551338470731,1.13791513600679
-0.959775710430706,0.182270729571241,0.348862522889328,-5.66743525700969,5.27823904729742,-0.371632559655295,1.25158994849727
-0.961237304149093,0.165384476577403,0.345824406777332,-5.66080600846686,5.29872826936627,-0.38558413281188,1.36105012121382
-0.962566211534994,0.14851251277864,0.342709866913093,-5.65427267905274,5.32057564644857,-0.398400715817955,1.46614825606187
-0.963761523416218,0.13165776107875,0.339527933697751,-5.64783402675337,5.34378362416248,-0.41007491805058,1.56678631350407
-0.964822944632107,0.114823018917377,0.336285487415761,-5.64149376344199,5.36834369589737,-0.420596714030928,1.66290287449233
-0.965750636777111,0.0980110353289959,0.332987530886348,-5.63525986136774,5.39423669986022,-0.429953316432107,1.75446245079083
-0.966545067938381,0.0812245780428958,0.329637472779826,-5.62914385656643,5.42143311045632,-0.438129470015087,1.84144709005581
-0.967206873399791,0.0644664862429729,0.326237404485131,-5.62316017162131,5.44989337290772,-0.445108099957638,1.92385019617792
-0.96773672871664,0.0477397083791104,0.322788362078922,-5.61732546870024,5.47956832857502,-0.450871235061735,2.00167231335666
-0.96813523523187,0.0310473266102139,0.319290570473301,-5.61165803725854,5.51039976806586,-0.45540112334128,2.07491855173023
-0.968402817611438,0.0143925704631059,0.315743669863677,-5.60617721773213,5.54232113395529,-0.458681461730959,2.14359732009437
-0.968539632990053,-0.0022211775042313,0.312146925871991,-5.60090286164818,5.57525837798811,-0.460698671707533,2.20772004797289
-0.968545491592852,-0.0187903815389168,0.308499424891916,-5.59585482887684,5.60913096142124,-0.461443167183577,2.26730160788537
-0.968419789063662,-0.0353113561004287,0.304800255564578,-5.59105252357728,5.64385297350455,-0.460910578049445,2.32236118074704
-0.968161451073221,-0.0517802715943399,0.301048676403525,-5.58651447132475,5.67933433320282,-0.459102909159644,2.37292334011676
-0.967768891031415,-0.0681931618731651,0.297244268617177,-5.5822579406606,5.71548203372487,-0.456029626919283,2.41901916453776
-0.967239981845351,-0.084545933545169,0.293387072349173,-5.57829861270029,5.75220138823872,-0.451708671044211,2.4606872224083
-0.966572042636134,-0.100834377588959,0.289477704010624,-5.57465030235833,5.78939723776379,-0.446167386270619,2.49797431118817
-0.965761841157714,-0.117054184053289,0.285517452184989,-5.57132473417789,5.8269750876886,-0.439443358629346,2.53093587174047
-0.964805612370524,-0.133200960719792,0.281508349750609,-5.56833137474716,5.86484214650736,-0.431585126156432,2.55963603756425
-0.963699093238371,-0.149270256533947,0.27745322033708,-5.56567732238255,5.90290824803975,-0.422652718479309,2.58414731525243
-0.962437573364368,-0.165257590389011,0.273355697926088,-5.56336725333561,5.94108664562426,-0.412717967542917,2.60454992429078
-0.961015960580267,-0.18115848550386,0.269220219236674,-5.56140342241118,5.97929467289704,-0.401864525930694,2.62093084937886
-0.959428860067802,-0.196968509191745,0.265051989427707,-5.55978571468657,6.0174542704858,-0.390187531586633,2.63338267573186
-0.957670665033211,-0.212683317294795,0.260856922562481,-5.55851174404494,6.05549238129935,-0.377792868681073,2.6420022871293
-0.955735656396319,-0.228298701985769,0.256641559189473,-5.55757699345431,6.09334121936328,-0.364795993153064,2.6468895083589
-0.953618108425394,-0.243810641053834,0.252412964284839,-5.55697499126952,6.13093841876155,-0.351320316510935,2.64814576916852
-0.951312396795721,-0.259215346251532,0.24817860965106,-5.55669751723562,6.16822707062504,-0.33749517057859,2.64587285711487
-0.948813105231166,-0.274509307855231,0.243946245625783,-5.55673483128685,6.20515565760548,-0.323453406430829,2.64017181307869
-0.946115126764122,-0.289689332356713,0.23972376755497,-5.55707591768063,6.24167789706683,-0.309328709945318,2.63114200702374
-0.943213755768042,-0.304752570223525,0.235519082841854,-5.55770873655107,6.27775250631031,-0.295252741401952,2.61888041416027
-0.940104767301715,-0.319696530978753,0.23133998441986,-5.55862047471935,6.31334290533457,-0.281352224861656,2.60348109442242
-0.936784480944882,-0.334519083456762,0.227194036161938,-5.55979778767742,6.3484168746023,-0.267746122714075,2.58503486247287
-0.933249807155087,-0.349218439947313,0.223088475021228,-5.5612270251553,6.3829461866639,-0.254543030673658,2.56362912259185
-0.929498275159406,-0.363793123964338,0.219030133639612,-5.56289443363108,6.41690623092521,-0.241838918454266,2.53934783380222
-0.925528042417751,-0.378241922460346,0.215025385848139,-5.56478633051981,6.45027565009044,-0.2297153221445,2.51227156600757
-0.921337886658955,-0.39256382433686,0.21108011603679,-5.56688924649186,6.48303600476485,-0.218238067557188,2.48247760780141
-0.916927182310641,-0.406757947969779,0.207199711924547,-5.56919003428752,6.51517147944582,-0.207456571795071,2.45004009040043
-0.912295863755725,-0.420823461095166,0.20338907894262,-5.57167594434744,6.5466686389185,-0.197403735626934,2.41503009884885
-0.907444378217467,-0.43475949673866,0.199652673359886,-5.57433466940511,6.57751623928888,-0.188096404833744,2.37751574993952
-0.902373631198403,-0.448565068911764,0.195994550501554,-5.57715436174392,6.60770509300205,-0.179536347205696,2.3375622248783
-0.897084927298069,-0.462238991564376,0.19241842397278,-5.58012362799971,6.63722798268302,-0.171711665765724,2.29523175245965
-0.891579908954564,-0.475779803827801,0.188927731692801,-5.58323150712862,6.6660796149308,-0.164598549915851,2.2505835446826
-0.885860495249123,-0.489185703972666,0.185525704735224,-5.58646743744451,6.69425660260498,-0.158163255660544,2.20367369101939
-0.87992882243931,-0.502454493815863,0.182215435396014,-5.58982121849126,6.72175746283785,-0.152364204105621,2.15455502006978
-0.873787187397973,-0.515583534608728,0.178999941499734,-5.59328297301837,6.74858261798655,-0.147154093456777,2.10327693850306
-0.867437994674899,-0.528569714782734,0.175882224631625,-5.59684311356549,6.77473438786291,-0.142481932404208,2.04988525755774
-0.86088370749678,-0.541409429360981,0.172865320678759,-5.60049231723708,6.80021696358001,-0.138294920215433,1.99442201747576
-0.854126802696127,-0.55409857038856,0.169952341720284,-5.60422151126595,6.82503635589846,-0.134540118963573,1.93692532052058
-0.84716972931837,-0.566632527403479,0.167146508881013,-5.60802187101801,6.84920031369412,-0.13116588402835,1.87742918392892
-0.840014870495243,-0.579006196759177,0.164451176227094,-5.61188483125577,6.87271821077904,-0.128123038544302,1.81596342537225
-0.832664508085866,-0.59121399851144,0.161869846121964,-5.61580211080896,6.89560090154058,-0.125365794490554,1.75255359524669
-0.825120789564382,-0.603249899582442,0.159406176672427,-5.61976575032469,6.91786054755166,-0.12285243679039,1.68722097229161
-0.817385696665623,-0.615107441998024,0.157063981983299,-5.62376816249797,6.93951041837582,-0.120545796779813,1.61998264157876
-0.809461015381154,-0.626779775148443,0.154847225914465,-5.62780219410036,6.96056467025137,-0.118413547791378,1.55085167675616
-0.801348307022524,-0.638259691236601,0.152760009909898,-5.63186119920764,6.98103810626444,-0.116428358765867,1.47983745154103
-0.793048880235614,-0.649539663343602,0.150806555258585,-5.63593912323495,7.0009459211282,-0.114567942309937,1.40694610879996
-0.784563764062299,-0.660611885855508,0.148991179867537,-5.64003059767404,7.02030343292377,-0.112815032083205,1.33218121905294
-0.77589368240642,-0.671468317353239,0.14731826929437,-5.64413104573627,7.03912580328528,-0.111157321417633,1.25554466367949
-0.76703903057691,-0.682100726468327,0.145792241420178,-5.64823679937116,7.05742774669497,-0.109587391135383,1.17703778107407
-0.757999854954958,-0.692500741644111,0.144417503768449,-5.65234522827823,7.07522322896489,-0.108102649994966,1.09666281574333
-0.748775837264249,-0.702659906202758,0.143198402127975,-5.65645488146884,7.09252515479731,-0.106705306255925,1.01442470967164
-0.73936628540325,-0.712569740577173,0.142139158868303,-5.66056564155657,7.10934504472289,-0.105402383554216,0.930333270460548
-0.72977013329877,-0.722221813975965,0.141243799218449,-5.66467889113523,7.12569270290394,-0.104205788538506,0.844405739417652
-0.719985952709175,-0.731607828032705,0.140516063912075,-5.66879768921024,7.14157587944053,-0.103132431359629,0.756669762034551
-0.710011980255988,-0.740719715031577,0.139959307111006,-5.67292695356022,7.15699993405393,-0.102204392953441,0.667166730005278
-0.699846163067001,-0.74954975294412,0.139576379545392,-5.67707364205399,7.17196751235302,-0.101449125034873,0.575955415404311
-0.689486226105368,-0.758090698568859,0.139369498484102,-5.68124692238057,7.18647825109234,-0.100899660010138,0.483115752845828
-0.678929763347939,-0.76633593834928,0.139340108544299,-5.68545831561535,7.20052853433432,-0.100594799235044,0.38875254682767
-0.668174353295135,-0.774279653833042,0.139488740399096,-5.68972179508636,7.21411132719941,-0.100579240409988,0.292998797067498
-0.657217696770561,-0.78191699526303,0.139814877857329,-5.69405381900217,7.22721611641765,-0.100903600246702,0.196018259828685
-0.646057771717638,-0.789244252767993,0.140316846986249,-5.69847327444321,7.23982898537389,-0.101624289127409,0.0980068207151062
-0.634692996116496,-0.796259010712683,0.140991743054505,-5.70300131286288,7.25193284411402,-0.102803202409086,-0.000807729088961386
-0.623122386922541,-0.802960267978614,0.141835411073295,-5.70766106412649,7.26350782108692,-0.104507209330015,-0.100167822638209
-0.61134570096625,-0.809348506428707,0.142842492758168,-5.71247722739502,7.27453180414919,-0.106807444066262,-0.19979027399241
-0.599363543901377,-0.815425692486395,0.144006546555326,-5.71747555157855,7.28498109661126,-0.10977843053662,-0.299372321629014
-0.587177435999852,-0.821195202870233,0.145320238636278,-5.7226822330159,7.29483113469797,-0.113497096876763,-0.398599131218445
-0.574789828626915,-0.826661674292259,0.146775593104389,-5.72812327005762,7.30405720102931,-0.118041750199135,-0.49715208481228
-0.562204071598769,-0.831830786607989,0.148364281301281,-5.73382382022259,7.31263506838038,-0.123491082199336,-0.594717045305287
-0.549424337853966,-0.836708997280453,0.150077925113238,-5.73980760395182,7.32054151965836,-0.129923260205479,-0.690991794167841
-0.536455516514959,-0.841303250167531,0.15190838869313,-5.74609639026984,7.32775471071622,-0.13741512990292,-0.785691993881197
-0.523303087574782,-0.845620682612965,0.153848036841432,-5.7527095864123,7.33425436678899,-0.146041522110829,-0.878555279863152
-0.509972991007524,-0.849668351888711,0.155889945082594,-5.75966393916392,7.34002182506118,-0.155874624399336,-0.969343372849958
-0.496471500669814,-0.853452996442173,0.15802805432138,-5.76697334344798,7.345039950828,-0.166983355103256,-1.05784235722675
-0.482805109906323,-0.856980840793241,0.160257270093457,-5.77464874558201,7.34929296119881,-0.179432665463223,-1.14386145132043
-0.46898043225723,-0.86025744678234,0.162573511673485,-5.78269812506287,7.35276618907853,-0.193282695315596,-1.22723068865421
-0.455004117782742,-0.863287609157693,0.164973719254405,-5.79112653908894,7.35544581357391,-0.208587717176295,-1.30779794483453
-0.440882783606752,-0.866075290586106,0.167455828247792,-5.79993621696107,7.35731857381126,-0.225394820311856,-1.38542570615261
-0.426622956371691,-0.868623589989351,0.170018719002169,-5.80912669560522,7.35837147391789,-0.243742308326153,-1.45998790837152
-0.412231024230842,-0.870934738291253,0.172662148516024,-5.81869499152302,7.35859147944793,-0.263657809374638,-1.53136709802119
-0.397713196538356,-0.873010116753835,0.175386668599441,-5.82863580764003,7.35796520096002,-0.285156126269474,-1.59945209686277
-0.383075470277086,-0.874850294645393,0.178193532852462,-5.83894177526787,7.35647855935527,-0.308236883437974,-1.66413628893358
-0.368323603259029,-0.876455084639761,0.18108459309529,-5.84960373149296,7.35411643010344,-0.332882057572261,-1.72531659939283
-0.353463095047128,-0.877823615787457,0.184062184718281,-5.86061103074589,7.35086226942322,-0.359053506861884,-1.78289319283386
-0.338499177216658,-0.878954424880289,0.187128999955358,-5.87195188628177,7.34669773428722,-0.386690637297586,-1.83676988219764
-0.323436814867231,-0.879845567364101,0.190287948391595,-5.88361373319073,7.34160231884843,-0.415708360670181,-1.88685520455309
-0.308280721120436,-0.880494748520014,0.193542005085853,-5.89558359991975,7.3355530411658,-0.445995504710771,-1.93306408465163
-0.293035385656374,-0.880899474403808,0.196894048415975,-5.90784847085101,7.32852422420179,-0.477413829262381,-1.97531997094267
-0.277705117192947,-0.881057220096042,0.200346691913936,-5.92039561908222,7.32048742202198,-0.509797782724831,-2.01355729322354
-0.262294098324044,-0.880965610404741,0.20390211660858,-5.93321288702392,7.31141154407578,-0.542955101199497,-2.04772405958574
-0.246806449526004,-0.88062260564937,0.20756191230126,-5.94628889344521,7.30126322596483,-0.576668311234908,-2.07778438720062
-0.231246297702551,-0.880026683012578,0.211326937307521,-5.95961314951542,7.29000748362665,-0.610697149350566,-2.10372075128484
-0.21561784366838,-0.879177002665707,0.215197206122064,-5.97317607309509,7.27760866986752,-0.644781861509859,-2.12553574279954
-0.199925422723146,-0.878073547861779,0.219171812996204,-5.9869688993867,7.26403172929244,-0.678647297175678,-2.14325314953707
-0.184173553072493,-0.876717229653407,0.223248896606391,-6.00098349595695,7.24924372241833,-0.712007668828516,-2.15691821602851
-0.168366968276204,-0.875109949766472,0.227425647172414,-6.01521209968159,7.23321556509878,-0.74457181175768,-2.16659699130302
-0.152510631934079,-0.873254619084734,0.231698353127279,-6.02964700090594,7.21592390819406,-0.776048753170251,-2.1723747341136
-0.136609735108877,-0.871155133583002,0.236062480446407,-6.04428020488552,7.197353066905,-0.806153386500516,-2.17435340621861
-0.120669679123199,-0.868816313682101,0.240512774684356,-6.05910310170438,7.17749690056062,-0.834612047858857,-2.17264833967555
-0.104696047978152,-0.86624381622235,0.245043374139795,-6.07410617333209,7.15636054201649,-0.861167807122959,-2.16738420958063
-0.0886945754722215,-0.863444030085999,0.249647922586413,-6.08927876085996,7.13396188039786,-0.885585314624482,-2.15869047729905
-0.0726711120661115,-0.860423966742742,0.25431967156555,-6.1046089073058,7.11033271041165,-0.90765508198504,-2.14669649120031
-0.0566315957376785,-0.857191155747719,0.259051564957757,-6.12008328297491,7.08551947451263,-0.927197116984065,-2.13152644401542
-0.0405820297335669,-0.853753552841384,0.263836301884662,-6.13568719246155,7.05958353982407,-0.944063871282869,-2.1132943905313
-0.0245284685576535,-0.850119465293238,0.268666377341865,-6.15140465597029,7.0326009693699,-0.958142490862901,-2.09209952843741
-0.00847701204925396,-0.846297496041368,0.273534102802212,-6.16721855334935,7.00466176679882,-0.969356378402148,-2.06802193970291
0.00756619375294769,-0.842296505486821,0.278431610985528,-6.18311081725188,6.97586859547997,-0.977666083265964,-2.04111897955162
0.0235949509371955,-0.838125587846476,0.283350849891922,-6.19906266198914,6.94633499655954,-0.983069529748804,-2.01142248342906
0.0396030013511641,-0.833794057918228,0.288283571064376,-6.2150548364268,6.91618315572962,-0.985601581384419,-1.97893693719254
0.0555840173187888,-0.829311443963472,0.293221316073669,-6.23106789204395,6.88554129384739,-0.985332923777992,-1.94363872005662
0.0715315925355612,-0.824687483015282,0.298155403713854,-6.24708246029923,6.85454078029656,-0.982368236322696,-1.90547648244353
0.0874392333862193,-0.819932116026929,0.303076918728379,-6.26307953605769,6.82331308785348,-0.976843619773124,-1.86437266231831
0.10330035010673,-0.815055481586915,0.307976701422219,-6.27904076548488,6.79198672154387,-0.96892325611372,-1.82022607654943
0.119108246595932,-0.810067908150674,0.312845336561191,-6.29494873718724,6.76068425968294,-0.958795301595613,-1.77291545351934
0.134856107403993,-0.804979905633865,0.317673139715163,-6.31078727439697,6.72951964183668,-0.946667052703455,-1.72230370710851
0.15053698055447,-0.799802157620709,0.322450139728299,-6.3265417238633,6.69859582560176,-0.9327594746634,-1.66824269939407
0.166143755391686,-0.794545515307116,0.32716605721228,-6.34219923425224,6.66800291261673,-0.917301236521914,-1.61057820945177
0.181669135515055,-0.789220993664407,0.331810280649563,-6.35774901385659,6.637816815741,-0.900522447173968,-1.54915482686721
0.197105607946086,-0.783839769292352,0.336371843580408,-6.37318255488372,6.60809850630851,-0.882648323441916,-1.48382052644589
0.212445410829663,-0.778413178186284,0.340839408142773,-6.38849381000194,6.57889384582989,-0.863893035827854,-1.41443075650378
0.227680503071112,-0.772952710323718,0.345201261723071,-6.4036793064081,6.55023397388749,-0.844453964359597,-1.340851983687
0.24280254027834,-0.76746999668948,0.349445334578551,-6.41873818331688,6.52213619663372,-0.824506555230559,-1.26296477505167
0.257802862218498,-0.761976783140685,0.3535592470953,-6.4336721400365,6.49460530115445,-0.804199903304344,-1.18066665297797
0.27267249780843,-0.756484884324428,0.357530396086142,-6.44848528306163,6.46763521184916,-0.783653105480718,-1.09387511924483
0.287402194615526,-0.75100610961006,0.361346090524596,-6.46318386127728,6.44121090625542,-0.762952348103633,-1.00253139988574
0.301982481165878,-0.745552151600703,0.364993748616864,-6.47777587812826,6.41531051792293,-0.742148621954416,-0.906605599225031
0.316403772207087,-0.740134426276447,0.368461170146538,-6.49227056881132,6.38990756955377,-0.721255914387947,-0.806104050020707
0.33065652942806,-0.73476385250273,0.371736900074407,-6.50667773056644,6.36497329515647,-0.700249722035504,-0.701079671341795
0.344731492545377,-0.729450558327894,0.374810700036725,-6.52100689777484,6.34047901787563,-0.679065769982954,-0.591646033109784
0.358619996909907,-0.724203503784177,0.377674140967466,-6.53526636527335,6.31639854123674,-0.657598923103296,-0.477995474505867
0.372314391507271,-0.71903001733095,0.380321318381186,-6.54946208879693,6.2927104763367,-0.635702435508061,-0.360420898263998
0.385808561750476,-0.713935258841089,0.382749666761295,-6.56359653584329,6.26940036035088,-0.613187894163025,-0.239339642195537
0.39909854048512,-0.708921648672998,0.384960807238292,-6.57766762336035,6.2464623287718,-0.589826433695601,-0.115316118833532
0.412183155633421,-0.703988338805231,0.386961305824076,-6.59166794779207,6.22390001402713,-0.565351950650316,0.0109219637380108
0.425064617778065,-0.699130839377853,0.388763163209217,-6.60558455660533,6.20172631465508,-0.539467009825826,0.138480223548777
0.437748910869873,-0.694340933395469,0.390383832549164,-6.61939948208111,6.1799617848675,-0.511851808780208,0.26631288960352
0.450245839898492,-0.689606990182511,0.391845605638907,-6.6330911215932,6.15863167366479,-0.482175954685985,0.393259176081955
0.462568634672108,-0.684914712046664,0.393174336568847,-6.64663631820849,6.13776203854553,-0.450112107783106,0.518097337966043
0.474733109227088,-0.680248235499804,0.394397652870465,-6.66001275824322,6.11737570179236,-0.415350100210759,0.639606970510758
0.486756496488111,-0.675591405348229,0.395542958956904,-6.67320118040115,6.09748891378748,-0.377610218856228,0.756627062982717
0.498656162720637,-0.670928996791431,0.396635588471073,-6.68618695486948,6.07810936731468,-0.336654913598455,0.868099092625881
0.510448418872929,-0.666247694330709,0.397697391660835,-6.69896080164246,6.05923578754438,-0.29229891520212,0.973090045626739
0.522147591171149,-0.66153672092805,0.398745899915542,-6.71151865979467,6.04085891955284,-0.244418215166368,1.07079663994179
0.533765428542542,-0.656788101372296,0.399794066422082,-6.7238608890079,6.02296350437558,-0.19295837060205,1.16053641693315
0.545310848765364,-0.651996607205582,0.40085048905576,-6.73599104671068,6.00553079597235,-0.137942213738077,1.24173277522823
0.556789978355252,-0.647159458907123,0.401919986619172,-6.74791446655945,5.98854124931501,-0.0794764798931624,1.31390008005372
0.568206422051094,-0.642275864346041,0.403004402551821,-6.75963681516222,5.9719771133469,-0.0177563417387657,1.37663291064257
0.579561695041512,-0.637346465348182,0.404103526623729,-6.77116275939817,5.95582473785778,0.0469334826404016,1.42960127474186
0.590855753537117,-0.632372756638663,0.405216039213962,-6.78249484833897,5.94007644148481,0.114222390385039,1.47255171259291
0.602087561001461,-0.627356536432445,0.406340390835331,-6.79363269533421,5.9247318093504,0.183663315259281,1.50531279111523
0.613255628290934,-0.622299443045925,0.407475536586997,-6.80457252353034,5.90979832148591,0.254748204600105,1.52780258947224
0.624358469964691,-0.617202622368666,0.408621459294758,-6.81530710105931,5.8952912755912,0.326928901228426,1.54003542904689
0.635394930502555,-0.612066553518476,0.40977944169649,-6.82582603951741,5.88123305789181,0.399641779208415,1.54212532271005
0.646364354762398,-0.606891035199399,0.410952085937257,-6.83611637219327,5.86765191117949,0.472333683724728,1.53428435491798
0.657266603819731,-0.601675308410907,0.412143119492872,-6.84616328498763,5.85458041693065,0.544486371628943,1.51681528010646
0.668101943688709,-0.596418269792011,0.413357058592007,-6.85595085905501,5.8420539233994,0.615636869656281,1.49009876892225
0.678870852947828,-0.591118720234467,0.414598813830456,-6.8654627048863,5.83010910967586,0.68539191092082,1.45457665833162
0.689573801435466,-0.585775597295865,0.415873315540783,-6.87468241426958,5.81878279580147,0.753435658707981,1.41073308445962
0.700211046055071,-0.580388154337141,0.41718521370379,-6.88359381206048,5.80811102232762,0.819530985317202,1.35907545581039
0.71078247539424,-0.574956068273077,0.418538678090424,-6.89218103667261,5.79812835708538,0.883515389791335,1.30011694964098
0.721287517910946,-0.569479475480338,0.419937297866166,-6.90042850625819,5.78886735613909,0.945293080913779,1.23436174210162
0.73172511358558,-0.56395894802652,0.421384061529147,-6.90832083515735,5.78035810787428,1.00482482468468,1.16229366688508
0.742093738737374,-0.558395428913613,0.422881389086548,-6.91584275735346,5.77262781168122,1.06211695524574,1.08436854570836
0.752391468578383,-0.552790146400934,0.424431187141402,-6.92297909786474,5.76570037110287,1.1172106041161,1.00101009904604
0.762616061074245,-0.547144525487041,0.426034901210271,-6.92971481587984,5.75959600441525,1.17017182867231,0.912609133608681
0.772765047343892,-0.541460111052528,0.427693545449425,-6.93603512920655,5.75433088801811,1.2210829929351,0.819525592573269
0.78283581682202,-0.535738513253022,0.429407696216456,-6.94192571986728,5.74991684972783,1.27003550796324,0.722093011616604
0.792825688787089,-0.529981382151822,0.431177441673643,-6.94737301513649,5.74636112357507,1.31712388158711,0.620624912449479
0.802731965113584,-0.524190415437671,0.43300228483588,-6.95236453555291,5.74366616990906,1.36244094655113,0.515422653665097
0.812551962060038,-0.518367400201671,0.434881002410809,-6.95688929958375,5.74182955914135,1.40607411389312,0.406784221362959
0.822283021568046,-0.51251428681802,0.43681146694799,-6.96093827183392,5.7408439176364,1.44810251506999,0.295013364878221
0.831922504986736,-0.506633289682545,0.43879044554132,-6.96450483655541,5.74069694143284,1.48859493394527,0.180428367016139
0.841467774347281,-0.500727005807656,0.440813394529395,-6.96758527012529,5.74137149666458,1.52760847206777,0.0633696055466244
0.850916168129788,-0.494798538316882,0.442874275564226,-6.9701791758305,5.74284584118838,1.56518792289161,-0.0557950393475558
0.860264979538022,-0.488851608471762,0.444965422552297,-6.97228983411372,5.74509401410204,1.60136583983311,-0.176667879037137
0.869511445160525,-0.482890638174,0.447077489235779,-6.97392441542948,5.74808644134645,1.63616326078889,-0.298822986394406
0.878652750165346,-0.476920786209464,0.449199501605166,-6.97509400579342,5.75179079024823,1.66959099775673,-0.421812020952648
0.887686052824265,-0.470947926659474,0.451319027115587,-6.97581341054721,5.75617307176623,1.70165132621739,-0.545174089823484
0.896608526749362,-0.464978566594118,0.453422455199603,-6.9761007298278,5.76119894144978,1.73233983821884,-0.668448733223207
0.905417414860839,-0.459019710641582,0.455495364636188,-6.97597673471908,5.76683510091691,1.76164718364266,-0.791190523061978
0.914110086101598,-0.453078689511646,0.457522938140686,-6.97546410692371,5.77305066649843,1.78956043684034,-0.912983445839969
0.922684085207594,-0.44716297529075,0.459490377573547,-6.97458662710551,5.77981836271146,1.81606389377083,-1.03345331869261
0.931137167552824,-0.441280006815393,0.461383276198754,-6.97336840148237,5.78711541847392,1.84113921069533,-1.15227693391793
0.939467314474277,-0.43543704403054,0.463187915790926,-6.97183320272632,5.79492408615376,1.86476490986546,-1.26918729111674
0.947672728343226,-0.429641062842926,0.464891471984892,-6.97000397544878,5.80323175396517,1.88691537244388,-1.38397495326504
0.955751809872715,-0.423898694018993,0.466482126503552,-6.96790252686002,5.81203066721054,1.90755949862671,-1.49648608474972
0.963703122108465,-0.418216203116483,0.467949096487491,-6.96554939697617,5.82131730486163,1.92665923966779,-1.6066180146561
0.971525346181052,-0.412599504237273,0.469282597796789,-6.96296388421319,5.83109147311208,1.94416820748085,-1.71431322586599
0.979217233533353,-0.407054198542248,0.47047376130913,-6.9601641921122,5.84135518017029,1.96003055959116,-1.81955256430201
0.986777558466313,-0.40158562836856,0.471514520302463,-6.95716765966181,5.85211135249369,1.9741803525861,-1.92234827306865
0.99420507390819,-0.396198938641106,0.47239748457364,-6.95399103862513,5.86336244770279,1.98654156166814,-2.0227372509094
1.00149847261391,-0.390899138375879,0.473115814303248,-6.9506507839862,5.87510901793995,1.99702897564388,-2.12077475743853
1.0086563556881,-0.385691155973682,0.473663104638637,-6.94716332638989,5.88734828184677,2.00555018605571,-2.21652866090642
1.01567721040991,-0.380579882502665,0.47403329084545,-6.94354529750759,5.90007277386304,2.01200887902817,-2.31007425404736
1.02255939970291,-0.37557019733114,0.474220583529614,-6.93981368083264,5.91326915416108,2.01630958521223,-2.40148964663586
1.02930116600735,-0.370666970595676,0.474219443309113,-6.93598586258948,5.92691727673253,2.01836392092016,-2.49085177065093
1.03590065242665,-0.365875037572992,0.474024603517899,-6.93207956200154,5.94098962005893,2.01809814232844,-2.57823309073223
1.04235594341078,-0.361199141676803,0.473631146948509,-6.92811262910759,5.95545117603463,2.01546153575065,-2.66369917715992
1.04866512552991,-0.356643846035169,0.473034637319364,-6.92410271305762,5.97025986082757,2.01043482081801,-2.74730734159636
1.05482636594669,-0.352213418520861,0.472231297813037,-6.92006682402258,5.98536745341853,2.00303744054902,-2.82910652436077
1.06083800237653,-0.347911701048392,0.47121821871656,-6.91602083438874,6.00072099006572,1.99333248208803,-2.90913853055693
1.06669863459328,-0.343741979378738,0.469993566525939,-6.91197898376494,6.01626446343381,1.98142813630568,-2.98744053901589
1.07240720526836,-0.339706872530437,0.46855676147385,-6.90795346026581,6.03194061861269,1.96747510654145,-3.06404858717052
1.07796305833286,-0.335808259503561,0.466908592373644,-6.90395412235838,6.04769262725173,1.95166012338565,-3.13900153418693
1.08336596647752,-0.332047255089446,0.465051247646039,-6.89998840143232,6.06346546351857,1.9341964924443,-3.21234489919015
1.08861612498972,-0.328424237600442,0.462988256872117,-6.89606139163726,6.07920688868863,1.9153131375787,-3.28413400666134
1.09371411511274,-0.324938922185016,0.460724353370958,-6.89217610062353,6.09486804610447,1.89524373531886,-3.35443603695387
1.09866084469145,-0.321590466695326,0.45826528030344,-6.88833381185231,6.11040374419585,1.87421726790168,-3.42333081592912
1.10345747599821,-0.318377594281838,0.455617567978715,-6.88453450051322,6.1257725431868,1.85245080248559,-3.49091040588875
1.10810535032579,-0.315298717822069,0.452788308569292,-6.88077724957571,6.14093675940228,1.8301447374785,-3.55727772154342
1.11260591696889,-0.312352054653892,0.449784948540925,-6.87706062526213,6.15586247155597,1.80748030618337,-3.62254446907386
1.11696067159834,-0.309535724312694,0.44661511154726,-6.87338298675127,6.17051957272211,1.78461886590563,-3.6868287062803
1.12117110655597,-0.306847825869673,0.443286457496964,-6.86974271910764,6.18488187392777,1.7617024185705,-3.75025227637253
1.12523867368687,-0.30428649442939,0.439806578111517,-6.86613838926284,6.19892723848397,1.73885485350318,-3.81293830564282
1.12916475906823,-0.301849938261482,0.436182925798994,-6.86256883199801,6.21263771251865,1.71618351271803,-3.87500889534192
1.13295066829754,-0.299536459080696,0.432422770805002,-6.85903317685892,6.22599961503737,1.69378080520146,-3.93658308946596
1.1365976207005,-0.297344458413657,0.42853318091012,-6.85553082862598,6.23900355682533,1.67172570976591,-3.99777516430767
1.14010675075942,-0.295272433033732,0.424521017998067,-6.85206141413318,6.25164436799632,1.65008509318113,-4.05869326028917
1.14347911513614,-0.293318962276562,0.42039294629937,-6.84862470745224,6.26392092594006,1.62891482943692,-4.11943835858075
1.14671570380076,-0.29148268977296,0.416155447810842,-6.8452205441082,6.2758358866278,1.60826074083216,-4.1801035916361
1.14981745394212,-0.289762301812199,0.411814841173346,-6.84184873331228,6.2873953313535,1.58815939787863,-4.24077386633244
1.15278526551143,-0.288156504204388,0.40737730108761,-6.83850897535101,6.29860834736932,1.56863881858492,-4.30152577009456
1.1556200174298,-0.286663999163516,0.402848876113503,-6.83520078938217,6.30948656439692,1.54971910349074,-4.36242772397437
1.1583225836677,-0.285283463392706,0.398235503403234,-6.83192345506494,6.32004366990394,1.53141303466213,-4.42354034220875
1.16089384857786,-0.284013528230871,0.393543019540564,-6.82867596978423,6.33029492479099,1.51372665742187,-4.48491695537531
1.16333472102693,-0.282852762423562,0.388777167181773,-6.82545702179146,6.34025669831338,1.49665985462947,-4.54660425390152
1.16564614702011,-0.281799657821273,0.383943597607857,-6.82226497842838,6.34994603725429,1.48020691583053,-4.60864301018354
1.16782912064555,-0.280852618089458,0.37904786960143,-6.81909788775046,6.35938028012289,1.4643570980198,-4.6710688406342
1.16988469327303,-0.280009950343982,0.374095445255778,-6.81595349132466,6.36857672292594,1.44909517114097,-4.73391297317698
1.17181398102812,-0.279269859500652,0.369091683421539,-6.81282924571637,6.377552339205,1.43440193959433,-4.79720299058464
1.17361817062379,-0.278630445049171,0.364041831509246,-6.80972235016358,6.38632355376398,1.42025473059177,-4.86096352516731
1.17529852366909,-0.278089699924255,0.358951016312438,-6.80662977811089,6.39490606695163,1.40662784080876,-4.92521688525597
1.17685637959308,-0.27764551114324,0.353824234414605,-6.80354831058656,6.40331472453131,1.39349293405964,-4.98998359838952
1.17829315731944,-0.277295661906343,0.348666342608011,-6.80047456980107,6.41156342701602,1.38081938433483,-5.05528285987759
1.17961035581259,-0.277037834902562,0.343482048602164,-6.79740505177888,6.41966507178009,1.3685745602416,-5.12113287835799
1.18080955358744,-0.276869616627616,0.338275902143646,-6.79433615727019,6.427631521163,1.35672404849643,-5.18755111205511
1.18189240723691,-0.276788502594722,0.333052286516942,-6.79126422060015,6.43547359003438,1.34523181552041,-5.25455439070409
1.18286064898884,-0.276791903397674,0.327815410256852,-6.7881855364806,6.44320104678648,1.3340603073476,-5.32215891862424
1.18371608325315,-0.276877151670057,0.322569298776421,-6.78509638512654,6.45082262236074,1.32317048895939,-5.39038015432638
1.18446058206969,-0.277041510066439,0.317317785508484,-6.78199305628025,6.45834602263461,1.31252182485812,-5.45923256149328
1.18509607931308,-0.277282180473793,0.31206450207078,-6.77887187295234,6.46577794023746,1.30207220324181,-5.52872922537255
1.18562456345908,-0.277596314738101,0.30681286690013,-6.77572921584,6.47312406260713,1.29177780663307,-5.59888132780502
1.18604806866803,-0.277981027261064,0.301566071761466,-6.77256154947998,6.48038907383104,1.28159293233801,-5.66969747355453
1.18636866389857,-0.278433409880323,0.29632706552816,-6.76936545123406,6.48757664854426,1.27146976677074,-5.74118286063872
1.18658843973454,-0.278950549487437,0.291098534658382,-6.76613764418174,6.49468943690324,1.26135811858203,-5.81333828837278
1.18670949259674,-0.279529548851768,0.285882879869541,-6.76287503489577,6.50172904044415,1.25120511677942,-5.88615899927768
1.18673390602587,-0.280167551095744,0.280682188650649,-6.75957475688582,6.50869597950086,1.24095488170932,-5.95963335536317
1.18666372877726,-0.280861768191276,0.275498203468879,-6.75623422018982,6.51558965382708,1.23054817895805,-6.03374135606766
1.18650094957154,-0.281609513703563,0.270332285836425,-6.75285116715027,6.52240829915602,1.21992206893589,-6.10845301474873
1.18624746851217,-0.2824082397799,0.265185376821421,-6.74942373381276,6.52914894363122,1.20900956809103,-6.18372662330238
1.18590506542068,-0.283255578052361,0.260057955119533,-6.74595051561476,6.53580736931318,1.19773934121432,-6.25950695012266
1.18547536565927,-0.284149383688299,0.254949994442784,-6.74243063510652,6.54237808521637,1.18603544787814,-6.33572343451099
1.18495980440147,-0.285087781287552,0.249860922700539,-6.7388638084029,6.54885431941381,1.17381716930433,-6.41228845935181
1.18435959075533,-0.286069210718516,0.244789586184939,-6.73525040599178,6.55522803845412,1.16099894435703,-6.48909580102944
1.18367567359688,-0.287092470362489,0.239734222635217,-6.73159150255638,6.56149000242104,1.14749044431347,-6.56601936792894
1.18290871137481,-0.288156754679932,0.234692447518419,-6.72788890978633,6.5676298631719,1.13319681502157,-6.64291234262023
1.18205904841488,-0.289261682637142,0.229661257978879,-6.72414518596275,6.57363631141315,1.11801911161093,-6.7196068342272
1.18112670030067,-0.29040731345402,0.224637058539233,-6.72036361660128,6.57949727523282,1.10185494503773,-6.79591412386013
1.18011135065455,-0.291594146462857,0.219615711680414,-6.71654816175296,6.58520016862827,1.08459935181154,-6.87162554689985
1.17901236105022,-0.29282310266098,0.21459261487408,-6.71270336770325,6.59073218380314,1.06614588917336,-6.9465140041125
1.1778287948663,-0.294095486782453,0.209562803582423,-6.70883424362339,6.59608061613712,1.04638794901821,-7.02033603529802
1.17655945472081,-0.29541293029907,0.204521077389679,-6.7049461069008,6.60123320645824,1.02522027629887,-7.09283433348011
1.17520293184818,-0.296777317498906,0.199462144087308,-6.7010444039836,6.60617848224572,1.00254067250634,-7.1637405346018
1.17375766456882,-0.298190698447243,0.194380774525718,-6.6971345161747,6.61090607813692,0.978251862395955,-7.23277809594035
1.17222200202522,-0.299655193980014,0.189271959646738,-6.6932215615516,6.61540701674947,0.952263501841895,-7.29966508088611
1.17059426874371,-0.301172898745075,0.184131060485743,-6.68931020489235,6.61967393315148,0.924494305180333,-7.36411669810869
1.168872825386,-0.302745788616384,0.178953942100905,-6.68540448718567,6.6237012298294,0.894874269816488,-7.42584749423647
1.16705612126333,-0.304375638585521,0.17373708324052,-6.6815076851963,6.6274851531167,0.863346972429258,-7.48457316229507
1.16514273472935,-0.306063956581902,0.168477654912682,-6.67762220993014,6.63102378622369,0.829871903520933,-7.54001199338062
1.16313139835544,-0.307811937714743,0.163173562680478,-6.67374955096601,6.63431695792586,0.794426794846341,-7.5918860574521
1.16102100674314,-0.309620442276275,0.157823449327584,-6.66989027165736,6.6373660695541,0.757009877811013,-7.6399222441478
1.15881060588794,-0.311489999565389,0.152426656457679,-6.66604405818231,6.64017384632648,0.717641991378835,-7.68385332226923
1.15649936415991,-0.313420838193501,0.146983145623583,-6.66220982322846,6.64274402251193,0.676368437051653,-7.7234191853395
1.15408652620934,-0.31541294199658,0.141493381785806,-6.65838586256079,6.6450809736282,0.633260458110709,-7.75836843998239
1.15157135243513,-0.317466128970118,0.13595818432407,-6.65457005966973,6.64718931288432,0.588416202959446,-7.78846046383336
1.14895304802954,-0.319580148778825,0.130378553444489,-6.65076013007516,6.64907347315445,0.54196102107046,-7.81346801058344
1.14623068692968,-0.321754792465546,0.124755482484427,-6.64695389281582,6.6507372993878,0.494046938569932,-7.83318037258805
1.14340313708322,-0.323990006199468,0.119089769001526,-6.64314955258627,6.65218367873622,0.4448511737403,-7.84740702911622
1.14046899402515,-0.326285999578829,0.113381839176505,-6.63934597256561,6.65341423591539,0.394573586097496,-7.8559816168714
1.13742652959924,-0.328643338519369,0.107631600417668,-6.63554291605809,6.65442911860464,0.343433010846252,-7.85876596926151
1.13427366153239,-0.331063013472268,0.101838335642599,-6.63174123547669,6.6552268916142,0.291662514992732,-7.85565389655521
1.13100794743188,-0.33354647582172,0.0960006492860562,-6.62794299051235,6.65580454933035,0.239503717911478,-7.84657433731649
1.12762660380665,-0.336095638728997,0.0901164698110924,-6.6241514835608,6.65615764460312,0.187200435589507,-7.83149351751525
1.1241265473552,-0.338712842981731,0.0841831070496288,-6.62037120892172,6.65628052049139,0.134992014463809,-7.81041581606121
1.12050445263978,-0.341400792833762,0.0781973561581111,-6.6166077215531,6.65616662120911,0.0831067942971682,-7.78338315186059
1.11675681803191,-0.344162470506791,0.0721556346049993,-6.61286743949582,6.65580885212105,0.0317561593465499,-7.75047286292493
1.11288003094568,-0.347001040213597,0.0660541354844829,-6.60915739983066,6.65519995686577,-0.0188704071581625,-7.71179421745955
1.1088704240235,-0.34991975285012,0.0598889801349143,-6.60548499015925,6.6543328827033,-0.068608953834807,-7.66748385112794
1.10472431588033,-0.352921860958402,0.0536563554149379,-6.60185767598818,6.65320111200577,-0.11732320963403,-7.61770053855753
1.10043803274541,-0.356010550671579,0.0473526253405636,-6.59828273979709,6.65179894676069,-0.164905238034005,-7.56261976566685
1.09600791025469,-0.3591888938378,0.0409744120639442,-6.59476704130782,6.65012174223054,-0.211274724007902,-7.50242857061091
1.09143027722388,-0.36245982009698,0.0345186463342532,-6.59131680197664,6.64816609404629,-0.256377122051167,-7.43732107460224
1.0867014251539,-0.365826105881173,0.0279825918384439,-6.58793741117651,6.64592998912786,-0.300180947564702,-7.36749504576333
1.08181756841172,-0.369290375382531,0.0213638507704528,-6.58463324762743,6.64341293462048,-0.342674502858449,-7.29314974667736
1.07677480059854,-0.372855107495157,0.0146603595620945,-6.58140750762486,6.64061608058721,-0.383862303369606,-7.21448522274654
1.07156905276747,-0.376522642445556,0.00787038409057349,-6.57826203144956,6.63754235170665,-0.423761423444059,-7.13170310056666
1.06619605908825,-0.380295182093773,0.000992523090458497,-6.57519712083347,6.63419660081067,-0.462397927926393,-7.04500888271194
1.06065133540718,-0.384174778567578,-0.00597427286929709,-6.57221134334101,6.63058579269966,-0.499803506699133,-6.95461564087037
1.05493017593069,-0.388163306933693,-0.0130306615518322,-6.56930132392133,6.62671922007389,-0.536012391175802,-6.86074891272466
1.04902767284897,-0.39226241906721,-0.0201768458730091,-6.56646152965241,6.62260874439538,-0.571058607646429,-6.76365248885871
1.042938762869,-0.396473477876224,-0.0274124884921636,-6.56368406068222,6.61826904310974,-0.604973611853446,-6.66359462899165
1.03665830302866,-0.400797473691244,-0.0347366096790023,-6.56095846808864,6.61371783166034,-0.637784348681039,-6.56087407841
1.0301811755301,-0.405234927928612,-0.042147478854917,-6.55827162674319,6.60897601599082,-0.669511784078663,-6.4558250905093
1.02350241756892,-0.409785792804672,-0.0496425148884109,-6.55560769644273,6.60406772199409,-0.700169954987521,-6.3488205471831
1.01661736753967,-0.414449359253729,-0.0572182134938048,-6.55294820512159,6.59902014696082,-0.72976556836827,-6.24027227076774
1.00952181439474,-0.419224187268349,-0.0648701204377485,-6.55027228145022,6.59386318879174,-0.758298146215701,-6.13062780483383
1.00221213362726,-0.424108072499723,-0.0725928654117316,-6.54755704928782,6.58862883376804,-0.78576065971581,-6.02036334007031
0.994685392777112,-0.429098059357723,-0.0803802630568569,-6.54477817443374,6.58335032089299,-0.812140531534901,-5.90997304271184
0.986939412468347,-0.434190504173632,-0.0882254759913915,-6.54191052912641,6.57806114268553,-0.837420828119437,-5.79995568981128
0.978972775609432,-0.439381183562347,-0.0961212226396048,-6.53892891827173,6.57279397737108,-0.861581434090689,-5.69080005181478
0.970784786031964,-0.444665435174671,-0.104060003731972,-6.53580879993256,6.56757966451256,-0.884600012363655,-5.58297071808979
0.962375386153953,-0.450038312845905,-0.112034318292957,-6.53252693481984,6.5624463294072,-0.906452606780951,-5.47689594900424
0.953745048967333,-0.455494737083217,-0.120036843472656,-6.52906191447096,6.55741873336818,-0.927113824284111,-5.37295869971025
0.944894661532389,-0.461029624788133,-0.12806056115617,-6.5253945405007,6.55251788663172,-0.946556618129783,-5.2714913436538
0.935825415364028,-0.466637987722978,-0.136098824939353,-6.52150805108395,6.5477609199543,-0.964751761299029,-5.17277401233772
0.926538714839943,-0.472314995618509,-0.144145370796941,-6.51738821005498,6.54316117952732,-0.98166713831195,-5.07703600705707
0.917036109638049,-0.478056005371438,-0.152194281631028,-6.51302328577917,6.53872849206931,-0.997266993491604,-4.98445949245311
0.907319252546037,-0.48385656159701,-0.160239919288135,-6.50840395119705,6.53446954227582,-1.01151126146405,-4.89518463743251
0.897389880519989,-0.489712375728826,-0.168276838057984,-6.50352313493018,6.5303883095658,-1.02435508109398,-4.80931546668074
0.887249814783833,-0.495619291233603,-0.17629969211307,-6.49837584847185,6.52648652080794,-1.03574856552317,-4.72692585506887
0.876900974863699,-0.501573241864957,-0.184303146831581,-6.49295900837161,6.52276408675198,-1.04563687366018,-4.64806527990929
0.866345401400928,-0.507570208717331,-0.192281801231534,-6.48727126638797,6.51921949992113,-1.05396060445153,-4.57276410610463
0.855585283045402,-0.513606180522423,-0.200230126274933,-6.48131285554951,6.51585017975115,-1.06065651457726,-4.50103830078498
0.844622983438138,-0.519677120366067,-0.208142421752965,-6.47508545613087,6.51265275672794,-1.06565854205394,-4.43289355519212
0.83346106508434,-0.525778940882823,-0.216012792840029,-6.46859208261195,6.50962329161891,-1.06889910187028,-4.36832883826682
0.822102307708758,-0.531907489022357,-0.223835146125269,-6.4618369905204,6.50675742921678,-1.07031060508379,-4.30733942755023
0.810549719437673,-0.538058540655515,-0.231603203895877,-6.45482560042709,6.5040504888613,-1.06982714034455,-4.24991946766444
0.798806539856765,-0.544227804571095,-0.239310534576594,-6.44756443510266,6.50149749674299,-1.06738624773951,-4.19606410247289
0.786876234649696,-0.550410934788623,-0.246950596479625,-6.44006106485891,6.49909316776823,-1.06293071056767,-4.14577121983679
0.774762482126149,-0.556603549574505,-0.254516791381503,-6.43232405538154,6.49683184751586,-1.05641029240592,-4.09904284148242
0.762469152491873,-0.562801255108918,-0.26200252393914,-6.42436291194769,6.49470742731618,-1.04778335526076,-4.05588618687378
0.750000281187273,-0.568999671426397,-0.269401262624519,-6.41618801388103,6.49271324742377,-1.03701830950132,-4.01631443955758
0.737360038014032,-0.575194458062725,-0.276706597734858,-6.40781053348429,6.49084200432341,-1.02409486635138,-3.98034724645151
0.724552694073203,-0.581381336796922,-0.283912292150066,-6.39924233452902,6.48908567817221,-1.00900508670538,-3.9480109834631
0.711582588753377,-0.587556108982586,-0.291012320871799,-6.39049584665312,6.48743549515034,-0.991754242933572,-3.91933882278848
0.698454099137613,-0.593714665210338,-0.298000895976617,-6.3815839136476,6.48588193713784,-0.972361529813685,-3.8943706365358
0.685171614250488,-0.599852985418522,-0.304872474422823,-6.37251961549844,6.48441480787928,-0.950860673574063,-3.87315276668482
0.671739516546933,-0.605967128057243,-0.311621747131592,-6.3633160660681,6.48302336095546,-0.92730049159478,-3.85573768228542
0.658162172948004,-0.612053207500526,-0.318243608884831,-6.35398619034116,6.48169649079448,-0.901745447769053,-3.84218353149839
0.644443937536482,-0.618107359591087,-0.324733109819495,-6.34454248713748,6.48042298391266,-0.874276229073267,-3.83255357971322
0.63058916769846,-0.624125695998443,-0.331085390632252,-6.3349967850591,6.47919182376931,-0.84499033784131,-3.8269155074996
0.616602254980187,-0.63010424898249,-0.337295605018523,-6.32536000115126,6.47799253911661,-0.814002653175712,-3.82534052627831
0.602487671157081,-0.636038909177663,-0.343358834312939,-6.31564191327791,6.4768155825011,-0.781445867003673,-3.82790225874893
0.588250028928152,-0.641925360111422,-0.349270000683481,-6.30585095844093,6.47565272257063,-0.747470650677539,-3.83467532922249
0.573894155235541,-0.647759014253032,-0.355023786394028,-6.29599407001499,6.4744974310694,-0.712245364421415,-3.84573362014656
0.559425173521637,-0.653534956288589,-0.360614567339628,-6.28607656681301,6.47334524303379,-0.675955094734148,-3.86114817869063
0.544848589440133,-0.659247899795383,-0.366036368956475,-6.27610210562238,6.47219406713401,-0.63879980643713,-3.8809848028058
0.530170372922967,-0.664892163259654,-0.37128285139135,-6.26607270592621,6.47104442296348,-0.600991438505797,-3.90530139770275
0.515397028465175,-0.670461670195404,-0.376347328272727,-6.2559888506612,6.46989958407886,-0.562749863967606,-3.93414526418358
0.500535645437579,-0.675949975870399,-0.381222819607078,-6.24584966014156,6.46876561031068,-0.524297772316258,-3.96755054703981
0.485593921468825,-0.681350319979186,-0.385902134657527,-6.2356531283252,6.46765126039842,-0.48585470239968,-4.00553611778908
0.470580154479187,-0.686655700992551,-0.390377975974315,-6.22539640264639,6.46656778571381,-0.447630623975769,-4.0481041738142
0.455503202451496,-0.691858964593836,-0.39464305210345,-6.21507608233057,6.46552861629114,-0.409819596757087,-4.09523979326548
0.440372413797902,-0.696952896396174,-0.398690184892161,-6.20468850705166,6.46454895963163,-0.372594088285261,-4.14691159080807
0.425197534369999,-0.701930308628647,-0.402512398274413,-6.19423000900499,6.46364533889289,-0.336100483994544,-4.20307348656192
0.409988599029927,-0.706784111850562,-0.406102978798703,-6.18369710694297,6.46283509890717,-0.30045617855662,-4.26366745446672
0.394755815893353,-0.711507365642682,-0.409455503112522,-6.17308662935585,6.46213590589113,-0.265748428619195,-4.32862698660711
0.379509449997961,-0.716093305883999,-0.412563832928215,-6.16239576394272,6.46156526068725,-0.232034922017066,-4.39788092153027
0.36425971076394,-0.720535349791796,-0.41542208250631,-6.15162203985506,6.46114003752261,-0.19934582645792,-4.47135724934934
0.349016644884737,-0.724827082701578,-0.418024566675332,-6.14076325643192,6.46087605222327,-0.167686955644149,-4.5489865211986
0.333790033831817,-0.728962232269357,-0.420365738709602,-6.12981737661301,6.46078765675823,-0.137043644393019,-4.63070453987752
0.318589293360475,-0.732934636436918,-0.422440127344324,-6.11878240503864,6.46088735143097,-0.107384947445425,-4.71645407115693
0.303423371389681,-0.736738211414147,-0.424242281424585,-6.107656270685,6.46118540196776,-0.0786678474601526,-4.8061853714096
0.288300640330652,-0.740366925505575,-0.42576672979593,-6.09643673259282,6.46168944588795,-0.0508412509835281,-4.89985536350747
0.273228780208132,-0.743814784212297,-0.427007963542583,-6.08512132557248,6.46240407066041,-0.023849645441222,-4.99742530465415
0.258214649628825,-0.747075831928403,-0.42796044783007,-6.07370736114408,6.46333034536975,0.00236362923634196,-5.0988567818585
0.243264142770443,-0.750144175817248,-0.428618671413648,-6.06219199740794,6.46446528860244,0.0278534817620692,-5.20410585774902
0.228382032189219,-0.753014037998743,-0.428977243031844,-6.05057238954746,6.46580125938313,0.0526704965037393,-5.31311519676423
0.213571799600599,-0.75567984267568,-0.429031044750414,-6.03884592919781,6.46732526736119,0.0768586304451945,-5.42580406692006
0.19883546019091,-0.758136344651377,-0.428775451726798,-6.02701057438217,6.46901821576008,0.100453140393277,-5.54205628489398
0.184173390752594,-0.760378803882749,-0.428206624189652,-6.01506526019761,6.47085411844381,0.123478741528265,-5.66170650734396
0.169584178030944,-0.76240320603675,-0.427321868687256,-6.00301036232042,6.47279937172679,0.145948060828835,-5.78452581029881
0.15506451053353,-0.764206520306553,-0.426120050188581,-5.99084816076226,6.47481220874476,0.167860523721736,-5.91020822723035
0.140609143043786,-0.765786972683586,-0.424602014477756,-5.97858322390715,6.47684250803036,0.189201879109681,-6.03836070685522
0.12621096529518,-0.767144297225142,-0.422770955227344,-5.96622261196678,6.4788321475484,0.209944593206566,-6.16849951162371
0.111861201046791,-0.76827991447113,-0.420632641066573,-5.95377579885999,6.48071606428452,0.23004928709116,-6.3000559760261
0.097549748430246,-0.769196982619662,-0.418195417577911,-5.94125424593182,6.48242407837787,0.249467232931895,-6.43239338427491
0.0832656476776013,-0.769900280493268,-0.415469928006265,-5.9286706327791,6.48388337755846,0.268143680610516,-6.56483446455934
0.0689976342358545,-0.770395913020651,-0.412468553966021,-5.9160378423811,6.48502137940208,0.286021540124086,-6.69669620503194
0.0547347138668089,-0.770690871505499,-0.409204646601233,-5.90336787415535,6.48576856907673,0.30304480769957,-6.8273264737849
0.0404666907293147,-0.77079251644585,-0.405691671880344,-5.89067088371644,6.48606090833033,0.31916117343942,-6.95613632552396
0.0261845922145227,-0.770708065440889,-0.401942408502479,-5.87795450941689,6.48584153243256,0.334323473280135,-7.08262321471824
0.0118809597548586,-0.770444158314614,-0.397968309867202,-5.86522356265342,6.48506164069347,0.348489948971432,-7.20638295306344
-0.00244999732456337,-0.77000654354818,-0.393779088942664,-5.85248006919967,6.48368066421292,0.36162353514106,-7.32711097899731
-0.0168123665241255,-0.769399897857686,-0.389382530304663,-5.83972358483368,6.48166590504939,0.373690527903656,-7.44459539068905
-0.0312085861592253,-0.768627765418518,-0.384784494537656,-5.8269516826026,6.47899187098392,0.384659001276073,-7.55870490122608
-0.045639557813171,-0.76769258947543,-0.379989062108425,-5.81416051494939,6.4756395003281,0.394497269313959,-7.66937463099197
-0.0601047908605115,-0.766595805802172,-0.374998762978035,-5.80134537710805,6.47159541373195,0.403172595794977,-7.77659191177004
-0.0746025594424719,-0.76533797090232,-0.369814847268631,-5.78850122533144,6.46685127046019,0.410650266195845,-7.88038344113164
-0.0891300589644591,-0.763918904145403,-0.364437564678498,-5.77562312664607,6.46140325887327,0.416893074319646,-7.98080442684934
-0.103683554602567,-0.762337829575859,-0.358866431938204,-5.76270663305038,6.45525171862019,0.421861238562579,-8.07792987737813
-0.118258518163212,-0.760593508596082,-0.35310047664466,-5.74974808268077,6.448400873517,0.42551274340132,-8.17184791115282
-0.132849752116771,-0.758684358725784,-0.347138452028703,-5.73674483507365,6.44085864554916,0.427804091478925,-8.26265482361638
-0.1474515010619,-0.756608556299254,-0.340979021059193,-5.72369544902696,6.43263651833875,0.42869144310162,-8.35045161300857
-0.16205755160904,-0.754364122597849,-0.334620910433428,-5.71059981114925,6.42374942009861,0.428132107699373,-8.4353416818117
-0.176661321970913,-0.751948993871889,-0.328063036084281,-5.69745922197736,6.41421559984088,0.426086333029917,-8.51742947182135
-0.191255942608942,-0.749361076279473,-0.321304602351961,-5.68427644516407,6.40405647544368,0.422519312436231,-8.59681983963904
-0.205834329235958,-0.746598287182654,-0.314345177280023,-5.67105572403066,6.3932964376063,0.417403300899424,-8.67361802600932
-0.220389249392091,-0.743658584637462,-0.307184746818811,-5.65780276890825,6.38196259951084,0.410719702298331,-8.74793011128488
-0.234913383725778,-0.740539987357612,-0.299823751145591,-5.64452471819269,6.3700844880406,0.402460970696433,-8.81986387723438
-0.249399383025155,-0.737240587908284,-0.292263106812861,-5.6312300758592,6.35769367858555,0.392632165851159,-8.88953001067423
-0.263839921930141,-0.733758562308833,-0.284504218887755,-5.61792862820979,6.34482338163996,0.381252024072623,-8.9570435865604
-0.278227750071862,-0.73009217945576,-0.27654898745691,-5.60463134270808,6.3315079953126,0.368353452236303,-9.02252575843086
-0.292555741095664,-0.726239813673696,-0.268399812649502,-5.59135025174522,6.31778264313961,0.353983420774706,-9.08610556569608
-0.306816939608605,-0.722199963156103,-0.260059601549461,-5.57809832397325,6.30368272070185,0.338202309478491,-9.14792174547087
-0.321004605574091,-0.717971276056437,-0.251531779033188,-5.56488932541402,6.28924347692516,0.321082831853181,-9.20812441791018
-0.335112255117133,-0.713552584632605,-0.242820302839606,-5.55173767196649,6.27449965605447,0.302708713259903,-9.26687650458563
-0.349133696199587,-0.708942946332784,-0.233929681339367,-5.53865827432482,6.25948522381251,0.283173313649281,-9.32435474368477
-0.363063057277529,-0.704141689284851,-0.224864990847683,-5.52566637583693,6.24423319618451,0.262578364416018,-9.38075018502168
-0.376894806943346,-0.699148458540419,-0.215631888200345,-5.51277738361029,6.22877558199671,0.241032936919436,-9.43626808009734
-0.390623762719828,-0.69396325877513,-0.206236613845174,-5.50000669328476,6.21314344169156,0.218652690297607,-9.49112712353179
-0.40424508760043,-0.688586489006795,-0.196685980912358,-5.48736950835853,6.19736705533393,0.195559373454026,-9.54555804716249
-0.417754273568218,-0.683018965224189,-0.186987346526952,-5.47488065574136,6.18147618380043,0.171880493877454,-9.59980161270154
-0.431147112103761,-0.677261927532913,-0.177148562865299,-5.46255440024658,6.16550039907093,0.147749023412808,-9.6541060901841
-0.444419652534931,-0.671317029421341,-0.167177906974691,-5.45040426190865,6.14946945314984,0.123302992660144,-9.70872434583012
-0.457568149919856,-0.665186307937624,-0.157083990023556,-5.43844284116881,6.13341365085338,0.0986848318664035,-9.76391069307677
-0.470589004924854,-0.658872134865124,-0.146875648289191,-5.42668165790695,6.11736418988894,0.0740403448164727,-9.81991768264185
-0.48347869879952,-0.652377150298058,-0.136561819678014,-5.41513101079254,6.10135343264997,0.049517249262964,-9.87699301891125
-0.496233726998492,-0.645704181241057,-0.126151410756371,-5.40379986329326,6.08541507816746,0.025263277148016,-9.93537678759175
-0.508850535194394,-0.63885614885299,-0.115653159998932,-5.39269576182982,6.0695842096782,0.00142389285935832,-9.99529916091068
-0.521325461325846,-0.63183596859141,-0.105075503126319,-5.38182479006504,6.05389720289206,-0.0218602508531207,-10.0569787110838
-0.533654686918888,-0.624646447687644,-0.0944264459748447,-5.37119156140266,6.03839149141876,-0.0444559513200421,-10.1206214126142
-0.545834200244916,-0.617290184060088,-0.0837134493972395,-5.36079924980772,6.02310519768672,-0.0662399937450335,-10.1864203544928
-0.557859773017088,-0.609769470012409,-0.0729433294168709,-5.35064965744513,6.00807664856998,-0.0871013927905596,-10.2545561217491
-0.569726951400174,-0.602086203008273,-0.0621221745002168,-5.34074331669232,5.99334380339805,-0.106943168795381,-10.3251977493387
-0.581431061249519,-0.594241804664626,-0.05125528063355,-5.33107962399227,5.97894362696465,-0.125683538156715,-10.3985041055028
-0.592967226825304,-0.586237148073989,-0.0403471041044212,-5.32165700377807,5.96491144101728,-0.143256459705771,-10.4746255286201
-0.604330401839481,-0.578072492836748,-0.0294012316294081,-5.31247310217557,5.9512802845416,-0.159611544238973,-10.5537055196555
-0.615515411634298,-0.56974742688744,-0.0184203677811286,-5.30352501216112,5.93808030650748,-0.174713392892028,-10.6358822768876
-0.626517005577669,-0.561260814411614,-0.00740634052533775,-5.29480953408051,5.92533820550499,-0.188540474727128,-10.7212898440573
-0.637329919380651,-0.552610749909088,0.00363987298443708,-5.28632347770534,5.91307671988945,-0.201083681580319,-10.8100586204024
-0.647948947973672,-0.543794519786332,0.0147180964830745,-5.27806401408414,5.9013141606714,-0.212344709464168,-10.9023149452554
-0.658369030794128,-0.534808574775695,0.0258288746794269,-5.27002908701888,5.89006396835235,-0.222334413939781,-10.9981794178191
-0.668585352796484,-0.525648518992335,0.0369733554341926,-5.26221789451259,5.87933426514348,-0.231071276414543,-11.097763546368
-0.678593466107697,-0.516309124506087,0.0481531243634262,-5.25463144902594,5.8691273666799,-0.238580103556994,-11.2011642514684
-0.688389438808948,-0.506784383716381,0.0593699814522203,-5.24727322025516,5.85943921426271,-0.244891065540967,-11.3084557011519
-0.697970038388066,-0.497067615011991,0.0706256507201321,-5.24014985304696,5.85025869277684,-0.250039160320189,-11.4196779824803
-0.707332957144964,-0.487151638994467,0.0819214195010524,-5.23327193302284,5.84156681527341,-0.254064166311913,-11.534822296328
-0.7164770838778,-0.477029040878807,0.0932577158909813,-5.22665474077742,5.83333578872499,-0.25701110596635,-11.6538128163879
-0.725402818654591,-0.466692526588219,0.104633653575091,-5.22031889187498,5.82552803234962,-0.258931175581414,-11.7764862038842
-0.734112413523048,-0.456135362399032,0.116046602645224,-5.2142907104348,5.81809530101035,-0.259882991790412,-11.9025710734809
-0.742610301211247,-0.445351859598752,0.12749187791076,-5.20860214619887,5.81097815956035,-0.259933864311384,-12.0316713102468
-0.750903349643278,-0.434337830887346,0.138962658892303,-5.20329004876015,5.80410612624109,-0.25916065813566,-12.1632585103861
-0.759000961869238,-0.423090917314624,0.150450246946605,-5.1983946921505,5.79739879975119,-0.257649725525081,-12.2966790187152
-0.766914943157985,-0.411610683495719,0.16194470610958,-5.19395761159454,5.79076815180522,-0.255495460589138,-12.431179072339
-0.774659091407754,-0.399898420690494,0.173435827791209,-5.19001903403567,5.78412189855178,-0.252797312273706,-12.5659472082082
-0.782248531247826,-0.387956677387745,0.184914242699409,-5.18661536045945,5.77736754108008,-0.249655529655314,-12.7001676560643
-0.789698883348448,-0.375788623027235,0.196372435930061,-5.18377718733683,5.7704164367727,-0.246166324463871,-12.8330744866489
-0.797025405404872,-0.363397399142305,0.207805444951052,-5.18152820227286,5.76318725454191,-0.242417310579831,-12.9639960363673
-0.804242238932191,-0.350785600147494,0.2192111246997,-5.17988502688178,5.75560838290779,-0.238483934142645,-13.0923827194421
-0.811361851962529,-0.337954966175592,0.230589993190931,-5.17885783632497,5.74761918119083,-0.234427241187492,-13.2178167132642
-0.818394707538377,-0.324906298535965,0.241944765858149,-5.17845145470696,5.73917023959154,-0.230292939619867,-13.340006548078
-0.825349137663375,-0.311639555841067,0.253279721386631,-5.17866662249135,5.73022295647826,-0.226111452707984,-13.4587718760218
-0.832231374862168,-0.298154066876064,0.264600026144806,-5.1795012096757,5.72074875207408,-0.221898574280553,-13.5740237162445
-0.839045687475984,-0.28444879888698,0.275911104546782,-5.18095124799072,5.71072816889863,-0.217656377699081,-13.6857442106251
-0.845794572152944,-0.270522634933573,0.287218101403987,-5.18301173822601,5.70015001629333,-0.213374132246546,-13.7939683383395
-0.85247896942129,-0.256374631196971,0.298525451156904,-5.18567724158492,5.68901063412154,-0.209029088670564,-13.8987687014918
-0.859098480406579,-0.242004239299786,0.30983655014945,-5.18894228956016,5.67731329247356,-0.20458708390325,-14.0002435966529
-0.865651572309702,-0.2274114882732,0.321153519414877,-5.19280165387265,5.66506770964346,-0.200002977267927,-14.0985080908403
-0.872135766778727,-0.212597126305466,0.332477043190443,-5.19725051490715,5.65228965421095,-0.195220970554807,-14.1936876084799
-0.878547809258587,-0.197562725000928,0.343806269517949,-5.20228455973344,5.63900059266309,-0.190174888684485,-14.2859134938759
-0.884883819507962,-0.182310749693677,0.355138761771085,-5.20790003267431,5.62522734685188,-0.184788511918484,-14.375320058417
-0.891139424390779,-0.166844599237564,0.366470492613227,-5.21409375415193,5.61100173247405,-0.178976058443274,-14.4620427021845
-0.897309874284557,-0.151168618184841,0.377795874175274,-5.22086311782301,5.59636015862049,-0.172642919548637,-14.5462167887207
-0.903390144350359,-0.135288083697511,0.38910781996286,-5.22820607183064,5.58134317794627,-0.165686749074986,-14.6279770371957
-0.909375021711255,-0.119209169089437,0.400397835165245,-5.23612108709983,5.56599498622414,-0.157999003911243,-14.70745727355
-0.915259179431761,-0.102938885663595,0.411656132748625,-5.24460711360187,5.55036287824862,-0.14946702201456,-14.7847904500281
-0.921037238164086,-0.0864850045257069,0.422871773111197,-5.2536635239936,5.53449667368452,-0.139976707092325,-14.8601088998484
-0.92670381646549,-0.0698559603292856,0.434032825282695,-5.26329004263709,5.51844813107861,-0.129415862661535,-14.9335448386489
-0.932253571095833,-0.0530607394254108,0.445126547752561,-5.27348665647888,5.50227037061339,-0.117678180303424,-15.005231153511
-0.937681229043223,-0.0361087556256706,0.456139587027725,-5.28425350257808,5.48601732618853,-0.104667835333047,-15.07530252967
-0.942981613535072,-0.0190097176948976,0.467058191895776,-5.29559072543011,5.46974324514762,-0.0903045766173087,-15.1438969506403
-0.9481496667803,-0.00177349370583902,0.477868440978838,-5.30749829609978,5.45350224967222,-0.0745291170897053,-15.2111575675709
-0.9531804725421,0.0155900215866017,0.488556480358547,-5.31997578517479,5.43734796795118,-0.0573085426682335,-15.2772348702397
-0.958069281732329,0.0330710292989271,0.499108766725637,-5.33302208328894,5.42133323630277,-0.0386413696915037,-15.3422890125805
-0.962811543928522,0.050659931268709,0.509512309675079,-5.34663506681016,5.4055098662842,-0.0185618092309993,-15.4064920632244
-0.967402946949089,0.0683474095293855,0.519754904633348,-5.36081121216057,5.38992846445946,0.00285724197881544,-15.4700298840672
-0.971839465347475,0.0861244734675386,0.529825345878139,-5.37554516949935,5.37463828799319,0.0255029531951645,-15.5331033067183
-0.976117416944969,0.103982469400741,0.539713607748697,-5.39082931404536,5.35968711758864,0.0492234507415149,-15.5959282943955
-0.980233524460247,0.121913050019766,0.54941098202875,-5.4066532997891,5.34512113114623,0.073831108107044,-15.6587348544053
-0.984184977161146,0.139908104770523,0.55891016106242,-5.42300364446468,5.33098476695272,0.0991082985047996,-15.7217646016979
-0.987969485605867,0.157959656496489,0.568205259612316,-5.43986337550663,5.31732057349487,0.124815433350865,-15.7852670523349
-0.991585321370174,0.176059733993638,0.577291773607884,-5.45721176391946,5.30416905254069,0.150700850092181,-15.8494949205637
-0.995031333582841,0.194200233860848,0.586166480202021,-5.47502416677258,5.29156851064119,0.176511864947088,-15.914698869709
-0.998306935412815,0.212372787429738,0.594827290064171,-5.49327199024331,5.27955493910927,0.202006110480391,-15.9811222879243
-1.00141205641206,0.230568649031127,0.603273068473473,-5.51192277518129,5.26816194178958,0.226962178104017,-16.048996693459
-1.00434706049178,0.248778620124103,0.61150344539281,-5.53094039786019,5.25742072296397,0.251188618210537,-16.1185383043032
-1.00711263358718,0.266993020061508,0.619518635406879,-5.55028537172018,5.24736013608259,0.274530530173575,-16.1899461410113
-1.00970964880837,0.285201709143483,0.62731928584137,-5.56991523273877,5.23800678117669,0.29687328026913,-16.2634018016008
-1.01213901921478,0.303394164078043,0.634906365924602,-5.58978499181304,5.22938512913267,0.318143260621745,-16.3390708041775
-1.01440154879997,0.321559601013275,0.642281102572722,-5.60984764124838,5.22151764791427,0.338305967757262,-16.4171051896986
-1.01649779090425,0.339687137662658,0.649444960725116,-5.63005470738815,5.214424910377,0.357361960481952,-16.4976469528738
-1.01842792064785,0.357765984022594,0.656399659519222,-5.65035684576281,5.20812567384913,0.375341407260525,-16.5808318364628
-1.02019162490577,0.375785650667735,0.663147210915038,-5.67070447765654,5.20263693458863,0.392297946398269,-16.6667930692802
-1.02178801058136,0.393736164208409,0.669689964969461,-5.69104846739791,5.19797397161204,0.408302485873743,-16.755664719352
-1.02321552997667,0.411608280704189,0.676030645554281,-5.71134083854939,5.19415040125753,0.423437409331538,-16.847584434289
-1.0244719210952,0.429393689185906,0.682172361283497,-5.73153552556949,5.19117826483856,0.437791476391316,-16.9426954202221
-1.02555416071388,0.447085198590959,0.688118578029281,-5.75158915659026,5.18906816701324,0.451455543062265,-17.0411475486962
-1.02645842890076,0.464676902121618,0.693873041012737,-5.77146186357935,5.18782947308535,0.464519099832874,-17.143097468422
-1.0271800852388,0.48216431313429,0.699439635613601,-5.79111811879639,5.18747056063116,0.477067535388066,-17.2487075337615
-1.02771365936028,0.499544466053384,0.704822176583663,-5.8105276010548,5.1879991055847,0.489179978583819,-17.3581432462883
-1.0280528616471,0.516815974420582,0.710024115442723,-5.82966610122721,5.18942236567274,0.500927542321094,-17.4715687447806
-1.02819062435066,0.533979036082503,0.71504815611256,-5.848516482307,5.19174740495211,0.51237178269978,-17.5891396840291
-1.02811918913972,0.551035372961011,0.719895770605038,-5.86706971269835,5.19498118243809,0.523563190874451,-17.7109926415112
-1.02783026410245,0.567988090588986,0.724566612107989,-5.88532598817277,5.19913040707224,0.534539554228204,-17.8372300452978
-1.02731528059146,0.584841442218914,0.729057835644187,-5.90329594181683,5.2042010456431,0.545324065584475,-17.9678996499501
-1.02656578541982,0.601600486637377,0.733363361258532,-5.92100190373844,5.21019737113614,0.555923139391761,-18.1029680125957
-1.02557400149601,0.618270641912349,0.737473155714269,-5.93847910426464,5.21712047665882,0.566324031664223,-18.2422885420049
-1.02433357157324,0.634857163279448,0.74137266582613,-5.95577661238381,5.2249662824079,0.576492567979641,-18.3855668103655
-1.02284045584219,0.651364612763309,0.745042597788107,-5.97295767967159,5.23372325286637,0.586371539919696,-18.5323289510208
-1.02109388128571,0.667796431556592,0.748459270113569,-5.99009906698275,5.24337030511766,0.595880545738817,-18.6819023681689
-1.01909715465225,0.684154749261457,0.751595722827022,-6.00728895251783,5.25387563536048,0.604918055449127,-18.8334197315663
-1.01685809542795,0.700440533524024,0.754423601210585,-6.02462324338082,5.26519724050601,0.613366091572641,-18.9858546562285
-1.01438887865505,0.71665408282042,0.756915569463877,-6.04220054308345,5.27728558884124,0.621097117348528,-19.1380891532821
-1.01170522613074,0.732795726473822,0.759047763977471,-6.06011650932118,5.2900882099883,0.627981824648666,-19.2890012931132
-1.0088250962028,0.748866498442314,0.760801725113046,-6.07845860257257,5.30355523938062,0.633896051389967,-19.4375528291021
-1.00576718316752,0.764868562968593,0.762165419447523,-6.09730209543458,5.31764460129975,0.63872538134006,-19.5828565375383
-1.00254955891912,0.780805284079098,0.763133285282477,-6.1167077583092,5.33232574650248,0.642366907296057,-19.7242117407237
-0.999188680177366,0.796680971238417,0.76370551907761,-6.13672112761912,5.34758147575135,0.644728610858853,-19.86110814801
-0.995698827876483,0.812500423823479,0.76388694672781,-6.15737293837904,5.36340799124993,0.645727363812498,-19.9932064801289
-0.992091923053966,0.828268413700856,0.763685793827839,-6.17868022842726,5.37981366409856,0.645286602073826,-20.1203069188528
-0.98837760760042,0.843989211501687,0.763112560522194,-6.20064771749441,5.39681706463946,0.643334458415974,-20.2423146706348
-0.984563476394734,0.859666213694622,0.762179094107467,-6.22326921699221,5.41444469024581,0.639802799346404,-20.3592085215834
-0.980655372676958,0.875301687468005,0.760897873310794,-6.24652896038006,5.43272866627502,0.634627330308462,-20.4710151213241
-0.976657689517547,0.890896626013607,0.759281476644262,-6.27040283214281,5.45170456297817,0.627748743767676,-20.5777896117211
-0.972573646155054,0.906450695905425,0.757342193253128,-6.29485951830954,5.47140938637403,0.619114764905818,-20.679602088709
-0.968405525938783,0.921962255944519,0.755091736207211,-6.31986161580515,5.49187975918746,0.60868286735769,-20.7765289458895
-0.964154873580198,0.937428428785538,0.752541026451097,-6.34536673429042,5.51315029477055,0.59642336546708,-20.8686480899037
-0.959822655397552,0.952845210107426,0.749700025574875,-6.37132861158077,5.53525216880802,0.582322535179056,-20.9560371241056
-0.9554093890421,0.968207603591227,0.746577604742362,-6.39769824799207,5.55821190040953,0.566385382275305,-21.0387737446199
-0.950915250070302,0.98350977290012,0.743181444484421,-6.42442504954488,5.58205035951865,0.548637681347506,-21.1169377221927
-0.946340162408812,0.998745204030472,0.739517965232053,-6.4514579570469,5.60678201820471,0.529126967957714,-21.1906139347291
-0.941683878641546,1.01390687282371,0.735592291291965,-6.47874652906993,5.63241445861846,0.507922285709623,-21.259895972018
-0.936946054372135,1.0289874131955,0.731408251502369,-6.5062419425707,5.65894814118648,0.485112657606688,-21.3248898710788
-0.932126318914403,1.04397928191212,0.726968418334296,-6.53389787563706,5.68637642489095,0.460804436469275,-21.3857175778069
-0.927224342536907,1.05887491573987,0.72227418430645,-6.56167124221731,5.71468581923123,0.435117850361527,-21.4425197862913
-0.922239898785582,1.07366687676522,0.717325871105939,-6.58952275774429,5.74385643625188,0.408183156849961,-21.4954578915801
-0.917172919344858,1.08834798187014,0.712122863684988,-6.61741732583915,5.7738626018537,0.38013683299347,-21.5447149031997
-0.912023538646267,1.10291141291507,0.706663759616763,-6.64532424806194,5.80467357911913,0.351118160187327,-21.5904952923171
-0.906792125959991,1.11735080516925,0.70094652355299,-6.67321726932654,5.83625435309258,0.321266440704001,-21.6330238650674
-0.901479303782945,1.13166031283822,0.694968637695309,-6.70107447984109,5.86856642677599,0.290718943047443,-21.6725438486255
-0.896085952636878,1.14583465197504,0.688727241366531,-6.7288780995704,5.90156858215157,0.259609549938794,-21.7093144322331
-0.890613203591029,1.15986912239894,0.682219255458368,-6.75661417315475,5.93521756743806,0.228067996978454,-21.743608019674
-0.885062420704342,1.17375961129399,0.67544149017308,-6.7842722023854,5.96946868157271,0.196219547638977,-21.7757074287201
-0.879435176052908,1.18750258181779,0.668390736664315,-6.81184474046607,6.00427623777026,0.164184945245415,-21.8059032283461
-0.873733220094926,1.20109505030041,0.66106384472592,-6.83932696821286,6.03959389859992,0.132080503046187,-21.8344913487261
-0.867958449923589,1.21453455551736,0.653457789570145,-6.86671626781363,6.07537488427939,0.10001822678232,-21.8617710428105
-0.86211287758533,1.22781912317469,0.645569731090708,-6.89401180535267,6.11157206320986,0.0681059003351889,-21.8880432287127
-0.856198600201316,1.24094722825621,0.637397068982626,-6.92121412937015,6.14813793903244,0.0364470977682809,-21.9136092026084
-0.850217773198127,1.25391775734324,0.628937496844891,-6.94832478944646,6.18502455190401,0.00514111142023983,-21.9387696829366
-0.844172587571001,1.26672997249224,0.620189058044526,-6.9753459762181,6.22218331370628,-0.0257171949195557,-21.9638241271813
-0.83806525178426,1.2793834777811,0.611150205745842,-7.00228018230085,6.25956479802145,-0.0560375855270415,-21.9890702504386
-0.83189797865406,1.29187818922309,0.601819869135724,-7.02912988223493,6.29711850639028,-0.0857346743716839,-22.0148036682938
-0.825672977342951,1.30421430839201,0.592197527496913,-7.05589722868752,6.33479263296641,-0.114728133427538,-22.0413175836197
-0.819392450403389,1.31639229978488,0.582283293362696,-7.08258376167659,6.37253385039305,-0.142942849898662,-22.068902436741
-0.813058595616481,1.32841287164611,0.5720780054761,-7.10919012746831,6.4102871405943,-0.17030899431618,-22.0978454407322
-0.80667361216204,1.34027695966856,0.561583331617013,-7.13571580402783,6.44799569505239,-0.196761963482231,-22.1284299289204
-0.800239710410069,1.35198571265901,0.550801880501657,-7.16215883047327,6.48560090971872,-0.222242167494446,-22.1609344511444
-0.793759124331018,1.36354047891035,0.539737320869943,-7.18851553892006,6.5230424994952,-0.246694640166133,-22.1956315707258
-0.787234125182509,1.37494279168609,0.528394504567436,-7.21478028843969,6.56025875559806,-0.270068468972125,-22.2327863373818
-0.780667034758739,1.38619435194945,0.51677958896809,-7.24094520262555,6.59718696538724,-0.292316065764008,-22.2726544439909
-0.774060236120845,1.39729700634383,0.504900152609111,-7.2669999144715,6.63376400777153,-0.313392333027299,-22.3154801174756
-0.767416179421177,1.4082527185595,0.492765296627978,-7.29293132489909,6.6699271276741,-0.333253819643293,-22.3614938440005
-0.760737380270712,1.41906353270272,0.480385723749689,-7.31872338422316,6.70561488028711,-0.351857998062456,-22.4109100808212
-0.754026408164091,1.42973152816909,0.467773786398048,-7.34435690892428,6.74076822059321,-0.369162820191973,-22.4639251525356
-0.747285862843039,1.44025876676533,0.45494349612566,-7.3698094489652,6.77533169721282,-0.385126708320719,-22.5207155567843
-0.740518337173434,1.45064723423751,0.441910487927904,-7.39505522305338,6.80925469399327,-0.399709098285602,-22.5814369024184
-0.733726366091378,1.4608987796342,0.428691934883418,-7.42006514009058,6.84249265019601,-0.412871571563861,-22.6462236646524
-0.726912362320689,1.47101505668136,0.415306410562076,-7.44480692391468,6.87500818293863,-0.424579501783983,-22.7151898672297
-0.720078540709203,1.48099747125015,0.401773698356935,-7.46924535485082,6.90677203550045,-0.434804024642191,-22.7884307005136
-0.713226834007668,1.49084713792036,0.388114548047793,-7.49334263547837,6.937763783076,-0.44352405174122,-22.8660249726338
-0.706358803619999,1.50056484668602,0.3743503804034,-7.51705887991935,6.96797224315755,-0.450728017413227,-22.9480381854991
-0.699475549290378,1.51015103833317,0.360502940555451,-7.54035271703067,6.99739555910777,-0.456415085494931,-23.034525940737
-0.692577621971687,1.51960578435216,0.346593900360071,-7.56318198975781,7.02604094950228,-0.460595640573156,-23.1255373155594
-0.685664944425305,1.52892876479567,0.332644409074893,-7.5855045273168,7.05392413854769,-0.463291018119539,-23.2211177989631
-0.678736744640072,1.53811923550927,0.318674590400713,-7.60727896528261,7.08106850043619,-0.464532556938322,-23.3213113321065
-0.671791508109528,1.54717597478679,0.304702982222349,-7.6284655920026,7.10750396000207,-0.464360158562543,-23.426160939195
-0.664826956494239,1.55609719888371,0.29074591332331,-7.64902720828683,7.13326569237055,-0.46282059832127,-23.5357073565838
-0.657840062243981,1.56488043626219,0.276816809386463,-7.66893000061307,7.15839265648256,-0.4599658521808,-23.6499849677891
-0.650827111205026,1.57352235259924,0.262925419796927,-7.68814444487335,7.18292598481774,-0.455851691156224,-23.7690142491777
-0.643783827579287,1.58201852364906,0.249076959153907,-7.70664627551337,7.20690724013559,-0.450536761482231,-23.8927898764673
-0.636705576682663,1.59036316280821,0.235271166268125,-7.72441756921713,7.23037654806265,-0.444082318921375,-24.0212637390365
-0.629587658622148,1.5985488268244,0.221501303381393,-7.74144799507305,7.25337063286449,-0.436552714884037,-24.1543225306811
-0.622425696956291,1.60656614794304,0.20775315443863,-7.75773626185911,7.27592083457852,-0.428016625145973,-24.2917605685693
-0.61521610674313,1.61440367217617,0.194004135986243,-7.77329173158375,7.29805127563092,-0.418548849006632,-24.4332502568225
-0.607956594045188,1.62204791258321,0.180222701573473,-7.78813605402591,7.31977746342275,-0.40823228115454,-24.5783151430751
-0.600646598400791,1.62948373453358,0.166368277636081,-7.80230451708423,7.34110571729901,-0.397159408364865,-24.7263132071189
-0.593287557095673,1.63669515084742,0.152391973119203,-7.8158466524605,7.36203380893677,-0.385432520752888,-24.8764393852166
-0.585882872126861,1.64366650174445,0.138238208689488,-7.82882558635079,7.3825530124958,-0.37316192311586,-25.0277543497694
-0.578437520139933,1.65038384697055,0.123847200695365,-7.84131578958449,7.40265136017099,-0.360461906149657,-25.1792401120554
-0.570957355008217,1.65683627313741,0.109157972402081,-7.85339928055618,7.42231743389492,-0.347444995707,-25.3298737731241
-0.56344826312109,1.66301680128375,0.0941113794259314,-7.86516082008333,7.44154375915811,-0.334215683045596,-25.4787033666379
-0.555915379687828,1.66892269760927,0.0786526387147234,-7.8766829555464,7.46032899387918,-0.320865044006418,-25.6249088261815
-0.548362533806608,1.67455518421347,0.062733040682918,-7.88804174950019,7.47867856290157,-0.307467261523127,-25.7678372809882
-0.54079199206614,1.67991871154118,0.0463107897015121,-7.89930371052712,7.4966039061556,-0.294078343217352,-25.9070111849807
-0.533204473724262,1.68502002156983,0.0293511277034415,-7.9105240359086,7.51412083113612,-0.280736685430535,-26.0421151853448
-0.525599355166678,1.6898672039264,0.0118259865265348,-7.92174596868559,7.53124751497404,-0.267464821904875,-26.1729706458604
-0.517974971836254,1.6944688732854,-0.00628659703647354,-7.93300093793098,7.54800257426014,-0.254271702257637,-26.2995059647293
-0.510328944509073,1.69883352181621,-0.0250031326200089,-7.94430915740873,7.56440343928147,-0.241155029134236,-26.4217282556492
-0.502658483846452,1.70296904843736,-0.0443352935983754,-7.95568043433466,7.58046511812756,-0.228103402999613,-26.5396992849001
-0.494960650541678,1.70688243997999,-0.0642904549457266,-7.96711503007434,7.59619934292802,-0.215098202455568,-26.6535165844252
-0.487232564125332,1.71057957117388,-0.0848721411582703,-7.97860448920029,7.61161404812674,-0.202115244840911,-26.7632995117556
-0.479471562213817,1.71406509241362,-0.106080391983748,-7.99013240438744,7.62671312086671,-0.189126334768023,-26.8691795107844
-0.471675315840297,1.71734238046621,-0.127912060900436,-8.00167511481437,7.64149636972264,-0.176100832568679,-26.9712936975145
-0.463841907578823,1.72041353417181,-0.150361062251326,-8.01320235100733,7.6559596692435,-0.163007372708101,-27.0697809601016
-0.455969878947753,1.72327940317192,-0.173418580927945,-8.02467784507724,7.67009524817294,-0.149815840797475,-27.1647799023749
-0.44805825294609,1.72593964226145,-0.197073255440491,-8.03605992628293,7.68389209630931,-0.136499679063354,-27.2564281095328
-0.440106536984356,1.72839278708056,-0.22131134212346,-8.04730212050971,7.69733646819285,-0.123038533995374,-27.3448623434455
-0.432114711082313,1.73063634869624,-0.246116865560411,-8.05835377002078,7.71041246162582,-0.109421186893549,-27.4302193714447
-0.424083206007716,1.73266692535512,-0.271471758189353,-8.06916068718826,7.72310264641233,-0.0956486219147224,-27.5126371950668
-0.416012875910572,1.73448032949642,-0.297355990404395,-8.07966585261598,7.73538871489293,-0.0817369962396905,-27.5922564781646
-0.407904969804415,1.73607172719837,-0.323747691144026,-8.08981016354256,7.74725212224724,-0.0677201989390729,-27.6692219858401
-0.399761105797694,1.73743578586568,-0.350623257794506,-8.09953323211825,7.75867468260757,-0.053651639895656,-27.7436838492917
-0.391583251171774,1.73856682452636,-0.377957453170012,-8.10877422503531,7.76963908812297,-0.0396049190294892,-27.8157984815751
-0.383373710221081,1.73945896005477,-0.405723486452712,-8.11747272686008,7.78012932320551,-0.0256731032073948,-27.8857289988519
-0.375135120322339,1.74010624242456,-0.433893074561278,-8.12556960095857,7.7901309555171,-0.0119664826022675,-27.9536450584027
-0.366870455202279,1.74050277301695,-0.462436480849056,-8.13300781632325,7.79963129802508,0.00139113070280638,-28.0197221061207
-0.358583033100227,1.74064280207531,-0.491322529637283,-8.1397332078197,7.8086194508286,0.0142672989865755,-28.0841401191622
-0.35027652671606,1.74052080427504,-0.520518597925534,-8.1456951421976,7.81708624489696,0.0265266223291038,-28.1470820134749
-0.341954971624605,1.74013153448393,-0.549990589354133,-8.15084707188107,7.8250241198284,0.0380366486887621,-28.2087319404112
-0.333622770200327,1.7394700684648,-0.579702899408352,-8.15514697085702,7.83242697246417,0.0486735065128542,-28.2692737082613
-0.325284688869472,1.73853183500717,-0.609618384053481,-8.15855765900753,7.83929001218869,0.0583268148589727,-28.3288895319349
-0.316945847455954,1.73731264653082,-0.639698345671714,-8.1610470303316,7.84560965284388,0.0669035618867909,-28.3877592474707
-0.308611700282508,1.73580873465037,-0.669902549879018,-8.16258820506233,7.85138346212814,0.0743308005167347,-28.4460600450929
-0.300288009367033,1.73401679581311,-0.70018928453583,-8.16315962543165,7.85661017917682,0.0805571574641639,-28.5039666938074
-0.291980810445874,1.7319340502992,-0.730515468451422,-8.1627451106523,7.86128980148467,0.085553266002408,-28.5616521666205
-0.283696372676385,1.72955831595471,-0.760836812603456,-8.1613338801492,7.86542373456704,0.0893113035020916,-28.619288536163
-0.275441152793151,1.72688809626336,-0.791108031906263,-8.15892054689758,7.86901499220995,0.0918438429754268,-28.677047996857
-0.267221744310953,1.72392268088338,-0.821283101322094,-8.15550507636703,7.87206843172136,0.0931822218898179,-28.735103877771
-0.259044822173216,1.72066225561254,-0.85131554687998,-8.15109270198756,7.87459100683489,0.0933746030894009,-28.7936315334075
-0.250917083106657,1.71710801786307,-0.881158760178197,-8.1456937856709,7.87659202030301,0.0924838634414513,-28.8528090308774
-0.242845181902613,1.71326229306734,-0.91076632422248,-8.13932361171734,7.87808335828941,0.0905854053718548,-28.9128175852976
-0.234835663919593,1.70912864693382,-0.940092338859147,-8.13200210408776,7.87907968913033,0.0877649513327963,-28.9738417265367
-0.226894894285366,1.70471198809175,-0.969091735369598,-8.12375346004399,7.87959860976728,0.084116355005218,-29.0360692070253
-0.219028984553324,1.7000186553824,-0.997720571723108,-8.11460569702995,7.87966072419133,0.0797394466767018,-29.099690680992
-0.211243717910776,1.695056483883,-1.0259363022599,-8.10459011390007,7.87928963971233,0.0747379229042043,-29.1648991997271
-0.203544474417985,1.68983484370644,-1.05369801794099,-8.09374067178366,7.87851186891994,0.0692172902351941,-29.2318895752996
-0.195936158148433,1.68436464573317,-1.08096665554497,-8.08209330368406,7.87735662793096,0.0632828768068289,-29.3008576665873
-0.188423128479623,1.67865830872084,-1.10770517615902,-8.06968516511124,7.87585552489876,0.0570379313451946,-29.3719996364752
-0.181009138132864,1.67272968270895,-1.13387871491171,-8.05655384049427,7.87404213662234,0.0505818339808549,-29.445511217366
-0.17369728087315,1.666593924269,-1.1594547051034,-8.04273652175425,7.87195147509786,0.0440084454353181,-29.5215870032275
-0.166489952060659,1.66026731989548,-1.18440298075252,-8.02826917627735,7.86961934952358,0.0374046192561563,-29.6004197595136
-0.15938882550835,1.6537670546142,-1.20869586220464,-8.01318572176052,7.8670816320321,0.0308488953867462,-29.6821997063007
-0.152394850370882,1.64711092360029,-1.23230823001972,-7.9975172252755,7.86437343670379,0.0244103826623595,-29.7671136833766
-0.145508272096258,1.64031698515036,-1.25521759308429,-7.98129114382146,7.86152822072673,0.0181478236487638,-29.8553440468245
-0.138728681831952,1.63340315367144,-1.27740415804825,-7.96453062417693,7.85857681363786,0.0121088188460689,-29.9470670726745
-0.132055099078425,1.62638673145016,-1.29885090902614,-7.94725388174007,7.85554637547573,0.00632917023301294,-30.0424505526535
-0.125486092740148,1.6192838780307,-1.3195437092543,-7.92947368211308,7.85245927798573,0.000832288246388721,-30.1416501602433
-0.119019945816416,1.61210901653511,-1.33947144015636,-7.9111969563259,7.84933189608964,-0.0043714062076459,-30.24480404783
-0.112654868351317,1.60487417812856,-1.35862619783352,-7.89242459145744,7.84617329211569,-0.00928515924936289,-30.3520250248982
-0.106389261125516,1.59758829063265,-1.37700357155761,-7.8731514528748,7.84298377679822,-0.0139267109846448,-30.4633896014745
-0.100222027674842,1.59025642734932,-1.39460303151525,-7.85336671046186,7.83975334479557,-0.0183293202044314,-30.5789232333887
-0.0941529229071479,1.58287905039484,-1.4114284502342,-7.83305455378347,7.83646001635038,-0.0225429878274454,-30.6985813961005
-0.0881829112369203,1.57545131185593,-1.42748876804046,-7.81219537971158,7.83306817892984,-0.0266357983188482,-30.8222268054019
-0.0823144854064339,1.56796251584427,-1.44279878007082,-7.79076750433422,7.82952711690034,-0.0306951782737309,-30.9496043567895
-0.076551872211473,1.5603958883474,-1.45737996461237,-7.76874937024373,7.82577003316687,-0.0348287253912932,-31.0803171978295
-0.0709010327286389,1.5527288316669,-1.47126119202719,-7.74612208106919,7.82171396755467,-0.0391641320147993,-31.213809446989
-0.065369368887649,1.54493382632716,-1.48447907098698,-7.72287191790861,7.81726103411852,-0.0438476947152021,-31.3493625185066
-0.0599650929328448,1.53698005496759,-1.49707764918412,-7.69899234611165,7.8123012538016,-0.049041057059935,-31.4861114103197
-0.0546963052049282,1.52883565466092,-1.50910724486321,-7.67448501135952,7.80671691759022,-0.0549162129058142,-31.6230835341416
-0.0495699327965274,1.52047030347335,-1.52062236956253,-7.6493594288819,7.80038796338032,-0.061649302305043,-31.7592561329152
-0.0445907540980338,1.51185770787118,-1.53167896367692,-7.62363145068281,7.79319749272867,-0.069414123204959,-31.8936216876679
-0.0397607247055093,1.5029775642086,-1.54233138692439,-7.59732097925191,7.78503649967513,-0.0783763216785381,-32.0252475994596
-0.0350787267838961,1.49381672601447,-1.55262967104862,-7.5704495810962,7.77580717795005,-0.0886888649805804,-32.1533187551291
-0.0305407362012817,1.48436953587676,-1.56261742712262,-7.5430385628566,7.76542464991308,-0.100488841519711,-32.2771579098549
-0.0261403023194353,1.47463746736524,-1.57233058206628,-7.51510779983953,7.75381737513656,-0.113895156231797,-32.3962255982845
-0.0218691971557715,1.4646283076291,-1.58179691044389,-7.48667531831448,7.74092669618777,-0.129006476716664,-32.5101055957126
-0.0177181064453549,1.45435510206491,-1.59103619995392,-7.45775744663683,7.72670596454163,-0.145898837603303,-32.6184830372352
-0.013677277085017,1.4438350229288,-1.60006085148137,-7.42836929052344,7.71111955379036,-0.164622526427971,-32.7211211263657
-0.00973707812259348,1.43308825691132,-1.60887673773185,-7.39852531737875,7.69414190916967,-0.185198145989453,-32.8178403274601
-0.00588846285760788,1.4221369563023,-1.61748419229998,-7.36823990311872,7.67575666146183,-0.207612009080986,-32.9085020250436
-0.00212333557484103,1.41100427030634,-1.62587904838684,-7.33752776636219,7.65595576891665,-0.231811243242164,-32.9929972474095
0.00156516873797907,1.39971346336185,-1.63405368149895,-7.30640427156717,7.63473863830944,-0.257699153640412,-33.0712401989972
0.00518248496636695,1.38828712893109,-1.6419980308154,-7.27488561959739,7.61211120124491,-0.28513149878277,-33.1431658774965
0.00873249603580149,1.3767465134777,-1.649700581651,-7.24298896218925,7.58808496738248,-0.313914358773482,-33.2087308112999
0.0122174894060627,1.36511097099069,-1.65714929052747,-7.210732478987,7.56267612546328,-0.343804202185321,-33.267915836801
0.0156381936110288,1.35339756985288,-1.66433242922264,-7.17813544641778,7.53590480023745,-0.374510579605093,-33.3207297979849
0.0189938942460562,1.34162086920267,-1.67123931910263,-7.14521831178743,7.50779458633358,-0.40570160494059,-33.3672130895045
0.0222826234205939,1.32979287116295,-1.67786092569587,-7.11200276928115,7.47837246251611,-0.437012069173932,-33.4074400925528
0.0255014094787862,1.31792314020985,-1.68419028814918,-7.07851182233198,7.44766914345398,-0.468053722448517,-33.4415197767459
0.0286465666987747,1.30601906475288,-1.69022276928256,-7.04476981254538,7.41571986085342,-0.498427018734324,-33.4695940443414
0.031713999801373,1.2940862224504,-1.69595612767049,-7.01080239960738,7.38256549647026,-0.527733487276915,-33.4918337332091
0.034699496962561,1.28212880301086,-1.70139043017099,-6.9766364869919,7.3482539313715,-0.555587893120641,-33.5084325152159
0.037598988080756,1.27015004175603,-1.7065278377798,-6.94230010064941,7.31284143992249,-0.581629460940756,-33.5195991743749
0.0404087515501419,1.25815262359457,-1.71137230659988,-6.90782223799507,7.27639394764231,-0.605531624626329,-33.5255488926923
0.0431255611199884,1.24613902818878,-1.71592924777878,-6.87323270968936,7.23898798705708,-0.627009982197627,-33.5264942081541
0.0457467726891764,1.23411180011097,-1.72020518602933,-6.83856199629602,7.20071121847877,-0.645828338418959,-33.5226362600597
0.0482703575159226,1.22207373992452,-1.72420744772575,-6.80384113707141,7.1616624253656,-0.661802875886712,-33.5141568356726
0.0506948923999842,1.21002802142745,-1.72794389901107,-6.76910166093551,7.12195093958424,-0.674804595871572,-33.5012116120199
0.0530195187340121,1.19797824586154,-1.73142274408377,-6.73437556211465,7.08169549546678,-0.684760213688905,-33.4839248711694
0.0552438813158409,1.18592844577114,-1.73465238537176,-6.69969531640431,7.04102255002079,-0.691651690644395,-33.4623858673831
0.0573680551894361,1.17388305011504,-1.73764134132645,-6.66509392903455,7.00006413854133,-0.695514551383697,-33.4366469403966
0.0593924653625948,1.16184681924474,-1.74039821403861,-6.6306050016075,6.95895535971093,-0.696435088633327,-33.406723394455
0.061317800791272,1.14982475457575,-1.74293169727556,-6.59626280301418,6.9178316021759,-0.694546512496362,-33.3725950897269
0.063144921129051,1.13782198418404,-1.74525061514339,-6.56210232707376,6.87682563601273,-0.690024071809806,-33.3342096154338
0.0648747528381591,1.12584362292113,-1.74736398168606,-6.52815931753072,6.83606469804819,-0.68307917034844,-33.2914868312141
0.0665081705836937,1.11389460445046,-1.7492810718145,-6.4944702390224,6.79566770018041,-0.673952526253421,-33.2443244793726
0.0680458604413039,1.10197948305565,-1.75101149374205,-6.46107217112192,6.75574268484721,-0.66290647867073,-33.1926044959229
0.0694881632167105,1.09010220505425,-1.75256525258228,-6.42800260229876,6.71638464132388,-0.65021662408216,-33.1361995972046
0.070834898806549,1.07826585278192,-1.7539527941467,-6.39529910241822,6.67767378001154,-0.636163052071959,-33.0749797074771
0.0720851755871755,1.06647236779993,-1.75518501756491,-6.36299885677094,6.63967433886086,-0.621021526834503,-33.0088178353248
0.0732371917988802,1.05472226354689,-1.75627324539802,-6.33113805157723,6.60243396697852,-0.60505500569225,-32.9375951110764
0.0742880383465454,1.04301434051864,-1.75722914051799,-6.29975110968672,6.56598369717394,-0.588505882383124,-32.8612048630916
0.0752335141066549,1.03134541891071,-1.75806456003181,-6.26886978431009,6.53033848526284,-0.571589283443481,-32.7795558277696
0.0760679657731787,1.0197101046056,-1.7587913375851,-6.23852212618397,6.49549826405432,-0.554487635855115,-32.6925748394602
0.0767841649236828,1.00810060500007,-1.7594209860554,-6.20873134381067,6.46144943884792,-0.537346580675824,-32.600209611897
0.0773732361141687,0.996506612378295,-1.75996431267456,-6.17951457635628,6.42816674230387,-0.520272156366062,-32.5024324818949
0.0778246523789135,0.984915275415273,-1.76043093820652,-6.15088159489323,6.39561537036396,-0.503329045200783,-32.3992462167144
0.0781263193955747,0.973311284761955,-1.76082871199588,-6.12283344241168,6.36375333448587,-0.486539592175649,-32.2906931552885
0.0782647770988151,0.961677106501773,-1.76116301779802,-6.09536102134764,6.33253398160842,-0.469883288735103,-32.1768689958892
0.0782255566863903,0.949993405824216,-1.76143597522892,-6.06844364699196,6.30190864038885,-0.453296478978981,-32.0579423351099
0.0779937382574799,0.938239707804469,-1.76164556393733,-6.04204761615323,6.27182933492953,-0.436672204282086,-31.9341803987537
0.0775547523523445,0.926395333816105,-1.76178473795745,-6.01612490307346,6.24225144931984,-0.419860353958618,-31.8059800107967
0.0768954455816884,0.914440618084465,-1.76184065807901,-5.99061219279802,6.21313611995769,-0.402668609031964,-31.673900503376
0.0760053729985704,0.902358337351297,-1.76179424072285,-5.965430581345,6.1844519956272,-0.384864974120451,-31.5386921184833
0.0748781829860375,0.890135178827067,-1.76162027201849,-5.94048636377477,6.15617590237207,-0.366182835494108,-31.4013104408091
0.0735128446392484,0.877762959059172,-1.76128831346268,-5.91567331093367,6.12829199417033,-0.34632926558989,-31.2629065327698
0.0719143902358125,0.86523925656774,-1.76076448195562,-5.89087661769658,6.10078926644723,-0.324996608309736,-31.1247860691537
0.0700938820427636,0.852567206789077,-1.76001392885042,-5.86597828484498,6.07365783777997,-0.301876394587915,-30.9883395505904
0.068067497898874,0.839754439203738,-1.75900357095021,-5.84086321874727,6.04688493802184,-0.276673846729028,-30.8549565131698
0.0658549001694701,0.826811416166967,-1.75770449641535,-5.81542504815379,6.02045174407763,-0.249121160777353,-30.7259434749209
0.0634772677881184,0.813749607246984,-1.75609357066537,-5.78957074147355,5.99433190941093,-0.21898850880612,-30.6024636244725
0.0609554201208703,0.800579913808969,-1.75415404208997,-5.76322350877779,5.96849201076855,-0.186092805136359,-30.4855070767914
0.0583083472584974,0.787311589944277,-1.75187523559921,-5.73632395615695,5.94289355136323,-0.150305069739682,-30.3758896488229
0.0555522788194108,0.773951707161029,-1.74925159512702,-5.70882980261378,5.91749587301996,-0.111557344857924,-30.2742709752573
0.0527002705230719,0.760505075392376,-1.74628136955384,-5.68071459546177,5.89225935185464,-0.0698496663674575,-30.1811810530041
0.0497622073130573,0.746974484525345,-1.74296518254394,-5.65196582567213,5.86714843686007,-0.0252568763524701,-30.0970463960605
0.0467451040454043,0.73336114164381,-1.73930465056385,-5.62258274748897,5.84213428866423,0.0220656129554713,-30.0222104757019
0.0436535996127008,0.719665211895342,-1.73530115373725,-5.59257411784394,5.81719691070083,0.0718784431665639,-29.9569463621579
0.0404905620486937,0.705886400014863,-1.73095483003222,-5.56195601755259,5.7923267300132,0.123858788516247,-29.9014618514367
0.0372577376593265,0.692024525864495,-1.72626384557172,-5.53074989284659,5.76752560724066,0.177605926001643,-29.8558988457957
0.0339563848220214,0.67808005296176,-1.72122397855568,-5.49898094298944,5.74280726768396,0.232652562645626,-29.8203295303705
0.0305878375760047,0.664054531132201,-1.71582853075441,-5.46667695736819,5.71819716969038,0.288481759434875,-29.794752091307
0.0271539519706177,0.649950920525051,-1.71006854593881,-5.43386766150247,5.69373186802169,0.344548368735906,-29.7790884353336
0.0236574035556716,0.635773778141937,-1.70393327460168,-5.40058456624586,5.66945797755508,0.400303092000395,-29.7731856838807
0.0201018270163711,0.621529308416945,-1.69741079013213,-5.36686124027251,5.64543087713007,0.455216770750748,-29.7768222729696
0.0164918139248544,0.607225300595142,-1.69048864451286,-5.33273386131867,5.6217132975116,0.508802474501492,-29.78971849998
0.0128328050256439,0.592870990775575,-1.68315445735573,-5.29824186349494,5.59837390637056,0.560633348483847,-29.8115505333596
0.00913092391461699,0.578476890910733,-1.6753963581972,-5.26342849476624,5.57548594721656,0.610354910079263,-29.8419663905244
0.00539279774996105,0.564054620506836,-1.66720323932962,-5.2283411281301,5.55312592877783,0.657691337069861,-29.8806022359574
0.00162540012650459,0.5496167628404,-1.65856481378473,-5.19303122165413,5.53137231708411,0.702446071629935,-29.9270975004326
-0.00216406381715718,0.535176751462207,-1.64947150161241,-5.15755388292061,5.51030416676521,0.744497629894814,-29.9811076615573
-0.00596822480267752,0.520748779153825,-1.63991418342994,-5.12196705089976,5.48999964136566,0.783791803658197,-30.0423139355638
-0.00977957539061471,0.50634771280335,-1.62988386422499,-5.08633035539904,5.47053440573775,0.820331491104366,-30.1104295149022
-0.0135904672277164,0.491988994166472,-1.61937128637063,-5.05070374791789,5.45197991330223,0.854165265844286,-30.185202285456
-0.0173930946482396,0.477688507005201,-1.60836652335512,-5.01514601796638,5.43440164435978,0.885375567967634,-30.2664141430048
-0.0211794791938925,0.463462393924648,-1.59685857877838,-4.9797133172664,5.41785736994663,0.914067145631475,-30.3538770965885
-0.024941467689048,0.449326809767091,-1.58483501136881,-4.94445781281128,5.40239551547019,0.940356137498465,-30.4474263094124
-0.0286707544137999,0.435297601587193,-1.57228160750214,-4.90942658042591,5.38805368098403,0.964359990888802,-30.5469101127333
-0.0323589364355313,0.421389907589755,-1.5591821282789,-4.87466083463018,5.37485734586887,0.986188269209831,-30.6521768776135
-0.0359976105436445,0.407617669255469,-1.54551816798951,-4.8401955687505,5.36281875326208,1.00593431977555,-30.7630585082017
-0.0395785201731901,0.393993053342542,-1.53126917281954,-4.80605965048116,5.35193594454906,1.0236677534711,-30.8793503235466
-0.0430937602476674,0.38052578565955,-1.51641267888414,-4.77227637993249,5.34219190916402,1.03942773626532,-31.0007873542734
-0.046536045319365,0.367222409609601,-1.50092482997841,-4.73886446590779,5.33355384301247,1.05321721288186,-31.1270177516946
-0.0498990393548907,0.354085503152283,-1.48478121721181,-4.70583930929563,5.32597258011898,1.06499836598605,-31.2575752155774
-0.0531777315668964,0.341112920351929,-1.46795803322094,-4.67321440434302,5.31938237547233,1.07468982065485,-31.3918540599139
-0.056368821027283,0.328297165480126,-1.45043344725765,-4.64100259782891,5.31370134733961,1.0821662469907,-31.5290923663204
-0.059471047004582,0.315625046604588,-1.4321889968918,-4.60921692003416,5.30883297478973,1.08726096499845,-31.6683697291962
-0.0624853823145525,0.303077768487574,-1.41321069909475,-4.57787076566532,5.30466900480801,1.08977180182494,-31.8086251349594
-0.0654150086366194,0.290631584860225,-1.39348957163766,-4.54697737952863,5.30109388638374,1.08946980400441,-31.9486966728303
-0.0682650271104764,0.278259027328258,-1.37302137303409,-4.5165488486566,5.29799044103481,1.0861096934533,-32.0873786269172
-0.0710419200541549,0.265930587721853,-1.35180559714034,-4.48659500805622,5.29524605479284,1.07944055719836,-32.2234855217875
-0.0737528459796671,0.253616610938449,-1.32984399811064,-4.45712271230016,5.29275845289881,1.06921546428633,-32.3559100679461
-0.0764048890692127,0.241289113026738,-1.3071390510517,-4.42813577692461,5.2904402239137,1.05519945027897,-32.4836642618644
-0.0790043795874885,0.228923289490036,-1.28369271719851,-4.39963563793,5.28822163237902,1.03717620599165,-32.6058988126822
-0.0815563620968677,0.216498586805374,-1.25950572343894,-4.37162255216789,5.28605169753054,1.01495440761503,-32.7219024467691
-0.0840642379865287,0.203999320899689,-1.23457738154087,-4.3440970565832,5.28389783000561,0.988374716134522,-32.8310868369033
-0.0865295695374494,0.191414900386458,-1.20890584105616,-4.31706142332617,5.28174443511778,0.957318122820985,-32.9329641417338
-0.0889520138068674,0.178739740019856,-1.18248861759507,-4.29052093684193,5.27959084799721,0.921715736703404,-33.0271232036235
-0.0913293539265619,0.165972942756752,-1.15532324953314,-4.26448491805781,5.27744884721633,0.881559507993131,-33.1132085904438
-0.093657605679152,0.153117805392023,-1.12740798114934,-4.23896749222896,5.27533987429591,0.836912900953149,-33.1909048133003
-0.0959311909599681,0.140181178381129,-1.09874242240903,-4.21398812877285,5.27329201057537,0.787920249731548,-33.2599266216137
-0.0981431812610996,0.127172694830893,-1.06932817821522,-4.1895719779566,5.27133674557735,0.73481348116586,-33.3200153106445
-0.100285619865136,0.114103881210322,-1.03916946432988,-4.16575000303222,5.26950560743191,0.67791505272777,-33.3709403547696
-0.102349928926977,0.100987173544932,-1.00827373085232,-4.14255887300152,5.26782679772534,0.617636268708817,-33.4125052672135
-0.104327396761424,0.0878348846041685,-0.976652299927289,-4.12004055698162,5.26632205251946,0.554470513834883,-33.4445562965932
-0.106209723334315,0.0746581934533967,-0.944320999905021,-4.0982415605383,5.26500400644405,0.488981307301549,-33.4669923752142
-0.107989582433174,0.0614662497821725,-0.911300754640636,-4.0772117761007,5.26387433981665,0.421785418183096,-33.4797746503634
-0.109661143322292,0.0482654921555934,-0.877618075385147,-4.0570029825352,5.26292292492965,0.353531648721978,-33.4829339937014
-0.111220489120158,0.0350592648258927,-0.84330541080193,-4.03766710953241,5.26212806222412,0.284876355182017,-33.4765751241271
-0.112665877787476,0.0218477808676401,-0.808401336705497,-4.01925445612653,5.26145773639115,0.216457338307319,-33.4608763973459
-0.113997814263921,0.0086284267201512,-0.772950600686768,-4.00181209138721,5.26087166731336,0.148868272286141,-33.4360848729038
-0.115218933626122,-0.00460365213889375,-0.737004062221159,-3.9853826492857,5.26032382324051,0.0826361292773107,-33.402506890648
-0.116333726271058,-0.0178547874102707,-0.700618572979765,-3.97000365806424,5.25976503165433,0.018203889230181,-33.3604949732517
-0.117348158064964,-0.0311319677807833,-0.663856821410297,-3.95570743798167,5.25914537010814,-0.0440798556512823,-33.3104323190747
-0.118269245730731,-0.0444420755494141,-0.626787128683497,-3.94252149432912,5.25841612302487,-0.103963836915378,-33.2527163861301
-0.119104640540145,-0.0577912635185851,-0.589483145785151,-3.93046925739162,5.25753121455088,-0.161290135571284,-33.1877430664103
-0.119862256342107,-0.0711845158069603,-0.552023379182596,-3.91957099442516,5.25644813671468,-0.215984728213597,-33.1158927375918
-0.120549957745129,-0.0846253980309058,-0.514490472952744,-3.90984473785718,5.25512846438762,-0.268044448166799,-33.037519127954
-0.121175306625781,-0.098115973545487,-0.476970196950556,-3.90130712169959,5.25353807930629,-0.317522281779821,-32.9529415335286
-0.121745353278701,-0.111656845941944,-0.439550125217618,-3.89397407331287,5.2516472234598,-0.364512615172852,-32.862440571996
-0.122266453073658,-0.125247282500167,-0.402318025987804,-3.8878613532058,5.24943048199434,-0.409137572924808,-32.7662574071582
-0.122744089337246,-0.138885375464865,-0.365360015730177,-3.88298496255348,5.24686677100608,-0.451535094276141,-32.6645962566916
-0.123182686624453,-0.152568204317654,-0.328758549730539,-3.87936144499836,5.24393938512068,-0.491848971313873,-32.5576299960965
-0.123585404131758,-0.166291970044347,-0.292590329618096,-3.87700809911844,5.24063614714093,-0.530220770516673,-32.4455087586255
-0.123953905964433,-0.180052080494071,-0.256924205963876,-3.87594309566348,5.23694969630429,-0.566783378105575,-32.3283715501346
-0.124288113317936,-0.193843174374843,-0.221819145878699,-3.87618546472962,5.23287794854278,-0.60165583502179,-32.2063609773156
-0.124585953959417,-0.207659081382028,-0.18732232737128,-3.87775488853068,5.22842475492905,-0.634939138299949,-32.0796411359554
-0.124843137387231,-0.221492729157523,-0.153467421168193,-3.88067121335813,5.22360076496236,-0.66671276434093,-31.9484184116176
-0.12505299960333,-0.235336025683296,-0.120273133884148,-3.88495359134007,5.21842446097473,-0.697031801390087,-31.8129642949813
-0.125206477327633,-0.249179767921595,-0.0877421186125975,-3.89061919417845,5.21292326327682,-0.725924744630126,-31.6736382474109
-0.125292281884027,-0.26301364953959,-0.0558604079578036,-3.89768152235064,5.20713451683129,-0.753392172769987,-31.5309072704256
-0.125297338042985,-0.276826451976371,-0.0245975749312825,-3.90614846791624,5.20110608153072,-0.779406628663012,-31.3853575374541
-0.125207521737785,-0.290606488765302,0.00609215307589493,-3.91602045188378,5.19489620453973,-0.80391398751305,-31.2376929967303
-0.125008668100965,-0.30434232051969,0.0362676548536108,-3.92728908249119,5.18857241090642,-0.826836353675001,-31.0887171451047
-0.124687739374366,-0.31802367099849,0.0659975316138015,-3.93993677843226,5.18220934004547,-0.848076106973525,-30.939297624021
-0.124233972268408,-0.331642382681803,0.0953557954000836,-3.95393761099731,5.17588574453071,-0.867520279302367,-30.7903181360564
-0.123639804210965,-0.345193200085916,0.12441708347786,-3.96925927725597,5.16968113855849,-0.885044219756888,-30.6426264023278
-0.122901426180291,-0.358674195061648,0.153251984759767,-3.98586576472133,5.16367269963718,-0.900513667153575,-30.4969882763571
-0.122018908131769,-0.37208674396835,0.18192302587325,-4.00372007300127,5.15793292559981,-0.913784850004923,-30.3540559039828
-0.120995946394237,-0.385435085839206,0.210481677716541,-4.02278639743161,5.15252828828593,-0.924702846582009,-30.2143532152723
-0.119839349482471,-0.398725580520029,0.238966499409686,-4.04303139992186,5.14751883739761,-0.933098912510474,-30.0782773617454
-0.118558394965503,-0.411965819475365,0.267402331325995,-4.06442446690083,5.14295850620785,-0.938787705153425,-29.9461117517994
-0.117164167129746,-0.425163725975194,0.295800332338097,-4.08693707540931,5.13889579374074,-0.941565341601094,-29.8180455284956
-0.115668945490465,-0.438326739813964,0.324158626136038,-4.11054151346974,5.13537451990251,-0.941209127745448,-29.6941950690795
-0.114085675986953,-0.451461137604509,0.352463346704404,-4.13520924260119,5.13243442172896,-0.937479673031727,-29.5746244546417
-0.112427528821652,-0.464571505911272,0.380689920728383,-4.1609091830803,5.13011144106268,-0.930125976240223,-29.4593631764733
-0.110707530697379,-0.477660364158456,0.408804472937562,-4.18760617559023,5.1284376280901,-0.918893887981838,-29.3484202934885
-0.108938252373319,-0.490727924936162,0.436765280021804,-4.21525983996006,5.1274406498124,-0.90353804907501,-29.2417947883238
-0.10713153204588,-0.503771976842038,0.464524229323553,-4.24382401171017,5.12714295457138,-0.883836902740026,-29.1394820834792
-0.105298218785674,-0.516787875489051,0.492028263358588,-4.27324688034931,5.12756071003218,-0.859609674759423,-29.0414767127514
-0.10344792668197,-0.529768629062881,0.519220813354036,-4.30347186962531,5.12870270251483,-0.830733416321077,-28.9477711340207
-0.101588798449321,-0.542705064425186,0.546043244242577,-4.33443918752415,5.13056944868722,-0.797157559294469,-28.8583507285283
-0.0997272859582989,-0.555586058143742,0.572436345395191,-4.36608784687434,5.13315280274452,-0.75891328984918,-28.773185225995
-0.0978679630296959,-0.568398815014174,0.598341898412802,-4.39835784701266,5.13643631455471,-0.716115693723688,-28.6922171267806
-0.0960133912001839,-0.581129176197904,0.623704329691911,-4.43119215171983,5.14039648813209,-0.668958084913709,-28.6153480908712
-0.0941640606072949,-0.593761941255931,0.648472412608929,-4.46453812610047,5.14500491377229,-0.617699817582991,-28.5424246047894
-0.0923184251497835,-0.606281193177544,0.672600933485005,-4.49834820384585,5.15023104378947,-0.562650519471177,-28.4732243984711
-0.090473044461083,-0.618670621835189,0.69605219504864,-4.53257971236413,5.15604521372019,-0.504154433699929,-28.4074450073534
-0.088622836867325,-0.63091384751703,0.718797216664633,-4.56719393596886,5.16242143098964,-0.442578167596309,-28.3446956026135
-0.0867614394461527,-0.642994751069718,0.740816507129709,-4.60215460541658,5.16933947796341,-0.37830387748658,-28.2844928636356
-0.0848816646748403,-0.654897820065015,0.762100325664866,-4.6374260518552,5.17678598223544,-0.311728324355154,-28.2262613702033
-0.0829760374278934,-0.666608520570447,0.78264839521428,-4.67297126830693,5.18475424964253,-0.243266845316064,-28.1693388177526
-0.0810373892812803,-0.678113700137281,0.802469076445786,-4.70875010810197,5.19324279791705,-0.173360379441842,-28.1129862839309
-0.0790594769305346,-0.68940201759254,0.82157804600044,-4.7447178374816,5.20225265870478,-0.102483277642329,-28.0564036903945
-0.0770375772085117,-0.70046437805102,0.839996552116351,-4.78082425242784,5.21178364352979,-0.0311495834126942,-27.9987503594631
-0.074968995040304,-0.711294329061344,0.857749352530508,-4.81701355356305,5.22182991235712,0.0400843447826533,-27.939170033944
-0.0728534090008735,-0.721888352313467,0.874862478806453,-4.85322512430952,5.23237534331999,0.110622651033307,-27.8768188877245
-0.0706929809514288,-0.732245975346173,0.891361014514096,-4.88939525827122,5.2433893484588,0.179839480247384,-27.8108940586934
-0.0684921792329877,-0.742369639996806,0.907267107542493,-4.92545973491638,5.25482385062011,0.247095581763668,-27.740659428055
-0.0662573097379067,-0.752264303206074,0.922598438225048,-4.96135698063878,5.26661206161967,0.311761299293682,-27.6654651834899
-0.0639958053717513,-0.761936802815661,0.937367318594934,-4.99703142946642,5.27866944896243,0.373243845997645,-27.5847584415963
-0.0617153723063325,-0.77139507530257,0.951580505137431,-5.03243666451442,5.29089689023968,0.431015451531696,-27.4980838181294
-0.0594231113685107,-0.780647340092886,0.965239691389926,-5.06753799432463,5.30318560678145,0.484638209222539,-27.4050748658375
-0.0571247165853198,-0.78970135314842,0.978342544618339,-5.10231426757573,5.31542317957407,0.533781684135097,-27.3054390936828
-0.0548238084439144,-0.798563786812511,0.99088409469038,-5.13675889471491,5.32749987064485,0.578230667872227,-27.1989403381218
-0.052521406342768,-0.807239734126684,1.00285828529624,-5.17088016738085,5.33931460272543,0.61788250934213,-27.0853824792453
-0.0502155030055463,-0.81573228701351,1.01425954761487,-5.20470101530804,5.35078021495873,0.652735525535888,-26.9645981647928
-0.0479006853960246,-0.824042113547479,1.02508433110176,-5.23825831691466,5.36182791303019,0.682871465542788,-26.8364457547348
-0.0455677550367176,-0.832166964282667,1.03533260074238,-5.27160180481751,5.37241108664679,0.708435573304574,-26.7008174404157
-0.0432033343178358,-0.840101070597211,1.04500936510131,-5.30479250790324,5.3825088252239,0.729617569040391,-26.5576614254081
-0.0407895036569631,-0.847834460563307,1.0541263177779,-5.33790057685153,5.39212948989967,0.746636158116727,-26.4070207391035
-0.0383035971591791,-0.855352315139737,1.06270363571839,-5.3710022918326,5.40131455499496,0.759728763321866,-26.249089703796
-0.0357183835517978,-0.862634619456397,1.07077185414276,-5.40417611669512,5.41014255859989,0.769147150392939,-26.084284816735
-0.0330029395924974,-0.869656500859796,1.07837351113488,-5.43749792911895,5.41873237372296,0.775158353220323,-25.9133185612122
-0.030124504918273,-0.876389695580435,1.08556396250143,-5.47103605722302,5.42724425735749,0.778048664697972,-25.7372533275029
-0.027051384788225,-0.882805398933219,1.09241056814918,-5.50484733179774,5.43587669336877,0.778126717948346,-25.5575041630534
-0.0237565123033815,-0.888878233699,1.09898961776861,-5.53897556982461,5.44485759699262,0.775720910853704,-25.3757644715554
-0.0202207889702408,-0.894590387407087,1.10538106909408,-5.57345324302426,5.45443032350141,0.771168026989865,-25.1938553555744
-0.0164351795173136,-0.899934606701914,1.11166215664432,-5.60830564603614,5.46483730571812,0.764793952245722,-25.0135367437381
-0.0124009724959805,-0.904915101223658,1.11790151802913,-5.64355562011574,5.47630530546396,0.756891491292747,-24.8363396949546
-0.00812837593845669,-0.909546315684179,1.12415520293649,-5.67922680720095,5.48903521649099,0.74770139738659,-24.6634662379424
-0.00363416662691238,-0.913850320655934,1.13046502669108,-5.71534445430327,5.50319699569959,0.737400331201397,-24.4957675691206
0.0010608229614506,-0.917853794863508,1.13685888286462,-5.75193401685703,5.51892837596481,0.726095893824674,-24.3337808935171
0.00593386998421968,-0.921585309219936,1.14335226078997,-5.78901846244731,5.53633542143893,0.713826568575408,-24.1777947700482
0.0109619957244538,-0.925073222237508,1.14995027730598,-5.8266151973016,5.55549343035469,0.700563978851642,-24.0279185118604
0.0161230997480956,-0.928344202218167,1.15664977483966,-5.86473325788547,5.57644747463718,0.686215606058004,-23.8841421597454
0.0213967083061075,-0.931422257282609,1.16344126650169,-5.90337111772177,5.59921252588885,0.670627145899979,-23.7463826059509
0.0267644550249141,-0.934328131756033,1.17031065330004,-5.9425152675675,5.62377351131779,0.65358455052283,-23.6145166484643
0.0322103832177158,-0.937078955842991,1.1772407047602,-5.98213963093258,5.65008579754392,0.634816398993515,-23.4884038652299
0.0377211262087609,-0.939688075494176,1.18421231115232,-6.02220583591185,5.67807658149652,0.613997600488901,-23.3679025002661
0.0432859957588027,-0.942165023380753,1.19120550954608,-6.0626643425094,5.70764753337001,0.590755622358329,-23.2528809892123
0.0488969905843916,-0.94451561573326,1.19820027451613,-6.10345640103832,5.73867883170298,0.564680478974455,-23.1432268343337
0.0545487249790366,-0.946742175255387,1.20517705725667,-6.14451678318431,5.77103449440798,0.535339611761975,-23.0388535255177
0.0602382691221672,-0.948843890564309,1.21211705874179,-6.18577718186322,5.80456867948994,0.502298498763554,-22.939705263649
0.065964886665255,-0.950817329313727,1.21900223498711,-6.2271701215504,5.83913244043591,0.465147289384887,-22.8457585539554
0.0717296529060157,-0.952657123757862,1.22581505536479,-6.26863316096499,5.87458030546009,0.423532894963571,-22.7570194988979
0.0775349419453808,-0.954356839059402,1.232538066916,-6.31011310929376,5.91077603368824,0.377194753201716,-22.673515991307
0.0833837879366344,-0.955910010087545,1.23915335505197,-6.3515699224792,5.94759700204269,0.326001034335372,-22.5952849972199
0.0892791553661419,-0.957311289519689,1.24564202626681,-6.39297990977673,5.98493689018143,0.269980694562857,-22.5223564883887
0.095223191201643,-0.958557595740202,1.25198385892856,-6.4343378816866,6.02270661938312,0.20934603239195,-22.4547368603083
0.10121656479545,-0.959649101667291,1.25815725896562,-6.47565792979316,6.06083379101837,0.144500812002276,-22.3923952946653
0.107258012554004,-0.960589889801357,1.26413960815937,-6.51697265991683,6.09926107311289,0.0760308546625038,-22.3352561278283
0.11334418083094,-0.961388133143416,1.2699080072133,-6.55833089363459,6.13794403654448,0.00467701352712761,-22.2831989217176
0.119469802790024,-0.962055746074608,1.27544031522189,-6.59979407294148,6.17684884197455,-0.068706145003431,-22.2360660838209
0.125628169942722,-0.962607560342171,1.28071630546914,-6.64143179192186,6.21594998442607,-0.143199872515831,-22.1936762217903
0.131811793380371,-0.963060180864991,1.28571872577573,-6.68331698311631,6.25522810652033,-0.217871665599813,-22.155840465376
0.138013116829989,-0.963430729736915,1.29043408168803,-6.72552127719412,6.29466777109592,-0.291819879620002,-22.1223788972586
0.144225152040199,-0.963735680636665,1.29485303835869,-6.76811094494491,6.3342550679031,-0.364207917069744,-22.0931348093066
0.150441947421722,-0.963989931103714,1.29897042991879,-6.81114366524334,6.37397499473598,-0.434286130446438,-22.067985383359
0.156658853647784,-0.964206183931919,1.30278494114126,-6.8546661957406,6.41380865169533,-0.501402084288242,-22.0468482611369
0.162872596135897,-0.964394638758958,1.30629856715612,-6.89871289505557,6.45373037386344,-0.56500148302657,-22.0296841290742
0.169081193458894,-0.964562947339638,1.3095159625443,-6.94330497197116,6.49370498046929,-0.624622745713409,-22.0164958522961
0.175283771681151,-0.964716364258229,1.31244377255637,-6.98845031300801,6.53368533726871,-0.679888098919649,-22.0073248865017
0.181480322195956,-0.964858023303612,1.31509001046856,-7.03414374837574,6.57361042377017,-0.73049350737661,-22.0022457476182
0.18767144122372,-0.964989279787424,1.31746351694876,-7.08036764043065,6.61340407858549,-0.776199075831704,-22.0013592926348
0.193858077877256,-0.965110073284929,1.31957351547806,-7.12709270563955,6.65297456994372,-0.816820930268686,-22.0047855065268
0.200041307684814,-0.96521927889046,1.32142926402152,-7.17427900352334,6.69221510453563,-0.852225105247571,-22.0126564228871
0.206222140972637,-0.965315025910443,1.32303979663155,-7.22187704144046,6.73100534413238,-0.882323633190229,-22.0251097349326
0.212401370712218,-0.965394970488469,1.32441374797055,-7.26982895241351,6.76921394409099,-0.907072818335727,-22.0422835719284
0.218579461943682,-0.965456513413463,1.32555925714803,-7.31806970593576,6.80670206168926,-0.926473536660839,-22.0643128101427
0.224756484083459,-0.965496957150942,1.32648395305057,-7.3665283108807,6.84332770924058,-0.940573286971343,-22.0913271420423
0.230932087603774,-0.965513597940933,1.32719502960053,-7.41512896765807,6.87895075381115,-0.94946958698777,-22.1234509311235
0.237105526938883,-0.965503750631076,1.32769942384545,-7.46379212622246,6.91343829985,-0.953314130955893,-22.160804631263
0.24327573113088,-0.965464706711836,1.32800410976039,-7.51243541012055,6.94667013995067,-0.952316888857895,-22.2035072658137
0.249441421725566,-0.96539363054884,1.32811651332896,-7.56097437677041,6.97854392665527,-0.946749048827812,-22.251679186816
0.255601272965684,-0.965287405349794,1.32804503778513,-7.60932310170572,7.0089797066664,-0.936943448242642,-22.3054441444169
0.261754102164606,-0.965142448379516,1.32779966200231,-7.65739459840743,7.03792346978184,-0.923291027894335,-22.3649296909914
0.267899069155252,-0.964954522556848,1.32739254404581,-7.7051011113915,7.06534940314966,-0.906232044997628,-22.4302652179249
0.274035855306413,-0.96471857590753,1.32683853493411,-7.75235434180154,7.09126061669223,-0.886241445077709,-22.5015775075859
0.28016478847054,-0.964428638271212,1.32615549715397,-7.79906567539763,7.11568822823573,-0.863808940942428,-22.5789844828696
0.28628688394023,-0.964077794638396,1.32536433909922,-7.84514648000857,7.13868886713144,-0.839415754903282,-22.66258860125
0.292403784171124,-0.963658238465263,1.32448872176189,-7.89050852687187,7.16034084982863,-0.813511167711124,-22.7524717321594
0.298517598531737,-0.963161391965728,1.32355445519029,-7.93506457545384,7.18073945136699,-0.786492431789507,-22.848693120212
0.304630661801946,-0.962578070742054,1.32258865664405,-7.97872914998187,7.19999178703722,-0.758690950553657,-22.9512911746734
0.310745239388717,-0.961898671582413,1.32161876875059,-8.02141952738327,7.21821179590296,-0.730366099273241,-23.0602886340233
0.316863204927317,-0.961113373980676,1.32067152658999,-8.06305694585408,7.23551569407548,-0.701706286870311,-23.1756995599683
0.322985704334455,-0.960212362739501,1.31977192625636,-8.10356802900836,7.25201808894995,-0.672835512013306,-23.2975359236389
0.329112805540596,-0.959186094841812,1.31894220168721,-8.14288640809907,7.26782877212855,-0.643823123624868,-23.4258112981551
0.335243121618692,-0.958025644672206,1.31820077734984,-8.18095452487797,7.28305007563715,-0.6146947109546,-23.5605391917161
0.341373391838053,-0.956723166201251,1.31756114072906,-8.21772561900358,7.29777459482457,-0.585442711262435,-23.7017236329237
0.347498013973789,-0.955272507904192,1.31703057477653,-8.25316594631276,7.31208304961234,-0.556036085967809,-23.8493396937762
0.353608545844815,-0.953670002342251,1.31660871243763,-8.28725732363284,7.32604207487986,-0.526429033494169,-24.0033019289583
0.359693239019866,-0.951915418940552,1.31628593569838,-8.32000011928043,7.33970181842544,-0.496569051169813,-24.1634198132836
0.36573673453974,-0.950013002933492,1.31604175829314,-8.35141674971122,7.35309341480368,-0.466404666408181,-24.3293421019977
0.371720127896956,-0.947972417387772,1.31584351244018,-8.38155552762823,7.36622672052789,-0.435892792326065,-24.5004975092293
0.377621658307471,-0.945809275235049,1.31564586892255,-8.41049428343846,7.37908909577055,-0.40500495992275,-24.6760469266548
0.383418221219766,-0.943544862962963,1.31539183314705,-8.43834262125987,7.39164630308996,-0.373730890090264,-24.8548693678026
0.389087672531308,-0.941204736324358,1.31501568075127,-8.4652412823476,7.40384641679728,-0.342077574628523,-25.0356030883651
0.394611518451756,-0.938816197202414,1.31444770619715,-8.49135736525754,7.41562674171908,-0.310062897576395,-25.2167484389321
0.399977270772445,-0.936405145737472,1.31361985236444,-8.51687535284791,7.42692239405157,-0.277704851281963,-25.3968127069916
0.405179761382332,-0.933993140151632,1.31247078972927,-8.54198554054564,7.43767427106237,-0.245009424950732,-25.5744553829387
0.410221109565503,-0.931595417353762,1.31094923636023,-8.56687248340015,7.44783439775884,-0.211960729285776,-25.7485919859961
0.415109558734194,-0.929220181765355,1.30901510823706,-8.59170579328466,7.45736791295683,-0.178515525790285,-25.9184360408097
0.419857712036886,-0.926868983686165,1.30663889320515,-8.61663436965522,7.46625229770552,-0.144602241793683,-26.0834851663893
0.424480691858514,-0.924537754210495,1.30380002067845,-8.64178385684684,7.47447509973704,-0.11012316931497,-26.2434724427701
0.428994554420511,-0.922218070041428,1.30048494312953,-8.66725640702259,7.48203132523414,-0.0749583107781406,-26.3983052130186
0.433415080354474,-0.919898361402835,1.29668538611961,-8.69313172305174,7.48892123790749,-0.0389698507233635,-26.5480066135298
0.43775692507767,-0.917564924971625,1.29239696780206,-8.71946858732056,7.4951488763225,-0.00200695264045687,-26.6926673059757
0.442033055761765,-0.915202704988836,1.28761822152952,-8.74630639348004,7.50072131870284,0.0360888051650002,-26.8324094437775
0.446254397020599,-0.912795856051904,1.28234997484899,-8.77366645970558,7.50564858698168,0.075476611901177,-26.9673622044484
0.450429627509126,-0.910328117439397,1.2765950132002,-8.80155308715794,7.50994403502487,0.116307239178835,-27.0976474127264
0.45456509715114,-0.907783028993134,1.27035795643838,-8.82995445474272,7.51362505913202,0.158710482012932,-27.2233739221623
0.458664860672133,-0.905144015488897,1.26364527941985,-8.85884353693664,7.51671396844647,0.202778542732289,-27.344639806924
0.462730841756109,-0.902394368166382,1.25646540119448,-8.88817930813531,7.51923884002573,0.248545528882959,-27.4615415573385
0.466763147519203,-0.899517162549083,1.24882874566087,-8.9179085429955,7.52123415249253,0.295964756942289,-27.5741890574734
0.470760538888727,-0.896495169483393,1.2407476459839,-8.94796849830672,7.52274095507562,0.34488759701662,-27.6827240530655
0.474721026734445,-0.893310832870131,1.23223594758033,-8.97829061558324,7.52380631991339,0.395049489490616,-27.78733836351
0.478642515039149,-0.889946387806844,1.22330819446519,-9.00880509116607,7.52448189543474,0.446069325419331,-27.8882869861863
0.482523373691901,-0.886384162930161,1.21397838768028,-9.0394457824822,7.52482156254152,0.497466478645748,-27.9858914590461
0.486362821846748,-0.882607051033619,1.20425846920433,-9.07015461528716,7.52487846602217,0.548695349158362,-28.0805309658614
0.490161049940424,-0.878599064699946,1.19415684392048,-9.10088461199017,7.52470194522698,0.599191922910919,-28.1726222150532
0.4939190868728,-0.874345852590993,1.18367731918822,-9.13160095009252,7.524334988775,0.648423103802449,-28.2625926009025
0.497638490935688,-0.869835059272049,1.17281877085718,-9.16227997195938,7.52381272338436,0.6959291856255,-28.3508529531061
0.501320977390263,-0.865056461458783,1.16157566632962,-9.19290657520714,7.52316216776762,0.741352639950352,-28.4377756336018
0.50496808572237,-0.86000187934082,1.1499393707235,-9.22347072145267,7.52240316500162,0.784450713764299,-28.5236814310414
0.508580951474958,-0.854664914514326,1.13790000856081,-9.25396384450173,7.52155016895045,0.82509327119239,-28.6088358801183
0.512160203667173,-0.849040590967092,1.12544858700816,-9.28437577369531,7.52061445794456,0.863249771039947,-28.6934533948667
0.515705975105147,-0.843124973214721,1.11257910097962,-9.31469252467743,7.51960637318123,0.898970070442066,-28.7777064628776
0.519217994941048,-0.836914816189292,1.09929040472264,-9.34489505016211,7.51853728429756,0.932363287951726,-28.8617370446338
0.522695728592402,-0.830407276684031,1.0855877144887,-9.37495884985547,7.51742111705013,0.963577832308125,-28.9456678924839
0.52613853435932,-0.823599694791132,1.07148367736687,-9.4048542317518,7.51627539688651,0.99278442068004,-29.0296123322981
0.529545813677332,-0.816489439940989,1.05699899062246,-9.43454698650177,7.51512184572389,1.02016280869126,-29.1136818307192
0.532917139491925,-0.809073810117826,1.04216258372183,-9.46399925806366,7.51398661341662,1.04589218230869,-29.1979912474378
0.536252353147755,-0.801349972682049,1.02701138802259,-9.49317044178064,7.5129002373023,1.07014472501545,-29.2826620144901
0.539551624186341,-0.793314938449743,1.01158972493071,-9.52201799582145,7.51189741418006,1.09308170136547,-29.3678236331992
0.542815469952349,-0.784965565060797,0.995948348613429,-9.55049810194119,7.5110166498073,1.1148513965038,-29.4536138977197
0.546044733519693,-0.776298589679857,0.980143187522896,-9.57856615172065,7.51029982941067,1.13558833842761,-29.5401782010923
0.549240519680907,-0.767310693849127,0.964233840422032,-9.60617706396654,7.50979173362446,1.1554133479834,-29.6276681981237
0.552404089931283,-0.757998604483136,0.948281895470557,-9.63328545896414,7.50953951007025,1.17443407734464,-29.7162400154626
0.555536718682188,-0.748359234548742,0.932349152221112,-9.65984572757074,7.5095921021812,1.19274579566295,-29.8060521261557
0.558639514381296,-0.738389865128718,0.91649583298837,-9.68581203943505,7.50999963352287,1.21043225670541,-29.8972629485257
0.561713210748196,-0.728088367700636,0.900778869646753,-9.71113833631415,7.51081274681896,1.22756653937544,-29.9900281874397
0.564757934872327,-0.71745346204844,0.885250343474062,-9.73577835462256,7.51208190082802,1.24421179210425,-30.0844979077731
0.567772960395434,-0.706485001761098,0.86995613970692,-9.75968571685082,7.51385663365592,1.26042184048243,-30.1808133125282
0.570756455380369,-0.695184276213525,0.854934856910855,-9.78281412507242,7.5161848065785,1.27624163785031,-30.2791031897484
0.57370523576809,-0.683554315593865,0.84021698696069,-9.80511768206908,7.5191118467908,1.29170755372425,-30.3794799927317
0.576614536606306,-0.671600184070093,0.825824357658498,-9.82655135718479,7.522680009943,1.30684750702674,-30.4820355288232
0.579477814573697,-0.659329245481279,0.811769809934765,-9.84707160521365,7.52692768373384,1.32168096172081,-30.5868362573744
0.582286596770131,-0.646751385695644,0.798057067767513,-9.86663713749328,7.53188875273881,1.33621881287521,-30.693918243415
0.585030392227593,-0.63387917558362,0.784680753147586,-9.88520983456501,7.53759204319562,1.3504632022879,-30.8032818871883
0.587696683838732,-0.620727958058221,0.771626501350067,-9.90275577852283,7.54406086614519,1.36440731486883,-30.9148866561069
0.590271018801446,-0.607315841791939,0.758871143063625,-9.91924636950521,7.55131267952687,1.37803521931317,-31.0286461838405
0.592737214274403,-0.593663583559833,0.746382937953343,-9.93465947390723,7.55935889518241,1.391321826942,-31.1444242579164
0.595077690487666,-0.57979434196434,0.734121865937488,-9.9489805320542,7.56820486435734,1.40423304688139,-31.2620323612697
0.597273934871387,-0.565733289507828,0.722040003321949,-9.96220353258668,7.57785008222252,1.41672620847481,-31.3812295136657
0.599307087341504,-0.551507079626392,0.710082025335517,-9.97433174477347,7.58828865320439,1.42875079756372,-31.5017251125274
0.601158619646474,-0.53714318143373,0.698185878985156,-9.98537809602375,7.59951004878034,1.4402495095492,-31.6231852445216
0.602811063553353,-0.52266911632688,0.686283657016372,-9.99536509807698,7.61150016392341,1.45115956271353,-31.7452425147105
0.604248728305178,-0.508111653018901,0.67430267596623,-10.0043242663243,7.62424263848347,1.46141415192711,-31.8675088745629
0.605458342279938,-0.493496034339021,0.662166725236337,-10.0122950395221,7.63772036304404,1.4709438735419,-31.9895903544042
0.606429560400631,-0.478845313600856,0.649797420542824,-10.0193232796231,7.65191704811354,1.4796779348252,-32.1111021907681
0.607155297165504,-0.464179866978386,0.637115575299759,-10.025459495121,7.66681871433651,1.48754498524935,-32.2316827262925
0.607631870717171,-0.449517122994113,0.624042504464595,-10.0307569685366,7.68241496753809,1.49447346817397,-32.3510046942947
0.607858969295212,-0.434871517719489,0.61050119679461,-10.0352699701566,7.69869995417001,1.50039147337847,-32.4687830064936
0.607839471301859,-0.420254653474996,0.596417326207909,-10.0390522084755,7.71567293990488,1.50522615205055,-32.5847787809178
0.607579160431661,-0.405675616944008,0.581720110687989,-10.0421556151936,7.73333850297846,1.50890281894932,-32.698799906929
0.607086377786223,-0.391141402939792,0.566343058727219,-10.0446295047884,7.75170637288327,1.51134390410805,-32.8106988284993
0.606371646169967,-0.37665739169904,0.550224663352043,-10.0465200985457,7.77079096841313,1.51246793101922,-32.9203683989068
0.605447291422986,-0.362227836983793,0.53330911121575,-10.0478703674454,7.79061069704183,1.51218869789927,-33.027736650517
0.604327074889305,-0.347856335216902,0.515547070839915,-10.0487201283399,7.81118707431027,1.51041483216264,-33.1327611967973
0.603025842049704,-0.333546258820397,0.496896612600866,-10.0491063203942,7.83254371275527,1.50704988131115,-33.2354238067991
0.601559185937245,-0.319301147614436,0.47732429588253,-10.0490633892095,7.85470521981427,1.50199309677798,-33.3357255152931
0.599943120342639,-0.305125059517125,0.456806437328778,-10.048623710235,7.87769603646243,1.4951410563711,-33.4336824833072
0.598193756710851,-0.291022885657177,0.435330548725201,-10.0478179881123,7.90153924478591,1.48639024688176,-33.5293227145752
0.59632697959373,-0.277000635639334,0.412896903590277,-10.0466755732569,7.92625537347782,1.47564067929503,-33.6226836619126
0.594358118138258,-0.263065696578977,0.389520158082973,-10.0452246415835,7.95186123428426,1.4628005228411,-33.7138107159952
0.59230161498131,-0.249227065271385,0.365230915306369,-10.0434921893555,7.97836882757853,1.44779161325104,-33.802756547115
0.590170698702763,-0.235495547252962,0.340077085244346,-10.0415038050113,8.00578435852978,1.43055551831345,-33.8895812576152
0.587977071153723,-0.221883910526648,0.314124860590506,-10.0392831958218,8.03410740353011,1.41105965142206,-33.9743532893061
0.585730625806168,-0.208406976584334,0.287459109443651,-10.0368514707752,8.06333025717448,1.3893027546231,-34.0571510089405
0.583439216808182,-0.195081628455962,0.26018298899626,-10.0342262115534,8.09343747276203,1.365318987994,-34.138064862319
0.581108499587481,-0.181926716178081,0.23241661945543,-10.0314203974246,8.12440558689363,1.33917992418736,-34.2171999457246
0.578741861679799,-0.168962845189195,0.20429473024339,-10.0284412813017,8.15620299751064,1.31099399016474,-34.2946788000413
0.576340456544226,-0.156212042732701,0.175963298782062,-10.0252893358157,8.18878995252704,1.28090330043065,-34.3706442002392
0.573903343918474,-0.14369731020242,0.147575332731853,-10.0219573941217,8.22211860917286,1.24907829812098,-34.4452617028423
0.571427729199284,-0.131442083183545,0.119286075963938,-10.0184300980766,8.25613314325532,1.21571102788186,-34.5187217324982
0.568909283555947,-0.119469632766593,0.0912480182881047,-10.0146837390506,8.29076991723611,1.18100808015661,-34.5912410320373
0.566342518249393,-0.107802448803487,0.0636061342197118,-10.0106865401887,8.32595774636614,1.14518420512679,-34.6630633560106
0.563721182570442,-0.0964616465085597,0.036493754324679,-10.0063993906217,8.36161832318637,1.10845732055626,-34.7344593407204
0.561038655460395,-0.0854664322091649,0.0100293881139765,-10.001777007294,8.39766686673324,1.07104522919738,-34.8057255245331
0.558288305592729,-0.0748336537450213,-0.0156853108238975,-9.99676947097241,8.43401305371797,1.03316394324036,-34.87718252068
0.555463802001926,-0.0645774486190311,-0.0405663915034026,-9.99132405916036,8.47056226890602,0.995027188965552,-34.9491723688981
0.55255936547161,-0.0547089912754223,-0.0645473522747452,-9.98538727831655,8.50721718625025,0.956846488964401,-35.0220551228021
0.549569958270769,-0.0452363319745506,-0.0875779793491612,-9.9789069795171,8.54387966509736,0.918831197107674,-35.0962047737913
0.546491415384756,-0.0361643147840082,-0.109622531451886,-9.9718344253726,8.58045291896903,0.881187964092514,-35.1720046693748
0.543320523635216,-0.0274945613012615,-0.130657545890513,-9.96412616339075,8.61684388859901,0.844119295169102,-35.2498426465671
0.540055056018052,-0.0192255091418843,-0.15066952676222,-9.95574555587262,8.65296572670075,0.807821081440179,-35.3301061572954
0.536693767553605,-0.0113524987718539,-0.169652735663913,-9.94666382437252,8.68874028118753,0.772479202200143,-35.413177698987
0.533236356491786,-0.00386790756803961,-0.187607249657663,-9.936860493744,8.72410044969085,0.738265476056424,-35.4994308673468
0.529683391526792,0.00323866524709272,-0.204537389990022,-9.92632317086314,8.75899227550898,0.705333359510139,-35.5892273098134
0.52603620247739,0.00998015598021711,-0.220450566130157,-9.91504666496219,8.7933766671511,0.67381383913573,-35.6829147694893
0.522296729340483,0.0163717283344605,-0.235356529403163,-9.9030315409783,8.82723065136735,0.643811933693174,-35.7808262641493
0.51846732314248,0.0224303929875937,-0.249266993799688,-9.89028227821697,8.86054810979944,0.615404122376975,-35.8832802382386
0.514550491602769,0.028174550206338,-0.262195562064494,-9.87680526618357,8.89333999457585,0.588636862101811,-35.9905812539507
0.510548582886676,0.0336234524029657,-0.274157894844034,-9.86260689671903,8.92563405764637,0.56352617554174,-36.1030204473034
0.506463401136546,0.0387965829690424,-0.285172079205426,-9.84769200892888,8.95747415111902,0.540058111899821,-36.2208745610671
0.502295747924144,0.0437129442233582,-0.295259187342379,-9.83206292628068,8.98891915207329,0.518189731674757,-36.3444018699617
0.498044885257614,0.0483902419017319,-0.304444061229753,-9.81571931466618,9.02004153004142,0.497850165906405,-36.4738327353219
0.493707921074638,0.0528439500495156,-0.312756405682502,-9.79865910060213,9.0509255090738,0.478941263344137,-36.6093519181428
0.48927913235891,0.0570862460424513,-0.320232306442198,-9.78088071410523,9.08166468884682,0.461337379285955,-36.7510693379366
0.484749271534348,0.0611248332789309,-0.326916286337167,-9.76238691946486,9.11235890821144,0.4448840037079,-36.8989761907059
0.480104956212339,0.064961735576141,-0.332863928573076,-9.74319037627056,9.14311011966095,0.429395223094735,-37.0528852135116
0.47532832113285,0.0685922656857087,-0.338144873829818,-9.7233206888043,9.17401719716777,0.414650520095691,-37.212358831236
0.470397191934977,0.0720045276754809,-0.342845597818072,-9.70283192452786,9.20517004208655,0.40039213814752,-37.376638003091
0.465286059992122,0.0751799326170361,-0.347070869956789,-9.68180849357274,9.23664409760428,0.386324967790519,-37.5445962600199
0.459968000340111,0.0780951329506837,-0.35094248274901,-9.66036645949175,9.26849712513392,0.372121105957802,-37.7147506587335
0.454417332494499,0.0807253668849998,-0.35459421580162,-9.63864785911981,9.30077012469494,0.357430221129897,-37.8853526390144
0.44861240445245,0.0830485329981815,-0.358163308179293,-9.61680811570134,9.33349296774801,0.341894567208416,-38.0545515097879
0.44253768919288,0.0850488150158242,-0.361780385749648,-9.59500008538699,9.36669306955056,0.325165176093207,-38.2205857196
0.436184636753764,0.0867188037241738,-0.365560605892258,-9.57336012555229,9.40040385899829,0.306915264006571,-38.3819409822563
0.429551270193657,0.0880597747326677,-0.369598063740184,-9.55200026416865,9.43467017866344,0.286848718034179,-38.53743392178
0.422640957276425,0.089080533687854,-0.373963892856595,-9.53100732260515,9.46954958579317,0.264704208686991,-38.6862179029624
0.415460898572828,0.0897955690395952,-0.378707187558951,-9.51044719742222,9.50511028106914,0.240257166266744,-38.8277358521281
0.408020721268474,0.0902231426950197,-0.383857457809347,-9.49037167193115,9.54142711866322,0.213321997785409,-38.9616514650062
0.400331352157631,0.0903836602649448,-0.389427586606182,-9.47082565249021,9.57857698315847,0.183756079787658,-39.0877821514474
0.392404188213874,0.0902984139070541,-0.395416730688688,-9.45185363889267,9.61663432138238,0.151465978126828,-39.2060456096916
0.384250511620632,0.0899886543067105,-0.401812990017068,-9.43350493872589,9.65566718836292,0.116415403499566,-39.316423317879
0.375881081931044,0.0894749044582498,-0.408595885847833,-9.41583747683152,9.6957339260384,0.0786337019115152,-39.4189395588609
0.36730585052818,0.0887764351370648,-0.415738756913439,-9.39892012194062,9.7368805069585,0.0382232112390974,-39.5136526871794
0.358533762243611,0.0879108488333121,-0.42321115889929,-9.38283340055851,9.7791385716864,-0.00463636374533991,-39.6006548502783
0.34957262654963,0.0868937480591925,-0.430981278028162,-9.36766842865199,9.82252420882023,-0.0496882089163614,-39.6800764547459
0.340429052682118,0.0857384870588484,-0.439018280193566,-9.35352396348532,9.86703753231828,-0.096604318293274,-39.7520920033139
0.331108448635327,0.084456019328058,-0.447294443103862,-9.34050169973794,9.91266308223853,-0.144997118000871,-39.8169244977937
0.32161508387574,0.0830548558825052,-0.455786885245825,-9.32870026256691,9.95937100915036,-0.194435733164987,-39.8748464522596
0.311952211533013,0.0815411421783537,-0.464478725188226,-9.31820866815212,10.0071189133988,-0.244464922951718,-39.9261766370625
0.30212224008348,0.0799188486075284,-0.473359572670618,-9.30910019142042,10.0558541252297,-0.294624284594198,-39.9712727803893
0.292126939521977,0.0781900555659465,-0.482425346687654,-9.30142751779149,10.1055161598659,-0.344465498726883,-40.0105213253464
0.281967664405345,0.0763553038139724,-0.491677505749366,-9.29521977871765,10.156039080845,-0.393566039635211,-40.0443257813151
0.271645576512326,0.0744139767604378,-0.501121838011118,-9.29048168315465,10.2073535537216,-0.441538639391279,-40.0730951863456
0.261161852725038,0.0723646833957278,-0.510766984664581,-9.28719458761881,10.2593884523165,-0.488036596095572,-40.0972338369141
0.250517868037661,0.0702056170162131,-0.520622863470552,-9.28531908937731,10.3120719665238,-0.532755572969121,-40.1171329385952
0.239715348215514,0.0679348731516672,-0.53069913275757,-9.28479861214139,10.3653322342379,-0.575432797351308,-40.1331643597955
0.228756490717273,0.065550718156586,-0.541003802146739,-9.28556346136004,10.419097570039,-0.615844586333352,-40.1456763299992
0.217644055595077,0.0630518065134829,-0.551542063321858,-9.28753491210715,10.473296389046,-0.65380299109465,-40.1549907373699
0.206381430070949,0.0604373495603205,-0.562315386228206,-9.29062901133229,10.5278569305804,-0.689152154042808,-40.1614016223279
0.19497267143604,0.0577072411495677,-0.573320903570122,-9.29475989492562,10.5827068795591,-0.721764774569497,-40.1651744897426
0.183422533024368,0.0548621469796759,-0.584551088169889,-9.29984252044631,10.6377729696738,-0.751538914219683,-40.1665461310163
0.171736477506105,0.0519035643933577,-0.595993712232767,-9.30579479200435,10.692980635575,-0.778395251257562,-40.1657247284738
0.1599206808578,0.0488338586847014,-0.607632063986417,-9.31253910531266,10.7482537639456,-0.802274815377288,-40.162890090535
0.147982029307741,0.0456562807325964,-0.619445385432838,-9.32000337229345,10.80351457679,-0.823137186987458,-40.1581939291412
0.135928110498472,0.0423749693647725,-0.631409485556238,-9.32812160066099,10.8586836650608,-0.840959122193615,-40.1517601389504
0.123767199186365,0.0389949404816047,-0.643497477011989,-9.33683410908294,10.9136801770856,-0.855733555619542,-40.1436850721053
0.111508237092647,0.0355220637953044,-0.655680581732518,-9.34608745649614,10.9684221542902,-0.867468931944543,-40.1340378253811
0.0991608060651733,0.0319630271628405,-0.667928952329647,-9.35583415772102,11.0228269965218,-0.876188818962308,-40.1228605708504
0.0867350934985164,0.0283252879403535,-0.68021246147723,-9.36603224874373,11.0768120310302,-0.881931757258164,-40.1101689692612
0.0742418489562175,0.0246170105406088,-0.692501419981161,-9.37664475540893,11.1302951530229,-0.884751302619359,-40.0959527090493
0.0616923310967806,0.0208469893802822,-0.704767194991639,-9.3876391098341,11.1831955018512,-0.884716216171946,-40.0801762148736
0.0490982442825383,0.0170245566007899,-0.71698271161488,-9.39898655032102,11.235434135441,-0.881910753560219,-40.0627795688644
0.0364716646237384,0.0131594742914968,-0.729122832875844,-9.41066153331537,11.2869346666205,-0.876434998129284,-40.043679686076
0.0238249556776014,0.00926181142436443,-0.741164623561259,-9.42264118022545,11.3376238284989,-0.868405174186259,-40.0227717830189
0.0111706746026739,0.00534180634641596,-0.753087512161139,-9.43490477760601,11.387431941869,-0.857953865542026,-39.9999311740916
-0.00147852970959794,0.00140971651814448,-0.764873371411851,-9.4474333461045,11.4362932655096,-0.845230052789585,-39.9750154240425
-0.014110024122244,-0.00252434171556466,-0.776506541539565,-9.46020929124446,11.4841462198404,-0.830398872070711,-39.9478668735458
-0.0267113009248619,-0.00645055915453564,-0.787973821111012,-9.47321614705101,11.5309334851227,-0.81364099125628,-39.9183155375949
-0.0392700851420741,-0.0103595997782697,-0.799264448475412,-9.48643842110986,11.5766019865868,-0.795151500196425,-39.8861823510526
-0.0517744338651105,-0.0142427592519694,-0.810370092340319,-9.4998615463283,11.6211027896195,-0.775138224084009,-39.8512827018289
-0.064212821178653,-0.0180921067586543,-0.821284863473416,-9.51347194002813,11.6643909373673,-0.753819396664678,-39.8134301512843
-0.0765742019350074,-0.021900599876152,-0.832005351522726,-9.52725716495479,11.7064252695788,-0.731420674934803,-39.7724401978622
-0.0888480480365882,-0.0256621619417385,-0.842530682442845,-9.54120617966827,11.7471682639836,-0.708171537845709,-39.7281339009334
-0.101024352172888,-0.0293717122597778,-0.852862584187631,-9.5553096584162,11.786585938987,-0.684301182840796,-39.6803411569513
-0.113093596099113,-0.0330251417533749,-0.863005442439408,-9.56956035419194,11.8246478485525,-0.660034105814446,-39.6289034192719
-0.125046683299766,-0.0366192300896589,-0.87296632525379,-9.58395347460233,11.8613271873354,-0.635585609202332,-39.573675684188
-0.136874838801014,-0.0401515044335685,-0.882754956153247,-9.59848703950943,11.8966010080467,-0.611157516046955,-39.5145276316466
-0.148569481409796,-0.0436200440521267,-0.892383619185247,-9.61316219261095,11.9304505362721,-0.586934365182382,-39.4513439059473
-0.160122075230064,-0.0470232381574656,-0.901866985743357,-9.62798344571102,11.9628615537435,-0.563080321151646,-39.3840236393318
-0.17152396760873,-0.0503595059533585,-0.911221859898617,-9.6429588430259,11.9938248123794,-0.539736957502634,-39.3124794459753
-0.182766219703777,-0.053626987525912,-0.920466844779293,-9.65810004147264,12.0233364403837,-0.517021976420195,-39.2366362319846
-0.193839434027291,-0.0568232121875283,-0.929621935639107,-9.67342230938076,12.0513983089434,-0.49502882787867,-39.1564302691076
-0.204733581304233,-0.0599447478444476,-0.938708044824109,-9.68894444869205,12.0780183426226,-0.47382710377421,-39.0718090621627
-0.215437827728777,-0.0629868320289505,-0.947746459940836,-9.70468864343908,12.1032107760536,-0.453463518700469,-38.9827326029498
-0.225940364227677,-0.0659429838395238,-0.956758230144775,-9.72068022997949,12.1269963807841,-0.433963254982533,-38.8891766456318
-0.236228242705854,-0.0688045978153337,-0.965763468558898,-9.73694737295262,12.149402705422,-0.415331445519534,-38.7911386495181
-0.246287231413688,-0.0715605275555319,-0.974780554380863,-9.75352061722075,12.1704643853456,-0.397554590781786,-38.6886469833358
-0.25610171315519,-0.0741966804967536,-0.983825220442661,-9.77043227377609,12.190223580126,-0.380601752332991,-38.5817738074582
-0.265654665731788,-0.0766956669212149,-0.992909526293892,-9.7877155926606,12.2087305809314,-0.364425432583502,-38.4706516481
-0.274927781416264,-0.0790365752696671,-1.00204074919457,-9.80540368703076,12.2260445887541,-0.348962139174552,-38.3554929307243
-0.283901795403608,-0.0811949771101338,-1.01122027937427,-9.82352820999124,12.2422345907202,-0.334132741437698,-38.2366105669785
-0.292557091432636,-0.0831432864260342,-1.02044267731805,-9.84211785727248,12.2573801570991,-0.31984284665902,-38.1144361671084
-0.300874622312864,-0.0848515890742342,-1.02969512004061,-9.8611968695633,12.2715718653618,-0.305983528920422,-37.9895309771445
-0.308837114007911,-0.0862889971337809,-1.03895749149122,-9.88078380992626,12.2849109766387,-0.292432785002633,-37.862584025941
-0.316430420892564,-0.0874254611558444,-1.04820331206328,-9.90089093933975,12.2975080122772,-0.279058014002291,-37.7343932117831
-0.323644800705492,-0.0882338170920366,-1.05740152979176,-9.9215244471278,12.3094800575805,-0.265719594229831,-37.6058286786594
-0.330475834769364,-0.0886917194420835,-1.06651894939292,-9.9426855948968,12.3209469392854,-0.252275313103045,-37.4777830341794
-0.336924774316996,-0.0887830926756899,-1.07552286001993,-9.96437256571173,12.3320267665771,-0.238585124870995,-37.3511175191247
-0.342998238903006,-0.0884988481707098,-1.08438335334865,-9.98658259962017,12.3428315270726,-0.224515610994837,-37.2266147078823
-0.348707364048816,-0.0878368154590159,-1.0930749400523,-10.0093139469122,12.3534633867706,-0.209943652255486,-37.1049458486267
-0.354066614695622,-0.086801028805909,-1.10157730737607,-10.0325672904177,12.3640120922481,-0.19475911167429,-36.9866559765796
-0.359092508924081,-0.0854006165208797,-1.1098752931121,-10.0563464941588,12.374553553751,-0.178866624819849,-36.8721650146843
-0.363802446911943,-0.0836485451483463,-1.11795829306008,-10.0806587232282,12.3851494380405,-0.162186782663747,-36.76178010135
-0.368213756943785,-0.0815604083276822,-1.12581935224588,-10.1055140884928,12.3958474825592,-0.144657039663701,-36.655713728408
-0.372342993264288,-0.0791533682319656,-1.13345414889963,-10.1309249966925,12.4066822425687,-0.12623262056744,-36.5541032044497
-0.376205469177332,-0.0764452890088331,-1.14086001092266,-10.1569053610523,12.4176760492541,-0.106887588712491,-36.4570284930489
-0.379814984324924,-0.0734540585079098,-1.14803504025543,-10.1834697823142,12.4288400410093,-0.0866161199859442,-36.3645269168068
-0.383183699917343,-0.0701970745817593,-1.15497737529584,-10.2106327666631,12.4401752028174,-0.0654339236578305,-36.2766042711433
-0.386322120928398,-0.0666908677655056,-1.16168459623791,-10.2384080145446,12.4516733984365,-0.0433796729322127,-36.1932425349273
-0.3892391532387,-0.0629508356272205,-1.168153267894,-10.2668077939632,12.4633184066052,-0.0205162566589413,-36.1144046950166
-0.391942212522487,-0.0589910701344214,-1.17437861304753,-10.2958424010541,12.475086980082,0.00306835971749053,-36.0400373320489
-0.394437368590198,-0.0548242648638165,-1.18035431145283,-10.3255197062331,12.4869499407271,0.0272608699576702,-35.9700716328156
-0.396729513497847,-0.0504616923723964,-1.18607242162054,-10.3558447832059,12.4988733105503,0.0519231298586966,-35.9044234539678
-0.3988225442934,-0.0459132432654615,-1.19152342241221,-10.386819618441,12.5108194626878,0.0768935342966955,-35.8429929898635
-0.400719552379876,-0.0411875178493747,-1.19669636847457,-10.418442899037,12.5227482619127,0.101989291952093,-35.7856645055534
-0.402423011817792,-0.0362919595328734,-1.20157914805194,-10.4507098765368,12.5346181548426,0.12700952836748,-35.7323064892691
-0.403934959091479,-0.0312330172545777,-1.20615882491988,-10.4836123029808,12.5463871674732,0.151739060637523,-35.6827724622006
-0.405257157394145,-0.0260163229894236,-1.2104220397051,-10.5171384335794,12.5580137724563,0.175952619752571,-35.6369025644166
-0.40639123959267,-0.0206468703804987,-1.21435544127711,-10.5512730883499,12.5694575994667,0.199419260441585,-35.5945259246718
-0.407338825725336,-0.0151291819456274,-1.21794611733716,-10.585997763471,12.5806799766856,0.221906697972507,-35.555463729237
-0.40810161298107,-0.00946745494820057,-1.22118199518737,-10.6212907824782,12.591644306918,0.24318534421762,-35.5195328391612
-0.408681438309491,-0.00366567945403573,-1.224052188573,-10.6571274779711,12.6023162953973,0.263031872762537,-35.4865497703891
-0.409080315809693,0.00227227423838538,-1.22654727351448,-10.6934803961834,12.6126640559351,0.281232213021578,-35.4563348455959
-0.409300452603969,0.00834259823067522,-1.22865948397686,-10.7303195192307,12.6226581268498,0.297583944183456,-35.4287163447199
-0.409344247899177,0.0145415164423979,-1.23038282590847,-10.7676125026117,12.6322714282066,0.311898121770708,-35.4035345147756
-0.409214280371438,0.0208652756612711,-1.23171311474712,-10.8053249280629,12.6414791882466,0.324000616883522,-35.3806453400264
-0.408913288969282,0.0273101520344647,-1.23264794645298,-10.8434205737069,12.6502588608224,0.333733078932234,-35.3599240137469
-0.408444151853374,0.0338724664790287,-1.23318661535994,-10.8818617042872,12.6585900485907,0.34095364801642,-35.3412680875945
-0.407809867619838,0.0405486026778652,-1.23332999378956,-10.920609383998,12.6664544398867,0.345537546089573,-35.3246003013569
-0.407013542306939,0.0473350218429302,-1.23308038874637,-10.9596238129872,12.6738357615667,0.347377670321297,-35.3098711137426
-0.406058385033508,0.0542282691187853,-1.23244139045355,-10.9988646861345,12.6807197462913,0.346385301019643,-35.2970609642621
-0.404947714487264,0.0612249672745621,-1.23141772629928,-11.0382915693366,12.687094111071,0.342491022672311,-35.2861822978413
-0.403684977851087,0.0683217941652492,-1.23001513216805,-11.0778642844635,12.6929485445187,0.335645941553761,-35.2772813781035
-0.402273783065027,0.0755154413726059,-1.2282402512324,-11.1175432896009,12.6982747030526,0.325823267129326,-35.2704399021129
-0.400717944483229,0.0828025525540547,-1.22610056807253,-11.1572900364069,12.7030662209858,0.31302030609317,-35.2657764078641
-0.399021540891784,0.0901796414697067,-1.22360438334947,-11.1970672816854,12.7073187455697,0.297260894908301,-35.2634474343289
-0.397188983401509,0.0976429915781415,-1.2207608309671,-11.2368393260083,12.7110300149219,0.278598265492755,-35.2636483507007
-0.395225088839877,0.105188541637815,-1.21757993544031,-11.276572148975,12.7142000033633,0.257118294385952,-35.2666137156955
-0.393135151929984,0.112811765005477,-1.21407270176822,-11.3162334092963,12.7168311636056,0.232943022913004,-35.2726169609386
-0.390925006884292,0.120507554221406,-1.21025122334807,-11.3557922794863,12.7189287965864,0.206234249758724,-35.2819691209208
-0.388601066388094,0.128270126690233,-1.20612878552087,-11.3952190910568,12.7205015751795,0.177196886101506,-35.2950162695357
-0.386170323920622,0.13609297109231,-1.20171993394939,-11.4344847784691,12.7215622349267,0.146081631718416,-35.3121352932882
-0.383640304888964,0.143968856410986,-1.19704046974836,-11.4735601302884,12.7221284211667,0.113186394078882,-35.333727666843
-0.381018954270004,0.151889924545279,-1.19210732961771,-11.5124148846482,12.7222236468937,0.078855762681183,-35.3602110346394
-0.378314454401059,0.159847881742318,-1.1869383123435,-11.5510167418137,12.721878272015,0.0434778155586742,-35.3920086704466
-0.375534976606629,0.167834292513553,-1.18155162587721,-11.5893304046896,12.7211303698101,0.00747763187037361,-35.4295372818556
-0.372688383562677,0.175840962851538,-1.17596525293633,-11.6273167901591,12.7200263127463,-0.0286928360229413,-35.473194092259
-0.369781913055462,0.183860380298201,-1.17019616530777,-11.6649325692943,12.7186209024349,-0.0645684015344827,-35.5233445495781
-0.366821884138474,0.191886161729722,-1.16425945102724,-11.7021301827344,12.7169768995226,-0.0996870434986167,-35.5803122186303
-0.36381346972159,0.199913451220315,-1.15816744452965,-11.738858434641,12.7151638806522,-0.133607680182365,-35.6443722700638
-0.360760573418381,0.207939213672978,-1.15192895854215,-11.7750637001944,12.713256448374,-0.165927464356246,-35.7157494329471
-0.357665834500481,0.215962384500694,-1.14554870403252,-11.8106917032294,12.7113319199164,-0.196296622269589,-35.7946204167759
-0.354530767683046,0.223983856426009,-1.13902695506182,-11.8456897532843,12.7094676919314,-0.224429164098733,-35.8811198292634
-0.351356029940858,0.232006303971687,-1.13235947984752,-11.8800092933259,12.707738498662,-0.250108473302058,-35.9753477352967
-0.348141798817914,0.240033858001693,-1.12553773076163,-11.9136086094978,12.706213744773,-0.27318765884419,-36.0773763524155
-0.344888246540625,0.24807164404753,-1.11854927422863,-11.9464555890486,12.7049550124004,-0.293585398123839,-36.187252961294
-0.341596098783832,0.256125191056587,-1.11137845004874,-11.9785304685314,12.7040137369135,-0.311278621621302,-36.3049958413103
-0.338267270283104,0.264199707713497,-1.10400727508079,-12.0098285708036,12.7034289445431,-0.326293704448085,-36.4305798714455
-0.334905563441974,0.272299221384562,-1.09641663808422,-12.0403630601103,12.703224878535,-0.338697844627348,-36.5639085217372
-0.331517390688307,0.280425593650532,-1.08858785179335,-12.0701677164305,12.7034083492903,-0.348592077215311,-36.7047698543746
-0.328112427114741,0.288577482809803,-1.08050460377549,-12.099299603375,12.7039657833397,-0.356106924404892,-36.8527769322356
-0.324704016103919,0.296749429155319,-1.07215523712454,-12.127841245687,12.7048602740023,-0.361400969694937,-37.0072990566524
-0.321309062984037,0.304931377436051,-1.06353506454181,-12.1559015642694,12.7060294537595,-0.364661596663588,-37.1673999811429
-0.31794713232403,0.313109045856819,-1.05464811502281,-12.1836144946047,12.7073855368037,-0.366105847443144,-37.3318097317066
-0.314638616940643,0.321265459772446,-1.04550751448405,-12.211134268396,12.7088189759221,-0.365978387829788,-37.4989594981816
-0.311402210725613,0.329383582291571,-1.03613389825951,-12.2386270999362,12.710206333686,-0.364543906932178,-37.6670939232722
-0.308252335878168,0.337449411433762,-1.02655196569706,-12.2662603881474,12.7114212293654,-0.362073519453831,-37.8344419712648
-0.305197326461774,0.345454563832309,-1.01678616296164,-12.2941917400614,12.7123456141124,-0.358827894037048,-37.9993959013642
-0.302238871395789,0.353397558089007,-1.00685686855449,-12.3225602239156,12.7128784360891,-0.355041635442705,-38.1606432919914
-0.299372670923946,0.361283623979794,-0.996778067458274,-12.3514811766911,12.7129401541908,-0.350912558310642,-38.31722350053
-0.296589851258477,0.369123433957344,-0.986556711150789,-12.3810444636989,12.7124733949268,-0.346596896787976,-38.4685150513857
-0.293878605012529,0.376931361579613,-0.976193351366115,-12.4113151917907,12.7114411322397,-0.342209225088224,-38.6141809089769
-0.291225684176084,0.384723756395658,-0.965683446804072,-12.4423357273814,12.7098238525355,-0.337824990242018,-38.7540996652881
-0.288617580725289,0.392517496081474,-0.955018854275292,-12.4741281663721,12.7076166945598,-0.333483838768568,-38.8883013056437
-0.286041376952074,0.400328889176563,-0.944189218541764,-12.5066967894253,12.7048270152427,-0.329192647627516,-39.0169159228653
-0.283485316214654,0.408172899909241,-0.93318314146408,-12.5400303273326,12.7014724592159,-0.32492785044168,-39.1401368023447
-0.280939160543548,0.416062631789464,-0.921989108705026,-12.5741040231275,12.6975794242092,-0.320637110986222,-39.258195910136
-0.278394392812574,0.424009007508026,-0.910596195106858,-12.6088815415425,12.6931817606795,-0.316240648576395,-39.3713487559568
-0.275844306014875,0.432020596300253,-0.898994581036546,-12.6443167833472,12.6883195623322,-0.311632625858761,-39.4798656981729
-0.273284008845421,0.4401035543395,-0.887175909107512,-12.6803556428113,12.6830379539633,-0.306683021413037,-39.5840272836943
-0.270710367741922,0.448261654366941,-0.875133503950452,-12.7169377198972,12.677385840347,-0.301240360710678,-39.6841218254729
-0.268121900491684,0.456496386986323,-0.862862471913236,-12.7539979751741,12.6714146310022,-0.295135589879004,-39.7804439847125
-0.265518634161242,0.464807118913799,-0.850359694302332,-12.7914682997327,12.6651769926919,-0.288187263468674,-39.8732936115665
-0.262901938941217,0.473191294585172,-0.837623726928309,-12.8292789658977,12.6587257005666,-0.280208095404618,-39.962974504139
-0.260274348227053,0.481644668436338,-0.824654619429738,-12.8673599262066,12.6521126596269,-0.271012804901942,-40.0497930682367
-0.257639373027111,0.490161557008425,-0.811453669117464,-12.9056419354091,12.6453881535316,-0.260427083432673,-40.1340570890678
-0.255001315328431,0.498735103249336,-0.798023125152809,-12.944057480024,12.6386003527791,-0.248297411736128,-40.2160749459977
-0.252365080694104,0.507357549696372,-0.784365859478406,-12.9825415095543,12.6317950847885,-0.234501354047322,-40.296155600682
-0.24973598599128,0.516020521647541,-0.770485021297596,-13.0210319710374,12.6250158395659,-0.218957832400019,-40.3746095667548
-0.247119554987616,0.524715324518338,-0.756383692616149,-13.0594701537316,12.6183039601561,-0.20163672586883,-40.4517508430939
-0.244521293906055,0.533433259815756,-0.742064563958153,-13.0978008539167,12.6116989491899,-0.182566956209362,-40.5278995022716
-0.241946441891708,0.542165960433883,-0.727529651927532,-13.1359723719579,12.6052388130512,-0.161842049550631,-40.6033843337007
-0.239399698019691,0.550905738095973,-0.712780083085702,-13.1739363556597,12.5989603650533,-0.13962206980889,-40.6785447269101
-0.236884936221243,0.55964592485322,-0.697815970037778,-13.2116475055968,12.59289942029,-0.116130887149045,-40.7537309269013
-0.234404930398025,0.56838117913084,-0.682636403464766,-13.2490631591484,12.5870908387063,-0.0916480521811508,-40.8293019630489
-0.231961121073473,0.577107718509573,-0.667239576062221,-13.2861427701071,12.5815684083488,-0.0664951339458697,-40.9056209597454
-0.229553458797307,0.585823440124797,-0.651623040077626,-13.3228473006894,12.576364602605,-0.0410172144583782,-40.9830481230486
-0.227180355377937,0.594527898081116,-0.635784080646994,-13.3591385446086,12.5715102837468,-0.015561180934077,-41.0619323264078
-0.224838760998963,0.603222125864811,-0.619720166200484,-13.3949784063364,12.567034447642,0.00954671694365274,-41.1426026999574
-0.222524365534012,0.611908316973811,-0.603429420437306,-13.430328174205,12.5629641005362,0.0340211588136699,-41.2253617801973
-0.220231901119594,0.620589402075428,-0.586911053257605,-13.4651478414424,12.5593243260138,0.0576332199685798,-41.310481509798
-0.217955506915847,0.629268577988892,-0.570165693504762,-13.4993955432154,12.5561385482041,0.0802192064614342,-41.3982027527403
-0.215689111165683,0.637948847059609,-0.553195583108589,-13.5330271811117,12.5534289447453,0.101682351276776,-41.4887382133817
-0.213426791373912,0.646632614558644,-0.536004615074903,-13.5659962939376,12.5512169290826,0.121988185764827,-41.5822779782529
-0.211163087490657,0.655321371364195,-0.518598220111707,-13.5982542064497,12.5495236162846,0.14115535099848,-41.6789965266844
-0.208893259763778,0.664015466695495,-0.50098312332661,-13.6297504531278,12.5483702066359,0.159243984397103,-41.7790600246013
-0.206613497222933,0.672713957393175,-0.483167001347702,-13.6604334421493,12.5477782543896,0.17634364239326,-41.8826329317807
-0.204321091777515,0.681414509219665,-0.46515807243246,-13.6902513030387,12.5477698209689,0.192562201615005,-41.9898832597176
-0.202014596493532,0.690113321592685,-0.446964650361117,-13.719152853295,12.5483675324345,0.208016557660466,-42.1009860740401
-0.199693986212814,0.698805047846947,-0.428594690109901,-13.7470886240134,12.5495945660427,0.222825389461205,-42.2161249594933
-0.197360836049166,0.707482686081498,-0.410055351722185,-13.774011899542,12.5514745807371,0.237103861960269,-42.3354911331268
-0.195018529572525,0.716137419338414,-0.391352609732658,-13.7998797488841,12.5540315842091,0.250959907423597,-42.4592797172464
-0.192672503752141,0.724758388157442,-0.372490939322995,-13.8246540548763,12.5572896980096,0.264491622490512,-42.587682403473
-0.190330530887047,0.733332384968829,-0.353473116531594,-13.848302579512,12.5612727454992,0.277785301034818,-42.7208754089074
-0.18800302660087,0.741843471539723,-0.334300176397173,-13.8708001373433,12.5660035501259,0.29091365927701,-42.8590013448838
-0.185703354474964,0.750272542619279,-0.314971575697889,-13.8921299771291,12.5715028033598,0.303933886502309,-43.0021435787151
-0.183448069165738,0.758596896581613,-0.295485598206511,-13.9122854805312,12.5777873620653,0.316885282571156,-43.150292206861
-0.181257000871463,0.766789930304117,-0.275840008348032,-13.9312722498885,12.5848678977348,0.329786452242717,-43.3033023727818
-0.1791530428446,0.774821143995345,-0.256032891264934,-13.9491105384898,12.5927459889908,0.342632347836862,-43.4608488614761
-0.177161483164394,0.78265669446846,-0.236063511596996,-13.9658377458803,12.6014110534623,0.355391873935807,-43.6223856957691
-0.175308761212961,0.790260716935433,-0.215932908959298,-13.9815103766888,12.6108379113019,0.368007164323006,-43.7871244682194
-0.173620665475439,0.797597480859173,-0.195643901016445,-13.9962045724843,12.6209860740558,0.38039573140171,-43.9540469492197
-0.17212021313628,0.804634142252119,-0.175200281825692,-14.0100143167873,12.6318017503126,0.392456150756854,-44.1219618278879
-0.170825666166339,0.811343516768283,-0.15460530992182,-14.0230468996118,12.6432228402224,0.404076744383173,-44.2896011231088
-0.169749190308719,0.817706146714539,-0.133859942196102,-14.0354161318109,12.6551860598659,0.415145403953435,-44.4557348581459
-0.168896472377415,0.823711128232456,-0.112961442679403,-14.0472346517473,12.6676344440714,0.42555811969895,-44.6192739138563
-0.168267272865052,0.829355616798227,-0.0919028426132622,-14.0586069318378,12.6805234148295,0.435224389862089,-44.7793369592102
-0.167856608326866,0.834643361327734,-0.070673361616367,-14.0696241475731,12.6938243507561,0.444069036858406,-44.9352734404602
-0.167656166017609,0.839582805213345,-0.0492595658842792,-14.0803612823335,12.7075255815707,0.452031169106587,-45.0866500029946
-0.167655633389827,0.844185223605263,-0.0276468959989407,-14.0908761806502,12.7216314043727,0.459061558460479,-45.2332151433643
-0.167843773020503,0.848463172965393,-0.00582123314936278,-14.1012099562866,12.7361599100684,0.465119596389833,-45.3748563411511
-0.168209200942914,0.852429343748563,0.0162297093376292,-14.1113881618118,12.7511402700732,0.470170584339549,-45.5115593842272
-0.168740900273804,0.85609578991932,0.0385152667699606,-14.1214222781623,12.766609885557,0.474183694023274,-45.6433747470023
-0.169428529062585,0.859473459410497,0.0610409968263467,-14.1313112591831,12.7826115852682,0.477130626901974,-45.7703924203132
-0.170262580581269,0.862571943604202,0.0838081287685552,-14.1410430062716,12.7991909215031,0.478984815978532,-45.892724708893
-0.171234442046001,0.865399378273431,0.106813258056258,-14.1505957390597,12.816393551876,0.479720912961411,-46.0104957623456
-0.172336383556888,0.867962448378847,0.130048255918629,-14.1599392782015,12.8342626843891,0.479314261361739,-46.1238364820738
-0.173561497182152,0.870266467340219,0.15350036625741,-14.1690362791922,12.8528365822242,0.477740065335064,-46.2328835857939
-0.174903598012962,0.872315515004326,0.177152463550115,-14.1778434626928,12.8721461551854,0.474972039818912,-46.3377818032089
-0.176357094805487,0.874112626678533,0.200983443584147,-14.1863128838387,12.8922126947297,0.470980491372661,-46.4386883204145
-0.177916837088689,0.875660028315151,0.224968714370954,-14.1943932734006,12.9130458316545,0.465730036558179,-46.5357786544194
-0.179577947526373,0.876959410824589,0.249080749372858,-14.2020314677913,12.934641806686,0.459177478544916,-46.6292531357925
-0.181335651549372,0.87801223098642,0.273289661942883,-14.2091739225296,12.956982144821,0.451270638622868,-46.7193431533592
-0.183185119007302,0.878820019948452,0.297563761298522,-14.2157682763742,12.9800328164192,0.441949044884818,-46.8063163359118
-0.185121332968909,0.879384675938895,0.321870057917161,-14.2217649059019,13.0037439533078,0.431147205263853,-46.8904799709491
-0.187138997718148,0.879708718196972,0.346174699332363,-14.2271183907104,13.0280501666956,0.418800725185227,-46.9721822069375
-0.189232491790729,0.87979548507657,0.370443333117591,-14.2317888049478,13.0528714854988,0.404854895276605,-47.0518109083278
-0.191395864353338,0.879649269164633,0.394641408457466,-14.2357427636599,13.0781149010334,0.389274783807787,-47.1297903384461
-0.193622866679244,0.879275392730183,0.418734437818263,-14.2389541774268,13.1036764721153,0.372055511920465,-47.2065760425037
-0.195907006609571,0.878680234526402,0.442688244379693,-14.241404696126,13.1294439190034,0.353231340733044,-47.2826483526091
-0.198241613064199,0.877871222093294,0.466469219553479,-14.2430838433698,13.1552996175294,0.332882401106831,-47.3585048719174
-0.200619899086471,0.876856802432105,0.490044609627996,-14.2439888535326,13.1811238931232,0.311138226249467,-47.4346521964095
-0.203035014368581,0.875646399799284,0.513382842920229,-14.2441242259762,13.2067985018085,0.288177598962954,-47.5115970821826
-0.205480080790033,0.874250364333231,0.536453899910226,-14.2435010125731,13.2322101659503,0.264224557086655,-47.5898373083191
-0.207948206855531,0.872679910839149,0.559229719466526,-14.2421358612406,13.2572540060281,0.239540725414489,-47.6698526126792
-0.210432479115074,0.870947044229238,0.581684625316979,-14.2400498527663,13.28183668244,0.214414485956406,-47.7520962375935
-0.212925930867975,0.869064467140137,0.60379574958207,-14.2372671886526,13.3058790454462,0.18914785615318,-47.8369877389923
-0.215421490697197,0.867045465956256,0.625543425846536,-14.2338138077828,13.3293181000402,0.164042261874069,-47.924907716804
-0.217911915387856,0.864903773350786,0.646911523919172,-14.2297160216507,13.3521081339389,0.139384579405444,-48.0161949801802
-0.220389713143569,0.862653407809557,0.667887702211827,-14.2249992559019,13.3742209291234,0.115434796647321,-48.1111463796032
-0.222847063414391,0.860308492650166,0.688463560474338,-14.2196869689166,13.3956450675405,0.0924163807339936,-48.2100191739305
-0.225275739092285,0.857883058105305,0.708634683485578,-14.2137997904056,13.4163844296289,0.0705099859871267,-48.3130354293569
-0.227667035701627,0.855390829644201,0.728400573037979,-14.2073548924334,13.4364560501727,0.0498506021473735,-48.4203876346057
-0.230011711191403,0.852845003700548,0.747764469466753,-14.2003655804531,13.4558875262776,0.0305277547197147,-48.53224449377
-0.232299939823911,0.850258008475004,0.766733064239796,-14.1928410791785,13.4747141639415,0.012588023021448,-48.6487557150601
-0.234521285242005,0.847641242818057,0.785316101823702,-14.1847864903099,13.4929760092873,-0.00396102388317532,-48.770054509494
-0.236664701817557,0.845004780884007,0.80352586302873,-14.1762029159886,13.510714850854,-0.0191463735617694,-48.8962564003038
-0.238718580500936,0.842357025076327,0.821376514975426,-14.1670877708819,13.5279712160779,-0.0330253822871891,-49.0274527978573
-0.240670866037981,0.839704286228771,0.838883307701629,-14.1574353427111,13.5447813353672,-0.0456824535637341,-49.1636976569142
-0.242509286215718,0.837050270742247,0.856061599585118,-14.1472376983756,13.5611740307794,-0.057226968027102,-49.3049855623461
-0.24422174815997,0.834395464420891,0.872925712105144,-14.1364860562335,13.5771675282039,-0.0677926031816515,-49.4512201291719
-0.245796964465861,0.83173642936312,0.889487661328704,-14.1251727281793,13.5927663211106,-0.0775378796961469,-49.6021732147282
-0.247225358735016,0.829065081263107,0.905755899682279,-14.1132936378631,13.607958449243,-0.086647385000809,-49.7574387784303
-0.248500245088607,0.826368090861458,0.921734321790563,-14.1008512042309,13.6227138673783,-0.0953326750223832,-49.9163905067771
-0.249619163434388,0.823626635302402,0.93742189713561,-14.0878570493797,13.6369848303537,-0.103831489515749,-50.0781582640574
-0.250585097892487,0.820816759836675,0.952813291269404,-14.0743336704936,13.650709145044,-0.112403950317085,-50.2416412273812
-0.251407186837693,0.817910525358312,0.967900617466263,-14.0603141694698,13.6638164761314,-0.121325180656883,-50.4055698601813
-0.252100568783977,0.814877883747617,0.98267602616994,-14.0458396064032,13.6762367082562,-0.130875253955814,-50.5686125191818
-0.252685259091326,0.811688929447461,0.997134408465859,-14.0309544536065,13.6879082851582,-0.141328840212052,-50.7295021629143
-0.253184312737762,0.80831600576383,1.01127538127837,-14.0157014515627,13.6987842898914,-0.152947337105877,-50.8871479138651
-0.2536217740284,0.804735222473055,1.02510405051697,-14.0001173353293,13.7088350189473,-0.165975259806147,-51.0407036060252
-0.254020901595042,0.800927206320961,1.03863058155459,-13.9842303444801,13.7180472556153,-0.180640920699251,-51.1895852395354
-0.25440294447498,0.796877176295675,1.05186899549726,-13.9680596168317,13.7264214474085,-0.197160060188844,-51.3334476294573
-0.254786501097574,0.792574578039643,1.06483569855173,-13.9516159946278,13.7339681759545,-0.215740632290833,-51.4721385274365
-0.255187338506553,0.788012517214743,1.07754812162005,-13.9349036027058,13.7407049273057,-0.236587205409694,-51.6056467562427
-0.255618502589466,0.783187163656788,1.09002365582091,-13.9179216665054,13.7466536483443,-0.259903940452679,-51.7340548432412
-0.256090571311761,0.778097218950277,1.10227891929621,-13.9006662371017,13.7518391698066,-0.285895529372114,-51.8575007923606
-0.256611947638596,0.772743480182332,1.1143293075846,-13.8831316649743,13.7562883468329,-0.314765722903637,-51.9761498188195
-0.25718913124067,0.767128497032987,1.1261887491998,-13.8653117785693,13.7600296706995,-0.346713194712766,-52.0901750525587
-0.25782693974938,0.76125630197393,1.13786958687583,-13.8472007857511,13.7630930817751,-0.381924575902603,-52.1997457167593
-0.258528671960682,0.755132186746877,1.1493825166061,-13.8287939455648,13.7655097258995,-0.420564643022283,-52.3050214532854
-0.259296220576485,0.748762497326798,1.16073653292268,-13.8100880705358,13.7673114320715,-0.462763926816277,-52.4061518516174
-0.260130153961082,0.742154421873677,1.17193884765297,-13.7910819245941,13.7685297544388,-0.508604460666743,-52.5032805722986
-0.261029796174693,0.735315751524445,1.18299477129063,-13.7717765798602,13.7691945287667,-0.558104972189937,-52.5965535768601
-0.261993340894901,0.728254603237411,1.19390757159731,-13.7521757830628,13.7693320479359,-0.611207407276229,-52.6861307915017
-0.263018034182434,0.720979108123917,1.20467835077892,-13.7322863543434,13.7689631448643,-0.667767032796115,-52.7722000356382
-0.264100449257418,0.71349708692519,1.21530600386734,-13.7121185973568,13.7681016343543,-0.727548224883073,-52.8549913640832
-0.265236851989416,0.705815752641132,1.22578732680383,-13.6916866497714,13.7667536333374,-0.790227246126711,-52.9347893802902
-0.266423623042397,0.697941492057596,1.23611732458923,-13.6710086676431,13.764918186253,-0.855401934831499,-53.0119409365499
-0.267657672455141,0.689879776050573,1.24628972731437,-13.650106737526,13.7625893581703,-0.922606673896454,-53.0868562065874
-0.268936768078792,0.681635230053966,1.25629766653979,-13.6290064555797,13.7597595928329,-0.991329853785432,-53.1600023616319
-0.270259708761551,0.673211864959409,1.26613441642239,-13.607736189937,13.7564237933342,-1.06103075918901,-53.2318906184278
-0.271626303980941,0.664613434907855,1.27579408138009,-13.5863261206743,13.7525833887024,-1.13115349292346,-53.3030587034997
-0.273037162108504,0.655843862836462,1.28527212154653,-13.5648072007505,13.7482496510217,-1.2011369021479,-53.3740513755041
-0.274493325737956,0.646907663837124,1.2945656418689,-13.5432101876174,13.7434456953101,-1.27042097304029,-53.4454014918882
-0.27599581533767,0.637810300634664,1.3036734162249,-13.5215648648899,13.7382068541535,-1.33845132416146,-53.5176134381022
-0.277545149905791,0.628558420607262,1.31259566126844,-13.4998995231977,13.7325793988505,-1.40468395500552,-53.591149920644
-0.279140908385176,0.619159944384924,1.32133360847521,-13.4782407154588,13.7266178315936,-1.46859220555899,-53.6664224476594
-0.280781382861514,0.609623997881472,1.32988894489663,-13.4566132546877,13.7203811730046,-1.52967704248321,-53.7437854026599
-0.282463357646888,0.599960699799263,1.33826320352743,-13.4350403874087,13.7139287963957,-1.58748054072422,-53.8235334258434
-0.284182029632342,0.59018083310625,1.3464571829803,-13.4135440561824,13.7073163943787,-1.6416011285425,-53.9059017431227
-0.285931066750725,0.58029543983719,1.35447046329639,-13.3921451633834,13.7005925925229,-1.6917082154154,-53.991069016612
-0.287702785296418,0.570315382352987,1.3623010616551,-13.3708637657427,13.69379655854,-1.73755355529306,-54.0791621778953
-0.289488415635184,0.560250910631864,1.36994524276639,-13.3497191612158,13.6869567330942,-1.77897721643275,-54.170262560275
-0.291278421247822,0.550111265719279,1.3773974704836,-13.3287298675395,13.6800905884289,-1.81590714533933,-54.2644125255622
-0.293062838275506,0.539904337046707,1.38465046638406,-13.3079135244837,13.6732051590902,-1.84835262487079,-54.3616217446723
-0.294831610215957,0.529636379312659,1.3916953318734,-13.2872867708385,13.6662980158838,-1.87639300919491,-54.4618723681285
-0.296574902460014,0.519311785692017,1.3985216930488,-13.2668651496126,13.6593583679898,-1.90016370109029,-54.5651225008397
-0.298283391108224,0.508932909663382,1.40511783914358,-13.2466630832948,13.6523680525559,-1.91984137914636,-54.67130763722
-0.299948527778079,0.498499927773151,1.41147084148242,-13.2266939409764,13.6453022715558,-1.9356301225473,-54.7803399771876
-0.301562785707138,0.488010739371636,1.41756665642161,-13.206970196516,13.638130033522,-1.94774952817792,-54.892105804965
-0.303119892077748,0.477460905538293,1.42339022980252,-13.1875036560763,13.6308143364295,-1.95642535108684,-55.006461363307
-0.304615047486435,0.466843636680375,1.42892563015251,-13.1683057167948,13.6233121821818,-1.96188273464886,-55.1232278969052
-0.30604512669694,0.45614984510689,1.43415624191404,-13.1493876075908,13.6155745439246,-1.96434176940399,-55.2421867636987
-0.307408846607691,0.445368283465828,1.43906504719148,-13.1307605596181,13.6075464174587,-1.96401492195943,-55.3630756918143
-0.308706879720961,0.434485790305075,1.44363501395658,-13.1124358594298,13.599167078803,-1.96110578261964,-55.4855873332631
-0.30994188689479,0.423487658398276,1.44784959044719,-13.0944247540134,13.5903706417193,-1.95580856976158,-55.6093711548616
-0.311118444454397,0.412358129105219,1.45169328183747,-13.0767382031515,13.5810869630436,-1.94830788645325,-55.7340393477817
-0.312242849559244,0.401080998119669,1.45515226111899,-13.0593865072407,13.5712428854575,-1.9387783411194,-55.8591768274436
-0.313322803603117,0.389640298145151,1.45821494854356,-13.0423788700032,13.5607637481074,-1.92738380473395,-55.9843546338819
-0.314366993056985,0.378021007748393,1.46087248962779,-13.0257229757111,13.5495750503417,-1.91427625494882,-56.1091453245972
-0.315384605085766,0.366209728111681,1.46311907368326,-13.0094246619228,13.5376041361066,-1.89959431477206,-56.2331385038314
-0.3163848259686,0.354195273328723,1.4649520604491,-12.9934877498496,13.5247817812451,-1.88346169337365,-56.3559546090711
-0.317376370734852,0.341969134022799,1.46637191394248,-12.9779140613745,13.5110436066932,-1.86598576012404,-56.4772554810099
-0.318367083145629,0.329525793814573,1.46738197072779,-12.9627036153379,13.4963312922402,-1.84725643672828,-56.5967509274004
-0.319363629985223,0.316862897763075,1.4679880874727,-12.9478549666572,13.4805936111708,-1.82734550419524,-56.7142012277738
-0.320371297483652,0.303981286814503,1.46819821769295,-12.9333656363307,13.4637873338229,-1.80630632627356,-56.8294161152303
-0.321393884525788,0.290884920550125,1.4680219621997,-12.9192325787685,13.4458780540397,-1.78417391641203,-56.942251109005
-0.322433679036967,0.277580712609969,1.46747012649223,-12.9054526413717,13.4268409798854,-1.76096523421728,-57.0526021562368
-0.323491500537775,0.264078301008859,1.46655430574896,-12.8920229845267,13.4066617057085,-1.7366795892206,-57.160399439623
-0.324566792104567,0.250389771388289,1.46528650733108,-12.8789414436394,13.3853369540076,-1.7112990460472,-57.2656010061826
-0.325657747268681,0.236529346858403,1.4636788132753,-12.8662068257103,13.3628752485202,-1.68478875528403,-57.3681866450009
-0.326761460353235,0.222513054558766,1.46174308119306,-12.8538191402104,13.3392974585262,-1.65709716960827,-57.4681522358745
-0.327874091440803,0.208358376828099,1.4594906806108,-12.8417797678571,13.3146371409524,-1.62815613921254,-57.565504628426
-0.328991039098896,0.194083893874625,1.45693226209163,-12.8300915721392,13.2889406026968,-1.59788091114837,-57.6602569974196
-0.330107115029476,0.179708924771248,1.45407755753074,-12.8187589581145,13.262266611062,-1.56617008278989,-57.7524245506846
-0.331216715060875,0.165253174046202,1.45093521108066,-12.8077878819998,13.2346856949063,-1.53290558029198,-57.8420204343067
-0.332313980613746,0.150736391689173,1.44751264077877,-12.7971858140691,13.2062790019914,-1.49795274955257,-57.929051678827
-0.333392944259707,0.136178054711301,1.44381593094519,-12.7869616567096,13.1771367071872,-1.46116066122935,-58.0135150545346
-0.334447652569967,0.121597078274256,1.43984975488335,-12.7771256192223,13.1473559992782,-1.42236274470174,-58.0953927486876
-0.335472259398575,0.107011563775888,1.43561732666097,-12.7676890508531,13.1170387083737,-1.38137788064665,-58.1746478376541
-0.336461083266141,0.0924385902256989,1.43112038023377,-12.7586642331941,13.0862886686156,-1.33801209999198,-58.2512195964041
-0.337408623725984,0.0778940539500791,1.42635917441441,-12.7500641320149,13.0552089395417,-1.29206105929736,-58.3250187588093
-0.338309533553374,0.0633925603662282,1.42133252363745,-12.7419021063884,13.0238990319946,-1.24331348799303,-58.3959229056438
-0.339158546304724,0.0489473704415439,1.41603785738999,-12.734191569573,12.9924522990964,-1.19155582743744,-58.4637722031557
-0.339950362250648,0.0345704035590771,1.41047131551066,-12.7269455918873,12.9609536579004,-1.13657829810677,-58.5283657345706
-0.340679499928919,0.0202722976611057,1.40462789181243,-12.7201764317515,12.9294778012232,-1.07818262880076,-58.5894586539811
-0.341340125657513,0.00606252629395968,1.39850164364609,-12.7138949788497,12.8980880401791,-1.01619164744539,-58.6467603469264
-0.341925879340884,-0.00805043017117037,1.3920859885297,-12.7081100952565,12.8668358845763,-0.950460852542297,-58.6999337141198
-0.342429721692388,-0.0220588661478706,1.38537410878245,-12.7028278490126,12.8357614196966,-0.880891943186616,-58.7485956258683
-0.342843835111492,-0.0359555992233399,1.3783594788839,-12.6980506525807,12.8048944741997,-0.807448070414796,-58.7923185585483
-0.343159616743213,-0.0497337091103079,1.37103651578153,-12.6937763476716,12.7742564965539,-0.730170272431267,-58.8306334615491
-0.343367805516968,-0.0633863028565512,1.36340132809215,-12.6899973180166,12.7438629700672,-0.649194167035313,-58.8630340462854
-0.343458781737328,-0.0769063534805145,1.3554525064018,-12.6866997593482,12.7137261059437,-0.564765511261432,-58.8889829389066
-0.34342306356389,-0.0902866655405777,1.34719185736226,-12.6838632821412,12.6838574718498,-0.477252755851238,-58.9079204326987
-0.343251995224475,-0.103520015719326,1.33862494781448,-12.6814610512844,12.6542701605187,-0.387154339262317,-58.9192767661598
-0.342938575956429,-0.116599492635716,1.32976130635823,-12.6794606546119,12.6249801081822,-0.295098368340132,-58.9224887157767
-0.34247832255929,-0.129519015187104,1.3206141465191,-12.6778258152568,12.5960062675685,-0.20183272560112,-58.9170206122584
-0.341870008259732,-0.142273949612373,1.31119954129313,-12.6765189105435,12.5673695404408,-0.108204638394384,-58.9023886093313
-0.341116100317558,-0.154861691317636,1.30153509044176,-12.6755040531929,12.5390906547604,-0.0151302349041878,-58.8781854247846
-0.340222749835483,-0.167282055008744,1.29163825172555,-12.674750289358,12.5111874516853,0.0764437623156307,-58.8441014631783
-0.339199273144232,-0.17953734606215,1.2815246077676,-12.6742343564343,12.4836722145422,0.16558275107416,-58.7999379764344
-0.338057181238536,-0.19163206512305,1.27120636619632,-12.6739424870275,12.4565496383674,0.251407241498535,-58.7456091630635
-0.336808918251731,-0.203572297341144,1.26069132672158,-12.6738709461308,12.4298158059745,0.333131960623043,-58.6811326045674
-0.33546652073004,-0.215364915117685,1.24998242132596,-12.6740252744821,12.4034582084567,0.410097364088164,-58.6066103050924
-0.334040391083489,-0.227016747841388,1.23907779672721,-12.6744184722132,12.3774565744138,0.48179070861352,-58.5222048059647
-0.332538307917882,-0.238533840924721,1.22797131271736,-12.6750685040391,12.351784161732,0.547855115861069,-58.4281157874184
-0.330964709108767,-0.249920862138275,1.21665330012925,-12.6759955121091,12.3264092325838,0.60808670514296,-58.3245623101862
-0.329320215196746,-0.261180647601421,1.2051114514518,-12.6772190176418,12.3012966080482,0.662421612118887,-58.2117749108566
-0.327601330618289,-0.272313837739556,1.19333178006764,-12.6787552415224,12.2764093860771,0.710916104951799,-58.0900006932769
-0.325800271597686,-0.283318546820074,1.18129965100717,-12.6806145414892,12.2517110266165,0.753723698055279,-57.9595235605436
-0.323904914972719,-0.294190039888102,1.16900093052705,-12.6827988992754,12.2271680132067,0.791073039175587,-57.8207005016305
-0.321898929355364,-0.304920454275536,1.15642330019477,-12.6852994309127,12.2027531613428,0.823249526359075,-57.6740125792969
-0.319762219657133,-0.315498689259444,1.14355771198583,-12.6880940593194,12.1784493377778,0.850582280223181,-57.5201249424966
-0.317471854631005,-0.325910670096249,1.1303998149337,-12.6911457677181,12.1542528974633,0.873436388717453,-57.3599433962852
-0.315003604089527,-0.336140215472293,1.11695099411575,-12.6944021485565,12.1301756741882,0.892208433194601,-57.1946475411568
-0.312334043648458,-0.346170625381941,1.10321853871084,-12.6977970554409,12.1062442098524,0.9073216958046,-57.0256774607865
-0.309442913111672,-0.355986829122329,1.08921456133951,-12.70125479188,12.0824954836306,0.919217096540877,-56.8546594060431
-0.306315180317414,-0.365577596149936,1.07495370505622,-12.7046963906848,12.0589697639855,0.928337669268882,-56.683277811271
-0.302942259891086,-0.374937151578797,1.06045022231559,-12.7080465775667,12.0357026747954,0.935107836281269,-56.5131261151091
-0.299322128328986,-0.384065724683465,1.04571531766286,-12.7112396509555,12.0127190767391,0.939911805056596,-56.3455795910058
-0.29545848880875,-0.392968995115358,1.03075547974885,-12.7142230398417,11.9900304935978,0.943075975544593,-56.1817212703377
-0.291359409858697,-0.401656791793142,1.01557203863374,-12.7169583117365,11.9676362524455,0.944858210886902,-56.0223269839758
-0.287035880118023,-0.410141533423611,1.00016172738557,-12.7194202191753,11.9455273167277,0.945443985419756,-55.8678949514302
-0.282500570104084,-0.418436797848917,0.984517823968968,-12.7215946602488,11.9236914447029,0.944947546786619,-55.7186981274805
-0.277766913210308,-0.426556217182956,0.968631481238747,-12.7234762933246,11.9021185772272,0.943415799208712,-55.5748410752045
-0.272848495745906,-0.434512736728935,0.952492988732481,-12.7250662557721,11.8808058087375,0.940833137883924,-55.4363106279245
-0.267758691248313,-0.442318187692988,0.936092843533026,-12.7263701805099,11.8597616418912,0.93712627865918,-55.3030161941582
-0.262510465148971,-0.449983094413062,0.919422595958162,-12.7273965463628,11.8390093985691,0.932168833339679,-55.174819656388
-0.257116287612762,-0.457516640413009,0.902475478985869,-12.7281553278721,11.818589701739,0.925785852190314,-55.051556710734
-0.251588109652708,-0.464926734119625,0.885246842696106,-12.728656894918,11.7985619259111,0.917758806646735,-54.9330519951103
-0.245937373688105,-0.472220133832585,0.867734411063846,-12.7289111237269,11.7790044983777,0.907831574113929,-54.8191301258523
-0.240175042720588,-0.47940260826615,0.84993836839676,-12.7289267000372,11.7600139556331,0.895717968882463,-54.7096242090255
-0.234311642300948,-0.486479122559303,0.831861273076659,-12.7287106124788,11.7417027313891,0.881111282960224,-54.6043827212158
-0.228357316701318,-0.493454049829721,0.813507791242472,-12.7282678454467,11.7241957636197,0.86369618799642,-54.5032749811487
-0.222321904939006,-0.500331414636403,0.794884245497679,-12.7276012851093,11.7076261295014,0.843163212920101,-54.4061948495998
-0.216215042707767,-0.507115176069221,0.775997985393883,-12.7267118502881,11.6921300134344,0.819225827971228,-54.3130618972912
-0.210046291890755,-0.513809553278443,0.756856607712647,-12.7255988520853,11.6778413573573,0.791639877136048,-54.223819166119
-0.20382528977344,-0.520419384263357,0.73746708377144,-12.7242605713625,11.6648865293989,0.760224638162768,-54.1384268892639
-0.197561896485288,-0.526950490472596,0.717834883545622,-12.7226950196401,11.6533792984234,0.724884124281262,-54.0568521367736
-0.191266305034793,-0.533409998889764,0.697963214280016,-12.7209008163025,11.6434163563354,0.685626459192491,-53.9790552192375
-0.184949069344474,-0.53980655676219,0.67785250358981,-12.7188780777546,11.6350736180639,0.642578499639937,-53.9049746003655
-0.178621008504658,-0.546150370933444,0.657500243065765,-12.7166291841344,11.6284035505909,0.59599270809925,-53.8345127432115
-0.172292964162893,-0.55245302108943,0.636901262735645,-12.7141592829422,11.6234337981424,0.546243912363067,-53.7675254605237
-0.165975420606668,-0.558727034699373,0.61604843480938,-12.7114764197687,11.6201673232998,0.493815091345926,-53.7038168185301
-0.159678034351625,-0.564985261969408,0.594933724581418,-12.7085912541328,11.6185841377613,0.439273363986875,-53.6431405588142
-0.153409148297598,-0.571240135237204,0.573549441499293,-12.7055164054575,11.6186444705463,0.38323928342368,-53.5852076841757
-0.147175373499583,-0.577502922439455,0.55188951442383,-12.7022655513527,11.6202929868423,0.326353688277529,-53.5296987154635
-0.140981306477527,-0.583783080470678,0.52995062839539,-12.6988524418954,11.6234635127905,0.269246392027799,-53.4762784788288
-0.134829418546596,-0.590087785318784,0.507733106251544,-12.6952899897931,11.6280836925645,0.212510021621233,-53.4246112173471
-0.128720118032327,-0.596421674459008,0.485241478142276,-12.6915895561112,11.6340790998945,0.15668081590275,-53.3743742162335
-0.122651957549954,-0.602786797304789,0.462484736626599,-12.6877604943858,11.6413764978508,0.102226704943032,-53.3252687575763
-0.11662194253148,-0.609182741157161,0.439476313309407,-12.6838099619565,11.6499061262402,0.0495418916687904,-53.2770278593098
-0.110625893797322,-0.615606885996391,0.416233832490906,-12.6797429680885,11.6596030483659,-0.00105342340544844,-53.2294207652984
-0.104658822497863,-0.622054739426254,0.392778701770905,-12.6755626069335,11.670407687332,-0.0493096647968964,-53.1822544910477
-0.0987152856406214,-0.628520308712662,0.369135594859808,-12.6712704166289,11.6822657280438,-0.095042185888475,-53.1353729083631
-0.0927897010713578,-0.634996475928768,0.345331873180294,-12.6668668087394,11.6951275678833,-0.138124305111544,-53.0886539156513
-0.0868766101253353,-0.641475351798541,0.321396983522217,-12.6623515201394,11.7089474824103,-0.178479831482824,-53.0420052331803
-0.0809708834384057,-0.647948592383072,0.297361860588891,-12.657724049195,11.7236826450277,-0.216075590537197,-52.9953593179792
-0.0750678706192333,-0.654407669739469,0.273258356137653,-12.6529840480304,11.7392921094831,-0.250914281007063,-52.9486678314057
-0.0691634979738129,-0.660844093094509,0.249118710430816,-12.6481316520259,11.7557358356224,-0.283027869938382,-52.9018960241016
-0.0632543206334752,-0.667249581106497,0.224975076620595,-12.643167736155,11.7729738137429,-0.31247165282981,-52.8550173328889
-0.0573375365966543,-0.67361618865522,0.200859104316183,-12.6380940951501,11.7909653217309,-0.339319049586257,-52.808008414894
-0.0514109706032802,-0.679936393489892,0.176801584854691,-12.6329135505867,11.8096683319542,-0.363657164890504,-52.7608447782067
-0.0454730356115493,-0.68620314913811,0.152832157720288,-12.627629992637,11.8290390715049,-0.385583106580993,-52.7134971081961
-0.0395226791005244,-0.692409910885283,0.128979075140381,-12.6222483673761,11.84903172968,-0.405201025467429,-52.6659283364874
-0.0335593206195624,-0.698550641523203,0.105269020122041,-12.6167746221662,11.8695983002815,-0.422619814773514,-52.6180914571098
-0.0275827860693579,-0.70461980308425,0.0817269720293533,-12.6112156219363,11.8906885429905,-0.437951387939018,-52.5699280619731
-0.0215932432298849,-0.71061234005946,0.0583761131656851,-12.605579048385,11.9122500471902,-0.451309440549683,-52.5213675450844
-0.015591142120481,-0.716523658756984,0.0352377696242953,-12.5998732925321,11.9342283825335,-0.462808595801794,-52.4723269103949
-0.0095771629311721,-0.722349606577696,0.0123313798166091,-12.5941073489471,11.956567322634,-0.472563832659076,-52.422711110018
-0.00355217351979557,-0.728086454122502,-0.0103255154982398,-12.5882907176329,11.9792091308694,-0.480690100827836,-52.3724138358193
0.00248280217665645,-0.73373088223182,-0.032717267240799,-12.5824333171741,12.0020948999187,-0.48730203580812,-52.3213186862887
0.00852660403314486,-0.739279975302876,-0.054830100883279,-12.5765454105198,12.0251649388853,-0.492513699540322,-52.2693006308434
0.0145779436545574,-0.744731221535591,-0.0766520920753701,-12.5706375427897,12.0483592034006,-0.496438286632547,-52.2162276944764
0.0206354005188372,-0.750082520119121,-0.0981731379883094,-12.5647204888512,12.071617764807,-0.499187751999239,-52.1619627867666
0.0266974070005635,-0.755332194787712,-0.119384926374325,-12.5588052071648,12.0948813143429,-0.500872332188854,-52.1063656010098
0.0327622233772609,-0.760479012650933,-0.140280903396154,-12.5529027955807,12.118091697284,-0.501599948925397,-52.0492945123652
0.0388279043524967,-0.765522206750702,-0.160856240413084,-12.547024444391,12.1411924704319,-0.501475498565898,-51.9906084094336
0.0448922590302573,-0.770461500431203,-0.181107799162497,-12.5411813819931,12.1641294744777,-0.500600044355415,-51.9301684026512
0.0509528066210305,-0.775297131342938,-0.201034094185554,-12.5353848089393,12.1868514109718,-0.499069938625985,-51.8678393662219
0.057006730427533,-0.780029872747809,-0.220635250931407,-12.5296458168574,12.2093104122898,-0.496975908651608,-51.8034912886163
0.0630508328307377,-0.784661049744977,-0.239912957730263,-12.5239752895992,12.2314625924725,-0.494402142226529,-51.7370004301193
0.0690814940740427,-0.789192548076956,-0.258870409718765,-12.5183837848515,12.2532685674134,-0.491425407067807,-51.668250314226
0.0750946376463804,-0.793626813264057,-0.277512242773651,-12.5128813951782,12.2746939347218,-0.488114232219716,-51.5971326122009
0.0810857050409644,-0.797966837898545,-0.295844455486097,-12.5074775878983,12.2957097066615,-0.484528170593572,-51.5235480158723
0.0870496426864366,-0.802216134945721,-0.313874317111397,-12.5021810232405,12.3162926936402,-0.480717150849521,-51.4474072315653
0.0929809040008499,-0.806378694788034,-0.331610259193521,-12.4969993498239,12.3364258403692,-0.476720915527876,-51.3686322665349
0.0988734699010056,-0.810458923470043,-0.349061748166837,-12.4919389757655,12.3560985214449,-0.472568532320007,-51.2871582162499
0.10472089179004,-0.814461559157403,-0.366239135720692,-12.487004812809,12.3753068069662,-0.468277958328704,-51.2029357928483
0.110516362078364,-0.81839156328216,-0.383153483221087,-12.4821999901969,12.3940537109846,-0.463855634800494,-51.1159348557144
0.116252818606112,-0.822253982386822,-0.399816356304483,-12.4775255351424,12.412349435009,-0.459296093811184,-51.0261492034204
0.121923090701513,-0.826053776630941,-0.416239586363703,-12.4729800185524,12.4302116142056,-0.454581570411321,-50.9336028445306
0.127520095540941,-0.829795611808989,-0.43243499770587,-12.4685591691694,12.4476655639884,-0.449681635202969,-50.8383578573188
0.133037093123125,-0.833483614267968,-0.448414103493513,-12.4642554677188,12.4647445082104,-0.444552893783534,-50.740523743299
0.138468005277935,-0.837121093130883,-0.464187780928315,-12.4600577458694,12.4814897467807,-0.439138839444335,-50.6402678465031
0.143807797180047,-0.840710242360978,-0.479765946707113,-12.4559508327021,12.4979506918357,-0.433369988512159,-50.5378259403483
0.149052907556406,-0.844251846314949,-0.495157266478392,-12.4519153116207,12.5141846726878,-0.427164462480511,-50.4335115197189
0.154201696164079,-0.847745024850465,-0.510368943632885,-12.447927467563,12.5302563904605,-0.420429190047957,-50.3277218089497
0.159254856836115,-0.851187063899659,-0.525406637662865,-12.4439595087793,12.546236907467,-0.413061865269258,-50.2209382411034
0.164215727739069,-0.854573378939555,-0.5402745538384,-12.4399801288813,12.562202097484,-0.404953702436138,-50.1137194681477
0.169090426489972,-0.85789764645024,-0.554975719840876,-12.4359554272363,12.5782305655649,-0.395992882545286,-50.0066860231942
0.17388775437806,-0.861152110707485,-0.569512424091965,-12.4318501344274,12.5944011561742,-0.38606842928462,-49.9004974850952
0.178618852192028,-0.864328035866729,-0.583886746941282,-12.427629014456,12.610790272545,-0.375074145608617,-49.7958249051943
0.183296640526817,-0.867416238823517,-0.598101087167876,-12.4232582651186,12.6274692870708,-0.36291223891755,-49.6933226023097
0.187935122457433,-0.870407620385747,-0.612158585850944,-12.4187067346434,12.644502306047,-0.349496374647797,-49.5936036060499
0.19254864966124,-0.873293617676252,-0.626063378186675,-12.4139468180976,12.661944468094,-0.334754080581128,-49.4972219407558
0.197151248121459,-0.876066525518169,-0.639820648457833,-12.408954971562,12.6798408393061,-0.318628601828632,-49.4046630844945
0.201756072645224,-0.878719667349888,-0.653436506052306,-12.4037118566165,12.6982258630505,-0.301080414673974,-49.3163420664166
0.206375023907874,-0.881247425012056,-0.666917728026902,-12.3982021799167,12.7171232575931,-0.282088621729365,-49.2326073761837
0.211018530078343,-0.883645154714625,-0.680271422795158,-12.3924143151011,12.7365462362019,-0.261652386434975,-49.1537483552264
0.215695473987929,-0.885909023027417,-0.69350466450126,-12.3863397923318,12.7564979401509,-0.23979245710486,-49.0800038852393
0.220413236905058,-0.888035795169884,-0.706624135827562,-12.3799727253915,12.7769720070232,-0.216552714465444,-49.0115707012864
0.225177828305101,-0.890022602459002,-0.7196358045017,-12.3733092275083,12.7979532295832,-0.192001576635193,-48.9486102746386
0.229994073736817,-0.891866709758177,-0.732544648947838,-12.3663468511479,12.8194182852739,-0.166233025922689,-48.8912537715936
0.234865836936047,-0.893565298820219,-0.745354442133387,-12.3590840761636,12.84133652997,-0.139366990126728,-48.8396050319744
0.239796256005919,-0.895115279867988,-0.758067598896793,-12.3515198644782,12.8636708527349,-0.111548821076029,-48.793741817375
0.244787976248092,-0.896513141146373,-0.770685089512366,-12.3436532961127,12.8863785838232,-0.0829476659032519,-48.7537157714054
0.249843364363517,-0.897754843766837,-0.783206419669665,-12.335483298842,12.9094124396388,-0.0537536187192833,-48.7195516317242
0.254964690877263,-0.898835766313732,-0.795629673644581,-12.3270084803933,12.9327214794551,-0.0241736625859385,-48.6912462510362
0.260154270399236,-0.899750700103588,-0.807951613129641,-12.3182270670485,12.9562520425517,0.0055734521006112,-48.6687679323281
0.265414553038011,-0.900493891845382,-0.820167819531248,-12.3091369458015,12.9799486331404,0.0352631176831338,-48.6520564746073
0.270748164833076,-0.901059126291577,-0.832272863510626,-12.299735799679,13.003754724828,0.0646711930392061,-48.6410241768597
0.276157899945882,-0.901439838041615,-0.844260483179581,-12.2900213187572,13.0276134656647,0.093580314056783,-48.6355578832632
0.281646671800286,-0.901629239637155,-0.856123752375455,-12.2799914641035,13.0514682771115,0.121785767428358,-48.6355219977496
0.287217433654092,-0.901620452845868,-0.867855222970517,-12.269644759244,13.0752633528491,0.149100561285468,-48.6407622734149
0.292873080738215,-0.901406631516756,-0.879447029731164,-12.2589805840717,13.0989440736317,0.175359423132279,-48.6511101062345
0.298616346023028,-0.900981067175972,-0.890890951908113,-12.2479994489724,13.1224573604652,0.200421573138883,-48.6663870363346
0.304449700138031,-0.900337271960199,-0.902178431438169,-12.2367032315069,13.1457519894714,0.224172238828654,-48.6864091770822
0.310375263495473,-0.899469036883209,-0.9133005524652,-12.2250953632751,13.1687788882759,0.24652297903773,-48.7109913395365
0.31639473583446,-0.898370466272344,-0.924247990279203,-12.2131809597254,13.1914914268713,0.267410960654361,-48.7399506825126
0.32250934570996,-0.897035991205901,-0.935010939567767,-12.2009668900881,13.2138457073766,0.286797377765517,-48.7731097834967
0.328719820235392,-0.89546036586868,-0.945579032230186,-12.1884617880624,13.2358008486381,0.304665221542249,-48.8102990835809
0.335026373797037,-0.893638651038906,-0.955941254276752,-12.1756760063755,13.2573192545764,0.321016605858775,-48.8513587052331
0.341428713490314,-0.891566188635269,-0.966085869935847,-12.1626215200562,13.2783668504516,0.335869834840345,-48.8961396734016
0.347926058579776,-0.889238570624911,-0.976000359398475,-12.1493117844532,13.2989132691285,0.349256370568396,-48.9445045888507
0.354517171210764,-0.886651604830026,-0.985671374928263,-12.1357615549168,13.318931969841,0.361217827207366,-48.996327809721
0.361200395751661,-0.883801279434205,-0.995084718540791,-12.1219866758112,13.3384002744167,0.371803085646775,-49.0514951955445
0.367973704394246,-0.880683727386721,-1.00422534320472,-12.108003847218,13.357299309783,0.381065592860921,-49.1099034597337
0.374834746890346,-0.877295191496176,-1.01307737857226,-12.0938303783648,13.3756138501449,0.389060884020983,-49.1714591640309
0.381780902493374,-0.873631990822781,-1.02162418160333,-12.0794839374193,13.3933320568741,0.395844343636738,-49.236077373378
0.388809332269191,-0.869690489027312,-1.02984841208364,-12.0649823077785,13.4104451184074,0.401469204849995,-49.3036799737124
0.395917029929627,-0.865467065612123,-1.03773213293074,-12.0503431612733,13.426946796035,0.405984773369151,-49.3741936398062
0.403100869229896,-0.860958091478767,-1.04525693530328,-12.035583858721,13.442832884282,0.409434854200124,-49.4475474270338
0.410357645778324,-0.856159910907763,-1.05240408884835,-12.0207212879015,13.4581005967768,0.411856355071412,-49.5236699518215
0.417684110870227,-0.851068832896606,-1.05915471788445,-12.0057717482178,13.4727478903515,0.413278040085446,-49.6024861230111
0.425076994733337,-0.845681135704342,-1.06549000482931,-11.9907508899041,13.4867727420667,0.413719410560402,-49.6839133937153
0.432533016440366,-0.839993089331933,-1.07139142258692,-11.97567371352,13.5001723963954,0.413189697219783,-49.7678575244498
0.440048877815298,-0.834001001336278,-1.07684099765673,-11.9605546324496,13.512942603422,0.41168695875614,-49.8542078878338
0.447621239072213,-0.827701291580014,-1.08182160508442,-11.9454075970253,13.5250768739272,0.409197296056188,-49.9428324068863
0.455246674835474,-0.821090600925866,-1.08631729461847,-11.9302462736409,13.5365657836072,0.405694208239725,-50.0335723046792
0.462921610740927,-0.814165937123789,-1.09031364415564,-11.9150842658746,13.5473963658069,0.401138134546221,-50.1262369498206
0.470642243082228,-0.806924857891001,-1.09379813148556,-11.8999353576736,13.5575516386178,0.39547624233365,-50.2205991988802
0.478404446866496,-0.799365686325442,-1.09676050858406,-11.8848137519876,13.5670103157417,0.38864253225652,-50.316391741701
0.48620368086216,-0.791487747598291,-1.0991931549942,-11.8697342733917,13.5757467482332,0.380558332684606,-50.4133050158258
0.494034901154957,-0.783291609188923,-1.10109137971005,-11.8547125020866,13.5837311332917,0.371133242825561,-50.5109872332283
0.501892496534245,-0.774779301210571,-1.1024536366824,-11.83976481098,13.5909300051245,0.360266556475055,-50.6090469230635
0.509770258834921,-0.765954490447689,-1.10328162003332,-11.8249082881736,13.5973069926328,0.347849158798929,-50.7070581279678
0.517661398585893,-0.756822583207567,-1.1035802129945,-11.8101605432381,13.6028237938459,0.333765845107114,-50.8045680270869
0.525558611046793,-0.747390738661224,-1.10335727940776,-11.7955394142146,13.6074412851449,0.317897974939337,-50.9011063682762
0.533454190857916,-0.737667785185307,-1.10262330594699,-11.7810626089305,13.6111206626752,0.300126358470921,-50.9961957742074
0.541340186632819,-0.727664044992914,-1.10139092273032,-11.7667473245542,13.613824509769,0.280334281611288,-51.0893618353323
0.549208581550809,-0.717391083969617,-1.09967434491356,-11.7526098907316,13.6155176984873,0.258410608876996,-51.180141965195
0.5570514835022,-0.706861411414713,-1.09748878476535,-11.7386654744262,13.616168060754,0.23425294824035,-51.2680922530647
0.564861308822801,-0.696088157030644,-1.0948498818341,-11.7249278716878,13.6157467967425,0.207770904108216,-51.3527919301054
0.572630946444346,-0.685084750425231,-1.09177319002299,-11.71140939728,13.6142286169315,0.178889468791813,-51.4338454676239
0.580353893194309,-0.673864623295109,-1.08827374821725,-11.6981208711813,13.6115916343652,0.14755260028151,-51.5108826611795
0.588024354819182,-0.662440948470068,-1.08436574919847,-11.6850716935578,13.6078170342752,0.11372700313435,-51.583557271711
0.595637310290683,-0.650826424854213,-1.08006231248822,-11.672269996964,13.6028885521292,0.0774060744232168,-51.6515448852078
0.603188538828495,-0.63903311389703,-1.07537536143652,-11.6597228648442,13.5967917930286,0.0386139065315306,-51.7145406365192
0.610674610039247,-0.627072331572568,-1.07031560279938,-11.6474366067594,13.5895134297225,-0.00259083676666665,-51.7722573538724
0.618092838106183,-0.614954599274416,-1.06489260675442,-11.6354170811698,13.5810403262824,-0.0461114249833409,-51.8244245500198
0.625441201616801,-0.602689656545308,-1.05911498494857,-11.6236700547113,13.5713586502005,-0.0918102569167249,-51.8707885360334
0.632718231836065,-0.590286537135922,-1.05299066209383,-11.612201582391,13.5604530551481,-0.139507093273318,-51.9111137769824
0.639922874244092,-0.577753706790324,-1.0465272317821,-11.6010183867159,13.5483060353169,-0.188978677425249,-51.9451854506335
0.647054330870153,-0.565099256157851,-1.03973237946892,-11.5901282071759,13.5348975639635,-0.23996006755108,-51.9728130144758
0.654111893937663,-0.552331135777994,-1.03261434597973,-11.5795400871124,13.5202051269999,-0.292147935165397,-51.9938344390198
0.661094783859016,-0.539457413319022,-1.02518239547648,-11.5692645652749,13.5042042420902,-0.345205972388782,-52.0081206382691
0.668002005809076,-0.526486527845485,-1.01744724531921,-11.5593137460999,13.4868695128555,-0.398772392135675,-52.0155795393423
0.674832238192143,-0.513427513645068,-1.00942141437267,-11.5497012362231,13.4681762092557,-0.452469308021271,-52.016159203302
0.681583762936482,-0.500290168405873,-1.00111945278195,-11.5404419532418,13.4481022968424,-0.505913562480999,-52.0098494562824
0.688254441992888,-0.487085147603218,-0.992558030012846,-11.5315518325707,13.426630770994,-0.558728364428373,-51.9966816214669
0.694841737672798,-0.473823977755036,-0.983755876783497,-11.5230474746155,13.4037521000797,-0.610554943476823,-51.976726149058
0.701342768015538,-0.460518993431574,-0.974733596398575,-11.5149457830336,13.3794665537722,-0.661063366568381,-51.9500881951926
0.707754383733647,-0.447183213685104,-0.965513377332742,-11.5072636431619,13.3537861940045,-0.709961718809703,-51.9169014598363
0.714073251482144,-0.433830180405287,-0.956118648004329,-11.500017678285,13.3267363343761,-0.757003019765052,-51.8773208121929
0.720295929446969,-0.420473782714995,-0.946573714956023,-11.4932241035364,13.298356322215,-0.801989496545128,-51.8315143725737
0.726418924931795,-0.407128088145749,-0.936903418026416,-11.4868986776277,13.2686995569569,-0.844774113864732,-51.779655762485
0.732438728584635,-0.393807194490116,-0.927132823389077,-11.4810567358745,13.2378327210096,-0.885259515136948,-51.7219171820621
0.738351824891333,-0.38052510803868,-0.917286961166312,-11.4757132771489,13.205834259406,-0.923394718326975,-51.6584638469149
0.744154682604154,-0.367295646354078,-0.9073906019106,-11.4708830733562,13.1727921993366,-0.959170019169532,-51.589450147503
0.749843731383835,-0.354132358152859,-0.897468057645316,-11.4665807718268,13.138801448194,-0.992610587418899,-51.5150177187989
0.755415332099002,-0.341048449787981,-0.887542989060689,-11.4628209665429,13.1039607468916,-1.02376921756157,-51.4352954572663
0.76086574826462,-0.328056707092618,-0.877638200438644,-11.4596182209917,13.0683694809894,-1.05271863636012,-51.3504014177815
0.766191125472878,-0.315169402380219,-0.867775406831983,-11.4569870316126,13.0321245624739,-1.07954369505743,-51.2604464749179
0.771387484824206,-0.302398178482756,-0.857974962664481,-11.4549417249014,12.9953175878645,-1.10433369733955,-51.165539638218
0.776450735630383,-0.289753904231554,-0.848255546164357,-11.4534962826605,12.958032453799,-1.12717504314123,-51.0657949545099
0.781376712183594,-0.277246498375549,-0.838633799268354,-11.4526640888373,12.920343572065,-1.14814430815863,-50.9613399849971
0.786161239102845,-0.264884721550248,-0.829123927796838,-11.4524575888221,12.8823147766452,-1.16730183431699,-50.8523258731089
0.790800229392992,-0.252675938857943,-0.819737272343422,-11.4528878497912,12.8439989605515,-1.1846858832189,-50.7389389746401
0.795289818362058,-0.240625859477581,-0.810481867413318,-11.4539640113408,12.8054384236408,-1.2003074088644,-50.6214138547647
0.799626534221126,-0.228738265191076,-0.801362015906267,-11.4556926226957,12.7666658559029,-1.21414554124302,-50.500047125708
0.803807501754764,-0.217014747286549,-0.792377918495838,-11.4580768797766,12.7277058244148,-1.22614393509812,-50.3752110944542
0.807830668371614,-0.205454480744047,-0.783525411687044,-11.4611158045481,12.6885765783229,-1.23620821207298,-50.2473655695566
0.811695032405021,-0.194054074309746,-0.774795880692454,-11.464803448561,12.6492919421937,-1.24420477790817,-50.1170656032591
0.815400843478723,-0.18280754157049,-0.766176417261318,-11.4691282437808,12.609863048911,-1.24996128693768,-49.9849626982154
0.818949737601912,-0.171706436556072,-0.757650280320165,-11.4740726501674,12.5702996889818,-1.25326891799614,-49.8517974140846
0.822344769967107,-0.160740183245236,-0.749197683314487,-11.4796132409629,12.530611137759,-1.25388641809859,-49.7183825727742
0.825590319608404,-0.149896600731077,-0.740796878827694,-11.4857213102384,12.490806458238,-1.25154562040462,-49.585578244446
0.828691861583629,-0.139162590068603,-0.732425451539617,-11.4923639895162,12.4508944265662,-1.24595795970785,-49.454261816578
0.831655628290894,-0.128524916092686,-0.724061685368474,-11.4995057515126,12.4108833322077,-1.23682150028559,-49.3252978630664
0.834488202742929,-0.117970999764981,-0.715685857469006,-11.5071101011178,12.3707809177195,-1.22382819373572,-49.199512587817
0.837196095454512,-0.10748964013974,-0.70728133513376,-11.5151412368505,12.3305946384556,-1.20667142513649,-49.0776762686558
0.839785351178107,-0.0970716067916406,-0.698835400071242,-11.5235655112105,12.2903322803778,-1.18505423261218,-48.9604949624003
0.842261216448316,-0.0867100734373364,-0.690339777744525,-11.5323525990346,12.250002835876,-1.1586987452789,-48.8486106065997
0.844627881209452,-0.0764008903197094,-0.681790889589473,-11.5414763625743,12.2096174522816,-1.12735729113416,-48.7426072205298
0.846888294107192,-0.0661427095563254,-0.673189864793912,-11.5509154528651,12.1691902542032,-1.09082528213242,-48.6430203807075
0.849044044389226,-0.0559369825828565,-0.664542347705781,-11.5606536989195,12.128738889559,-1.04895546587208,-48.5503473647203
0.851095303528583,-0.0457878448161339,-0.655858124595354,-11.570680314925,12.0882847357637,-1.00167257122081,-48.4650560008888
0.853040824346873,-0.0357018943934012,-0.647150578612674,-11.5809899156244,12.0478527989333,-0.948986927659519,-48.3875910284104
0.854878001527184,-0.025687864041925,-0.638435972101597,-11.591582289141,12.0074714197248,-0.89100546176073,-48.3183774582198
0.856603002080307,-0.0157561815556537,-0.629732555970015,-11.60246185115,11.9671719446945,-0.82793867057981,-48.2578209213419
0.858210975352668,-0.00591841729735417,-0.621059518390748,-11.6136367064148,11.9269885206592,-0.760102724424048,-48.206305263815
0.859696348318818,0.00381337282022093,-0.612435808263524,-11.6251172778952,11.8869581220013,-0.687916591752421,-48.1641877139639
0.861053203096212,0.0134273844648259,-0.603878898242998,-11.6369145257747,11.847120840102,-0.611894722887447,-48.1317918748463
0.862275720829398,0.0229128384836031,-0.595403581383392,-11.6490378571243,11.8075203721746,-0.532636095773308,-48.1093986896454
0.863358661154952,0.0322607284628965,-0.587020917426013,-11.66149290554,11.7682045689251,-0.450810192116172,-48.0972355221761
0.864297831975243,0.0414644655538241,-0.578737452448986,-11.6742794222421,11.7292258594616,-0.367139876548277,-48.095463707387
0.865090493712218,0.0505203392294078,-0.570554822676694,-11.6873895500797,11.6906413841825,-0.282380589323797,-48.104165410311
0.865735639924022,0.0594277226251659,-0.5624698151321,-11.7008067354521,11.6525127376971,-0.197295227005125,-48.123331314995
0.866234106422404,0.0681889793862522,-0.55447489451554,-11.714505460618,11.6149053414968,-0.112624903171202,-48.1528513214726
0.866588485626937,0.0768090745041592,-0.546559126017413,-11.7284518529603,11.5778875920605,-0.0290573525716168,-48.1925107183885
0.866802858194781,0.0852949456763552,-0.538709347436344,-11.7426050728356,11.5415300068634,0.0528035484859619,-48.2419939062027
0.866882389998551,0.0936547381558075,-0.530911396801387,-11.7569192430782,11.5059045688121,0.132462722453951,-48.3008965788744
0.866832866448665,0.101897027807876,-0.523151203309389,-11.7713456098245,11.4710843447072,0.209549344245581,-48.3687455920154
0.866660239027332,0.110030145552474,-0.515415600712463,-11.7858346409021,11.437143281936,0.283820736400099,-48.4450241002565
0.866370240975726,0.118061676929698,-0.507692803293584,-11.8003378596462,11.4041559581756,0.355155157087446,-48.5291985039448
0.865968099345317,0.125998159452375,-0.499972565279247,-11.8148093338263,11.3721970359353,0.423536083728272,-48.6207435994054
0.865458341105666,0.133844955492982,-0.492246101034736,-11.8292068442644,11.3413402593672,0.489031673285898,-48.7191629792515
0.864844670465699,0.14160625062904,-0.484505867216662,-11.84349281948,11.3116569716873,0.551772988143677,-48.8240028035403
0.864129885823517,0.149285118285996,-0.476745304829972,-11.8576351408311,11.2832142586133,0.611933691496808,-48.9348581375233
0.863315805889433,0.156883596486943,-0.468958620756528,-11.8716079119599,11.2560728891156,0.669712761017309,-49.051371846922
0.862403181801012,0.16440273516441,-0.46114066555919,-11.8853922634767,11.2302852185314,0.725320746638882,-49.1732264804499
0.861391582320031,0.171842588029412,-0.453286943177234,-11.8989772386203,11.2058931590588,0.778969398716249,-49.3001297439748
0.860279250889225,0.179202139377543,-0.445393769380176,-11.9123607794639,11.1829262416166,0.830864136883674,-49.4317942745258
0.859062946220785,0.186479173662572,-0.43745857670075,-11.9255508010306,11.1613997263834,0.881198750869959,-49.5679126899971
0.857737792392375,0.193670115288442,-0.429480339478656,-11.9385662948204,11.1413126993749,0.9301518339408,-49.7081295442127
0.856297179335448,0.200769887827213,-0.421460060013516,-11.9514383389567,11.1226461452531,0.977884665619198,-49.8520129835643
0.854732766701446,0.207771862137348,-0.413401216851038,-11.9642108147883,11.1053611243306,1.02454050432253,-49.9990304647757
0.85303464645332,0.214667972543529,-0.405310039480565,-11.9769405628183,11.0893973857022,1.07024543200533,-50.1485343130093
0.851191703259951,0.221449066063763,-0.397195461970772,-11.9896966979123,11.0746729483451,1.11511090894335,-50.2997631589643
0.849192171681368,0.228105501558127,-0.389068647071304,-12.0025588934593,11.0610852557299,1.15923797341844,-50.451863263183
0.84702433192145,0.23462793913912,-0.380942072417901,-12.0156146530396,11.048514334835,1.20272259142131,-50.6039290661158
0.844677233624344,0.241008183766155,-0.372828305600551,-12.0289558622278,11.0368279472335,1.24566121436419,-50.755056324915
0.842141317660077,0.247239911273734,-0.364738703924585,-12.0426751328242,11.0258881630023,1.28815540774256,-50.9043967315688
0.839408833064375,0.253319134568756,-0.356682298308591,-12.0568625016711,11.0155583881452,1.33031462907434,-51.0512024980554
0.836474007688487,0.259244349023785,-0.348665046815565,-12.0716029011569,11.0057098355222,1.37225676376762,-51.194853302929
0.833332996026803,0.265016386843067,-0.340689516398586,-12.0869745624659,10.9962267364625,1.41410659000675,-51.3348639675236
0.829983669390317,0.270638070436083,-0.33275493639324,-12.1030482713762,10.9870100508915,1.45599268429546,-51.4708763127234
0.826425323986646,0.276113770568764,-0.324857505063351,-12.1198872538839,10.9779798290925,1.49804332617271,-51.6026411504345
0.822658369972675,0.281448957104378,-0.316990823737331,-12.1375474366886,10.9690765919566,1.54038180699677,-51.729996369436
0.818684042959147,0.286649798367916,-0.30914636081921,-12.1560778695254,10.9602621304575,1.58312133975004,-51.8528456469103
0.814504159143924,0.291722835052556,-0.301313886603347,-12.1755211673815,10.9515200424259,1.62635961514054,-51.9711405333372
0.810120920729307,0.296674733038368,-0.293481854285552,-12.1959138993195,10.9428561933779,1.67017300459248,-52.0848671475096
0.805536769752536,0.301512106970367,-0.28563772713973,-12.2172869024784,10.9342991547118,1.71461047828336,-52.1940376656211
0.800754284281941,0.306241400564474,-0.277768266474443,-12.2396655316435,10.9259005618206,1.75968746452943,-52.2986861302204
0.795776109270229,0.310868807704488,-0.269859801628907,-12.2630698681456,10.9177352585766,1.80538008495792,-52.3988677059408
0.790604913922913,0.315400218618445,-0.261898503772512,-12.2875149094692,10.9099010598115,1.85162039917842,-52.4946602620979
0.785243367623609,0.319841176932801,-0.253870680894559,-12.3130107457143,10.9025179729512,1.89829340998047,-52.5861670233829
0.779694127144789,0.324196836019692,-0.245763103152621,-12.3395627049899,10.8957267709068,1.94523654462083,-52.6735190107396
0.7739598291392,0.328471906760431,-0.237563357160937,-12.3671714231818,10.8896868880851,1.99224210030085,-52.7568761310803
0.768043083713868,0.332670593334438,-0.229260217111445,-12.395832772945,10.884573697419,2.0390627442093,-52.8364260852673
0.761946466914636,0.336796518112668,-0.220844012589101,-12.4255375813434,10.8805752920928,2.08541968163458,-52.9123807170217
0.755672511656378,0.340852640114925,-0.212306969899667,-12.4562710816871,10.8778889211646,2.13101268328838,-52.9849699335292
0.74922369753067,0.344841172924903,-0.203643506521273,-12.4880120833509,10.8767172098537,2.17553091714125,-53.0544337753071
0.742602439849827,0.348763507274734,-0.194850465799606,-12.5207318974597,10.8772642478395,2.21866351898123,-53.1210134994275
0.735811077533289,0.352620141362165,-0.185927288557362,-12.5543931150588,10.8797315793702,2.2601090344286,-53.1849426222669
0.728851858608639,0.356410619521881,-0.176876126752921,-12.5889483850158,10.8843141037067,2.29958318599848,-53.2464387654569
0.721726921802037,0.360133478304932,-0.16770190927127,-12.6243393706074,10.8911959082668,2.33682475683579,-53.3056969260895
0.714438273289384,0.363786199017146,-0.158412370323793,-12.6604960695922,10.9005461077915,2.37159965503564,-53.3628845262194
0.706987759127188,0.367365167321876,-0.149018047217896,-12.6973366601513,10.912514833757,2.40370338759497,-53.4181383492696
0.699377035768999,0.370865642989809,-0.139532248010004,-12.7347679864309,10.9272295832018,2.43296222952678,-53.4715632771224
0.691607542774678,0.374281745285453,-0.129970982928697,-12.7726867287304,10.9447921692366,2.45923334706258,-53.5232326110799
0.683680482722353,0.377606460828763,-0.120352848566572,-12.8109812244485,10.9652764992206,2.48240406198376,-53.5731896857661
0.675596813054688,0.380831680427523,-0.110698852208079,-12.8495338288497,10.988727337685,2.50239036489084,-53.6214504543537
0.667357253128029,0.38394826928722,-0.101032165797816,-12.8882236418332,11.0151601018903,2.51913472801142,-53.6680067240961
0.658962307472048,0.386946171713369,-0.0913778043494823,-12.9269293879956,11.0445616124613,2.53260324851988,-53.7128297449042
0.650412303855707,0.38981454786644,-0.0817622305658186,-12.9655322274738,11.0768916076782,2.54278217168952,-53.7558738962062
0.641707442875356,0.392541937306402,-0.0722128942623611,-13.0039182936793,11.1120847506812,2.54967388768114,-53.7970802755785
0.632847854923153,0.395116442682138,-0.0627577203137013,-13.0419807952946,11.1500528262442,2.55329254849976,-53.8363800628532
0.623833660725857,0.397525927208992,-0.0534245614322693,-13.0796215747717,11.1906868380103,2.55365949575309,-53.873697609999
0.614665033000945,0.399758221275636,-0.0442406321495891,-13.1167520742677,11.2338587692564,2.55079871466115,-53.9089532830951
0.605342258760983,0.401801336030513,-0.0352319385808821,-13.1532937141323,11.2794228475288,2.54473253266266,-53.9420661512382
0.595865803908199,0.403643684379535,-0.0264227159652694,-13.189177733193,11.3272162438358,2.53547776588429,-53.9729566725765
0.586236383514514,0.405274311777204,-0.0178348836823602,-13.2243445717959,11.3770592319957,2.52304249099259,-54.0015495658148
0.576455042163865,0.40668313993101,-0.00948752637533538,-13.258742898207,11.4287549285586,2.50742359072516,-54.0277770735462
0.566523248621656,0.407861225638985,-0.00139641058182521,-13.2923283886278,11.4820888258956,2.48860519327404,-54.0515828185531
0.556443007656036,0.408801034176379,0.0064264508631791,-13.3250623734515,11.5368284171965,2.46655809940313,-54.0729264215846
0.546216988944794,0.409496721877762,0.013973169638523,-13.3569104597952,11.5927232846822,2.4412402637362,-54.0917889835121
0.535848668715548,0.409944416071185,0.0212402650848193,-13.3878412340113,11.6495060670561,2.41259836254655,-54.1081794309402
0.525342474438565,0.410142473032829,0.028228831287463,-13.4178251376688,11.7068947177109,2.38057043382607,-54.1221415809275
0.514703917299139,0.410091687494562,0.0349445566297301,-13.4468335951724,11.7645963866066,2.34508951338027,-54.1337616053835
0.503939692569167,0.409795422431941,0.0413975662325134,-13.4748384493481,11.8223130865875,2.30608811620367,-54.1431753917594
0.493057725946598,0.409259627677927,0.0476020666455303,-13.5018117327182,11.8797490385153,2.26350333687535,-54.1505751437927
0.482067145904553,0.408492722231316,0.0535757888582959,-13.5277257689882,11.9366192602292,2.21728228570551,-54.1562144963561
0.470978168811561,0.407505328457701,0.0593392484008868,-13.5525535665433,11.9926586397245,2.16738756202602,-54.1604114809339
0.459801894436025,0.406309865042277,0.0649148655225277,-13.5762694402846,12.0476305045314,2.11380251078131,-54.1635488964233
0.448550022329697,0.404920025698945,0.0703260079804832,-13.5988497858731,12.1013336512538,2.0565361177624,-54.1660719913471
0.437234511461797,0.40335018733851,0.0755960281767523,-13.6202739335448,12.1536069703936,1.99562755691553,-54.1684837742322
0.42586721351353,0.401614800519134,0.0807473625948459,-13.6405250239565,12.2043311613777,1.93115057636653,-54.1713386307464
0.41445951296922,0.399727814940245,0.085800746451119,-13.6595908686584,12.2534274880505,1.86321805449768,-54.175235132137
0.403022004980808,0.397702185021259,0.0907745757203436,-13.6774647742151,12.3008539572937,1.79198713041339,-54.1808088997225
0.391564236889022,0.395549489029233,0.0956844293341165,-13.6941463151354,12.3465996162143,1.71766527783995,-54.188726131416
0.380094533696839,0.393279684076557,0.100542752448496,-13.7096420334417,12.3906778136461,1.64051751743357,-54.1996779387192
0.368619923481606,0.390901011577099,0.105358700414262,-13.7239660216423,12.4331192736606,1.56087462177162,-54.2143750635942
0.357146175991981,0.388420063936339,0.110138152053129,-13.7371403125517,12.4739657317743,1.47914163736863,-54.2335419465251
0.345677965012272,0.385842021073234,0.114883916029112,-13.7491949573632,12.5132647418187,1.39580533116682,-54.2579086320839
0.334219159449003,0.383171060169109,0.119596167960654,-13.7601676309196,12.5510661038388,1.31143833659423,-54.2881988056209
0.322773235808831,0.380410928062128,0.124273157723821,-13.7701025778003,12.5874201874936,1.22669702996087,-54.3251125837304
0.31134378329052,0.377565638709763,0.128912204211345,-13.7790487336052,12.6223782013451,1.14230989161022,-54.3693037534913
0.29993504358348,0.374640219413067,0.133510940912343,-13.7870569561,12.6559941593342,1.05905380185397,-54.4213530240286
0.288552398628148,0.371641389716137,0.138068695454702,-13.7941764966167,12.6883279428122,0.977717780123833,-54.4817411691296
0.277202704964792,0.368578035758979,0.142587805440211,-13.8004511001945,12.7194485518506,0.899056968223045,-54.5508278175678
0.265894386402247,0.365461360276632,0.147074633002802,-13.80591534579,12.7494365429733,0.823743215518921,-54.6288419138113
0.254637240303641,0.362304649267815,0.151540076360188,-13.8105918973903,12.7783848796539,0.752320829224557,-54.7158877668654
0.243441972295249,0.359122680378951,0.155999487238753,-13.8144901585814,12.8063979347002,0.685175525812883,-54.8119665281258
0.232319523710321,0.355930867780817,0.160472042339949,-13.8176064592826,12.8335889592865,0.622521253095983,-54.9170084702744
0.221280274173082,0.352744262317851,0.164979719349635,-13.8199255185464,12.8600767029501,0.564404761914294,-55.0309083812941
0.210333184575615,0.349576498120693,0.169546049808396,-13.8214226956237,12.8859818912902,0.510723641980447,-55.1535555675532
0.19948490673113,0.346438717167267,0.174194762980912,-13.8220665440184,12.9114239959665,0.461251410243842,-55.284850831645
0.18873884556458,0.343338440827761,0.178948330456889,-13.8218213874992,12.9365183318762,0.415663316188108,-55.4247040726887
0.178094136308094,0.340278318196473,0.183826313397871,-13.8206499498816,12.9613731509677,0.37355805668581,-55.5730068656145
0.167544509088764,0.337254687289278,0.188843343859333,-13.8185163942922,12.9860861781606,0.334472654622091,-55.7295746416802
0.157077076079851,0.334255964838718,0.194006588083516,-13.8153903634593,13.0107400457471,0.297889806421065,-55.8940546994102
0.146671215197252,0.331261069947542,0.199312720084519,-13.8112526048991,13.0353964810501,0.263238989133381,-56.0658029432906
0.136297942871341,0.328238400706547,0.204744866297629,-13.8061022515999,13.0600900863543,0.22989469657923,-56.2437485747503
0.125920388150429,0.325146220923119,0.210270643085239,-13.799964560905,13.0848240888934,0.197177114207379,-56.4262922041314
0.115495974988396,0.321935353901539,0.215842924048814,-13.7928961507943,13.1095716977567,0.164361071895378,-56.6113046527089
0.104980409647061,0.318554394704099,0.221404568360187,-13.7849838830012,13.134285892086,0.130696307827243,-56.7962790919734
0.0943326152524489,0.31495628585195,0.226896564224327,-13.7763353840642,13.1589165040843,0.095435896974275,-56.9786180899205
0.0835190420222841,0.311104039833858,0.23226690327129,-13.7670635526847,13.1834286682945,0.057864347510284,-57.1559500510296
0.072516044853923,0.306973745404134,0.237476983734919,-13.7572707871619,13.2078156491477,0.0173175784321878,-57.326348537886
0.061310071504514,0.302554518687217,0.242503982190247,-13.7470380092854,13.2321028786059,-0.026806647148974,-57.4883955517369
0.0498963181213913,0.297846383335596,0.247339782151402,-13.7364200451086,13.2563448228697,-0.0750430433513002,-57.641117244667
0.0382767351182183,0.292857365503357,0.251988051838834,-13.7254459337659,13.2806183216816,-0.127851150549401,-57.7838601459024
0.0264579983776094,0.28760066577389,0.256460840789068,-13.7141218496468,13.3050152927651,-0.185600766039041,-57.916165895351
0.0144497095835341,0.282092241914051,0.260775400563693,-13.7024348916095,13.3296360615991,-0.248548711603346,-58.0376753663693
0.00226286931312804,0.276348818611168,0.264951412121519,-13.6903569035775,13.3545833826805,-0.316808495238712,-58.1480716939231
-0.0100914072296985,0.270386246946992,0.269008571993682,-13.6778481538905,13.3799567661953,-0.390317533070191,-58.2470605419895
-0.0226029455814445,0.264218176689519,0.272964484127383,-13.664860992241,13.4058468464593,-0.46880926376725,-58.3343810544092
-0.0352633033905237,0.257855089567094,0.276832913450961,-13.6513435829001,13.4323299688768,-0.551798920037012,-58.4098381777051
-0.0480662261650157,0.251303803357386,0.280622577052525,-13.637243593655,13.4594636556162,-0.638590760558694,-58.4733447257679
-0.0610077021886912,0.244567548371263,0.284336689917893,-13.6225114545413,13.4872838425673,-0.728310520183858,-58.5249603259746
-0.0740856093055378,0.237646627773946,0.287973392826267,-13.60710266737,13.5158045442301,-0.819960461322959,-58.5649158459098
-0.0872990342110619,0.230539536578011,0.291526991373398,-13.5909787688644,13.5450199247064,-0.912488092239927,-58.5936167024224
-0.100647419934532,0.223244299865515,0.294989721805173,-13.5741068993194,13.5749079505344,-1.00485619112916,-58.6116251461495
-0.114129721876086,0.215759757453637,0.298353641429029,-13.5564583290767,13.6054342965436,-1.09610266269364,-58.6196273325469
-0.127743719640144,0.208086579291571,0.301612268628001,-13.5380065469484,13.6365552007336,-1.18538306151159,-58.6183934891378
-0.141485564283891,0.200227904167422,0.304761734414569,-13.5187255303225,13.6682184335064,-1.27199396079358,-58.6087385620579
-0.155349571917539,0.19218960024346,0.307801373692191,-13.4985886487773,13.7003621857914,-1.35537953215969,-58.5914878709777
-0.169328227532966,0.183980214902967,0.310733812974066,-13.4775684197461,13.7329122374908,-1.43512579186971,-58.5674493439055
-0.183412342781425,0.175610707071706,0.313564676745654,-13.4556371329197,13.7657781233789,-1.51094721485759,-58.5373919389015
-0.197591311598809,0.167094049561107,0.316302045772885,-13.4327682297575,13.7988491640636,-1.58266960271732,-58.5020290806041
-0.211853418087038,0.158444768577545,0.318955780134596,-13.4089382609437,13.8319912176729,-1.65021194248766,-58.462005999958
-0.226186163827976,0.149678465142153,0.321536788680718,-13.3841292246221,13.8650448760989,-1.71356894246795,-58.4178902963595
-0.240576592318714,0.140811345681266,0.324056298426214,-13.3583310892333,13.8978256095138,-1.77279514095694,-58.3701654833768
-0.255011595060154,0.131859778511562,0.326525157891809,-13.3315443126055,13.930126084417,-1.82799095791417,-58.3192275443696
-0.269478187576849,0.122839888305018,0.328953197957878,-13.3037821782239,13.9617205814037,-1.87929074290232,-58.26538456869
-0.283963745763263,0.113767199380725,0.331348669717279,-13.2750727809089,13.9923711644699,-1.92685270346595,-58.2088594092293
-0.298456194936784,0.104656338175559,0.33371777738346,-13.2454605107774,14.0218350474541,-1.97085052544388,-58.1497950849204
-0.312944146786623,0.095520803566596,0.336064322323521,-13.2150069095879,14.0498724943001,-2.01146648168302,-58.0882624364992
-0.327416983227454,0.0863728100942012,0.338389469942425,-13.183790808859,14.0762545847458,-2.0488858387122,-58.0242693964101
-0.341864890512889,0.077223203935434,0.34069164426714,-13.151907703505,14.1007702596807,-2.08329239085372,-57.957771185889
-0.356278850996391,0.0680814458071822,0.342966546747559,-13.1194683649953,14.1232321997658,-2.11486496507547,-57.8886808023629
-0.370650602817376,0.058955650138945,0.345207287670861,-13.08659674962,14.1434812523258,-2.14377474286071,-57.8168792834391
-0.384972578996672,0.0498526668843946,0.347404612269081,-13.0534273051813,14.161389276522,-2.17018323935177,-57.7422253953301
-0.399237836810685,0.0407781917573733,0.349547200159583,-13.0201018184505,14.1768604082045,-2.19424077075339,-57.664564561325
-0.413439986114049,0.0317368924409272,0.351622016580769,-12.9867659720713,14.189830847689,-2.21608523509528,-57.5837369973692
-0.427573121992082,0.0227325419364839,0.353614696715908,-12.9535657907369,14.200267347925,-2.2358410340871,-57.4995851460296
-0.44163176336599,0.0137681549270439,0.35550994950492,-12.9206441517036,14.2081646324557,-2.2536179773535,-57.411960595417
-0.455610795571082,0.00484612795003893,0.357291973716317,-12.8881375152505,14.2135420074532,-2.26951003444602,-57.320730738968
-0.469505412037975,-0.00403161153565777,0.35894488557338,-12.856172999548,14.2164394532739,-2.28359383246487,-57.2257854778502
-0.483311048481109,-0.0128634391944216,0.360453162798929,-12.8248658859576,14.2169134896152,-2.29592683518194,-57.1270442879149
-0.497023302787191,-0.0216478420689812,0.361802113524438,-12.7943176002688,14.2150331042667,-2.30654518143919,-57.0244639576507
-0.510637835362189,-0.0303831937568707,0.362978379108817,-12.7646141782197,14.2108760178548,-2.31546120625089,-56.9180472339299
-0.524150248223016,-0.0390674937745025,0.363970476538592,-12.7358251949482,14.2045255249636,-2.32266071905044,-56.8078524631455
-0.537555946660701,-0.0476980761461926,0.36476937777573,-12.7080031220145,14.1960681044964,-2.3281001717254,-56.6940040610931
-0.550849994609458,-0.0562713031410279,0.365369109513686,-12.6811830750436,14.1855919276541,-2.33170391378968,-56.5767032735374
-0.56402698310272,-0.0647822731741688,0.36576733755374,-12.6553829301296,14.1731863092438,-2.33336179649232,-56.4562382238616
-0.577080938645172,-0.0732245849142277,0.365965877618674,-12.6306038143973,14.1589420481862,-2.33292743628131,-56.3329917684651
-0.590005302219739,-0.0815902085930576,0.365971054028559,-12.6068310069346,14.142952492884,-2.33021745748184,-56.2074453545121
-0.602793006700446,-0.0898695151429704,0.365793817471969,-12.5840353071227,14.1253150626139,-2.32501198143256,-56.0801771126814
-0.615436668262609,-0.0980514994541815,0.365449542344924,-12.5621749227074,14.1061328824494,-2.31705650823032,-55.9518530072228
-0.627928886469345,-0.10612420482477,0.364957458492193,-12.5411978893649,14.0855161729778,-2.30606517486096,-55.8232110353989
-0.640262622841139,-0.114075317029897,0.364339728429395,-12.5210449600889,14.0635830907102,-2.2917252346382,-55.6950399760297
-0.65243160704578,-0.121892859911596,0.363620244849707,-12.501652816962,14.0404598273162,-2.273702567354,-55.5681555377078
-0.664430711298291,-0.129565902955706,0.362823273416276,-12.4829573914338,14.0162799052735,-2.25164814665934,-55.4433774078565
-0.676256240312841,-0.1370851924464,0.361972085207083,-12.4648970591254,13.9911827052268,-2.22520563763213,-55.3215103569905
-0.687906102568305,-0.144443639038612,0.361087707696762,-12.4474155082251,13.9653112964163,-2.1940205703738,-55.2033313383982
-0.699379850429553,-0.151636625229936,0.36018788393537,-12.43046414912,13.9388096229972,-2.15775168895234,-55.089582925288
-0.710678593618929,-0.158662123583094,0.359286285820459,-12.4140040051278,13.9118190658361,-2.11608497840083,-54.9809720140241
-0.721804798629993,-0.165520632557074,0.358391995953416,-12.3980070706406,13.8844744026844,-2.06875046125742,-54.8781718850888
-0.732761987118561,-0.172214940743792,0.357509260966408,-12.3824571296809,13.8568992671408,-2.01554116334413,-54.7818255596446
-0.743554343833721,-0.178749727521395,0.356637524192319,-12.3673500002515,13.8292013646706,-1.95633282483442,-54.6925487886769
-0.754186244734018,-0.185131006454243,0.35577175659179,-12.3526931290305,13.8014679097345,-1.89110223313834,-54.6109317077622
-0.764661722280729,-0.191365423788858,0.35490310926278,-12.3385044353311,13.7737619355867,-1.81994178589015,-54.5375389004105
-0.774983898026952,-0.197459440830764,0.354019898879418,-12.324810318041,13.7461202163583,-1.7430682904589,-54.4729080945284
-0.785154429759383,-0.203418453730034,0.353108905880319,-12.3116428063827,13.7185534648583,-1.66082507486753,-54.4175478228339
-0.795173036747841,-0.209245931327651,0.352156918625436,-12.2990359474564,13.6910492128902,-1.57367789671976,-54.3719341022397
-0.805037177067196,-0.21494267394802,0.351152404931403,-12.2870216566671,13.6635773894142,-1.48220629901689,-54.3365056778371
-0.814741951559447,-0.22050630709352,0.350087146403265,-12.2756253813756,13.6360981740475,-1.38709236853329,-54.3116569000538
-0.82428029677558,-0.225931119067049,0.348957639920601,-12.2648620197618,13.6085713091427,-1.28910801413155,-54.297727156512
-0.833643500738566,-0.231208325595523,0.34776606245166,-12.2547325823453,13.5809657610016,-1.1891001587668,-54.2949861921612
-0.842822026769706,-0.236326791363521,0.346520620247905,-12.2452220715128,13.553268457105,-1.08797144689625,-54.3036156963352
-0.851806561810619,-0.241274154464737,0.345235174219928,-12.2362989647312,13.5254908207411,-0.986653325894418,-54.3236890635319
-0.860589128062082,-0.246038194115347,0.343928156433098,-12.2279164944685,13.4976720320529,-0.886069580948884,-54.3551528289521
-0.86916403830099,-0.250608185313308,0.342620951563427,-12.2200156190742,13.4698784171231,-0.787091669729177,-54.3978142969377
-0.877528472607044,-0.25497594434497,0.34133606175134,-12.2125292299655,13.4421990716419,-0.690491352770025,-54.4513396635359
-0.885682529375721,-0.259136324698159,0.340095435812068,-12.2053868616343,13.4147385843122,-0.596899055102762,-54.5152651879329
-0.893628739663402,-0.263087069330236,0.338919281355425,-12.1985190904795,13.3876082628239,-0.506776288483746,-54.5890210764467
-0.901371176203312,-0.266828104976898,0.337825510799801,-12.1918609740965,13.3609173727048,-0.42040705742143,-54.6719647223024
-0.908914375929644,-0.270360499283683,0.336829775950604,-12.1853542189052,13.3347655753812,-0.337908080134607,-54.7634179369311
-0.916262299239111,-0.27368534313009,0.335945904167882,-12.1789481198404,13.3092371944094,-0.259253253603814,-54.8627024527493
-0.923417487065571,-0.276802773678685,0.335186502593235,-12.1725995612041,13.2843973998856,-0.184305688925499,-54.969169120397
-0.930380489899992,-0.279711261730495,0.334563531694048,-12.1662724567063,13.2602900409053,-0.112850977133041,-55.0822181444396
-0.937149569009728,-0.282407197175927,0.334088722794598,-12.1599369713119,13.2369367016071,-0.0446271869027437,-55.2013095964014
-0.94372062730958,-0.284884746397683,0.333773786356435,-12.1535687715668,13.2143365502318,0.0206507018551778,-55.3259647995476
-0.950087315025774,-0.287135930438636,0.333630407513231,-12.1471484485586,13.1924666189321,0.0832724335669982,-55.4557598695643
-0.956241263591655,-0.289150873979644,0.333670049897882,-12.1406611762489,13.1712822440646,0.143519583741073,-55.5903128691524
-0.962172419099661,-0.290918190295472,0.333903595420219,-12.1340966124433,13.1507174910816,0.20165706255579,-55.7292659572283
-0.967869465610673,-0.292425485621952,0.33434084659373,-12.1274490124299,13.1306854828873,0.257927898418594,-55.8722638478223
-0.97332034283118,-0.293659979804357,0.334989918585687,-12.1207174951461,13.111078650302,0.31255038459089,-56.0189300424254
-0.978512867652982,-0.294609242739797,0.335856557286557,-12.1139063699181,13.0917690294605,0.365716973211367,-56.1688427699058
-0.983435460950912,-0.29526203353159,0.336943440777647,-12.1070253961585,13.0726088340013,0.417594607852174,-56.3215133253516
-0.988077957421735,-0.295609199774249,0.338249552586653,-12.1000898163218,13.0534316042178,0.468326424722449,-56.476370301264
-0.992432438932695,-0.295644552295675,0.339769746152731,-12.0931199917758,13.0340542408898,0.518034856820393,-56.6327535712411
-0.996493990464399,-0.295365589597694,0.341494632968543,-12.0861405053145,13.0142801284578,0.566826093172063,-56.7899212090911
-1.00026125054632,-0.294773928157759,0.343410901736298,-12.0791786875231,12.9939033307931,0.614795577177899,-56.9470704028472
-1.0037366357559,-0.293875320847154,0.34550210331195,-12.0722626650358,12.9727135535886,0.662033864904518,-57.1033701138002
-1.00692617118854,-0.292679220725489,0.34774983114019,-12.0654191704085,12.950501321083,0.708631877925191,-57.2579998603151
-1.00983894319804,-0.291197949391913,0.350135128235987,-12.0586714332344,12.9270627306864,0.754684543157886,-57.4101871196795
-1.01248627460748,-0.289445617041099,0.352639902299646,-12.0520374503249,12.9022032772854,0.800292060963607,-57.5592364354817
-1.01488077214096,-0.287436979976679,0.355248149379372,-12.0455288210444,12.8757405211963,0.845558467101078,-57.7045461139144
-1.01703539643801,-0.285186402148128,0.357946857685763,-12.0391501878285,12.8475056809169,0.890587556675474,-57.8456120311425
-1.01896266699147,-0.282707029925462,0.360726549481557,-12.0328992033307,12.8173444467621,0.935476474136789,-57.9820210516262
-1.02067406152419,-0.28001022438837,0.363581486533829,-12.0267668885295,12.7851173864618,0.98030732663638,-58.1134380584314
-1.02217962307797,-0.277105245912313,0.366509598343436,-12.020738249087,12.7507002709239,1.02513714036842,-58.2395906582947
-1.02348775867956,-0.273999159698446,0.369512195684425,-12.0147930575684,12.7139845434017,1.06998647816812,-58.3602547672814
-1.02460520051369,-0.270696923992395,0.372593517860599,-12.0089067604782,12.6748780426446,1.11482716989009,-58.4752430668613
-1.02553709813527,-0.267201625811821,0.375760144442732,-12.0030515113531,12.6333060073845,1.15956990798627,-58.5843971136574
-1.02628721169772,-0.263514833217543,0.379020291464411,-11.997197352217,12.5892123549843,1.2040528806457,-58.6875828615348
-1.02685817685072,-0.259637033011198,0.382383013560028,-11.9913135598155,12.5425612462408,1.2480330214086,-58.7846885879023
-1.02725181036811,-0.255568117037963,0.385857347531179,-11.9853701403275,12.493339012108,1.29118165460887,-58.8756237764504
-1.02746942307426,-0.251307871869599,0.38945145438968,-11.9793394038025,12.4415565997278,1.33308612260381,-58.960317480469
-1.02751210620975,-0.246856420887586,0.393171837095238,-11.9731974922689,12.3872527485801,1.37325830908353,-59.0387151211207
-1.02738096160109,-0.242214569787219,0.397022720009366,-11.9669256934325,12.3304980757454,1.41114992274799,-59.1107734882004
-1.02707725525934,-0.237384018253203,0.401005666790839,-11.9605113638365,12.271400085927,1.44617325801346,-59.1764546667557
-1.02660248601858,-0.232367419553146,0.40511948583333,-11.9539483204817,12.210108820373,1.4777252539332,-59.2357203620132
-1.02595837183447,-0.227168290524176,0.409360432677396,-11.9472366334114,12.1468224724921,1.50521228678373,-59.2885283222187
-1.02514676360079,-0.221790791513285,0.413722676590186,-11.9403818467675,12.081791936747,1.52807331359153,-59.3348321349419
-1.02416949955629,-0.216239406858736,0.418198962111751,-11.9333937501419,12.0153230563716,1.54579959800128,-59.374584721949
-1.02302821471766,-0.210518562550069,0.422781370769061,-11.9262848954546,11.9477754046493,1.55795006362403,-59.4077447087601
-1.02172412217961,-0.204632221573922,0.427462075148223,-11.9190690932935,11.8795568100796,1.56416211325781,-59.4342838916307
-1.02025778814579,-0.198583501101505,0.43223397739182,-11.9117601208062,11.8111134544598,1.56415838456438,-59.4541935754626
-1.01862892936997,-0.192374358720647,0.437091136868742,-11.9043708328769,11.7429160850019,1.5577503341905,-59.4674877307531
-1.01683626751926,-0.186005395018286,0.442028916482888,-11.8969127986113,11.6754435016183,1.54483976767884,-59.474201627383
-1.01487747667385,-0.179475814417912,0.447043811390273,-11.8893965006807,11.6091648542815,1.52541950099449,-59.4743856123078
-1.01274925585908,-0.17278357422706,0.452132963328548,-11.8818320523684,11.5445223420487,1.4995742790887,-59.4680947330811
-1.01044754821075,-0.165925734327319,0.457293403064621,-11.8742303199729,11.4819156715562,1.46748288252192,-59.4553757598951
-1.00796791345093,-0.158898998833344,0.462521098736644,-11.8666042932624,11.4216892090079,1.42942198018149,-59.4362537327638
-1.0053060420636,-0.151700417669597,0.467809918224179,-11.8589705220177,11.3641222783254,1.38577165954363,-59.4107204673712
-1.00245837797762,-0.144328189997249,0.473150640780137,-11.8513504243646,11.3094226459726,1.33702161144956,-59.3787275369635
-0.999422790843848,-0.136782481681456,0.478530177747993,-11.8437712652071,11.2577229879307,1.28377566093383,-59.3401860980471
-0.996199209694191,-0.129066137191976,0.483931178310131,-11.8362666028638,11.2090801098641,1.22675091207479,-59.2949754151534
-0.992790102875347,-0.121185141911453,0.489332186134327,-11.8288760276986,11.1634768751214,1.16676674868858,-59.2429608310419
-0.989200679257243,-0.113148693686419,0.494708449155315,-11.821644100055,11.1208270780875,1.1047192103845,-59.1840200375905
-0.985438713256038,-0.104968796664453,0.500033347545951,-11.8146185590057,11.0809836680172,1.04153878527746,-59.1180739811724
-0.981513974042543,-0.0966594047428457,0.505280211782808,-11.8078480944261,11.0437505303539,0.978134576746939,-59.0451163410598
-0.977437353234094,-0.0882352865164422,0.510424128743921,-11.8013801596714,11.0088973581716,0.915333606959769,-58.9652345101967
-0.973219887570702,-0.0797108898023329,0.515443284608995,-11.7952593266647,10.976176205148,0.853827723254175,-58.8786164405538
-0.968871906695519,-0.0710994849872591,0.52031952731248,-11.7895264924698,10.9453376016236,0.794139536478166,-58.7855414857384
-0.964402479007363,-0.0624127538527849,0.525038095763658,-11.7842189188173,10.9161440973681,0.736613043989455,-58.6863579336765
-0.959819213785022,-0.0536608266762674,0.52958672100806,-11.779370799829,10.8883798241623,0.681427063149273,-58.5814531944735
-0.955128367538172,-0.0448526405246658,0.533954436642953,-11.7750139452374,10.8618557601947,0.628624070216918,-58.4712233868419
-0.950335141827528,-0.0359964426998249,0.538130417345829,-11.7711782452141,10.8364113142137,0.57814539687593,-58.3560476364273
-0.94544405442914,-0.0271002862390778,0.542103053876646,-11.7678917561596,10.8119133340628,0.52986537244746,-58.2362699900733
-0.940459294195983,-0.0181724206200728,0.545859348545513,-11.7651804094745,10.7882536876799,0.48362005196665,-58.1121896582976
-0.935385006775195,-0.00922153535559553,0.549384626069857,-11.7630674401469,10.765346341567,0.439229015519078,-57.9840589227505
-0.93022548774064,-0.000256850170400391,0.55266251272084,-11.7615726545159,10.7431245572502,0.39651061085575,-57.8520875025899
-0.924985276999043,0.00871193841832913,0.55567513115156,-11.7607116309409,10.7215385532652,0.355291908366687,-57.7164521832434
-0.91966915536244,0.0176748421190101,0.558403472934409,-11.7604949026912,10.700553777123,0.31541483639159,-57.5773107447394
-0.914282045031031,0.0266218900420225,0.560827931756631,-11.7609271324928,10.6801497918749,0.276739784875905,-57.4348194201983
-0.908828814565145,0.0355435596409667,0.562928997483823,-11.7620062682837,10.6603196820775,0.239147632554203,-57.2891530818263
-0.903313989474515,0.0444313273336322,0.564688117250248,-11.7637226792077,10.6410698023264,0.202540791245282,-57.1405269726625
-0.897741375129398,0.0532783277109681,0.566088717631061,-11.7660583136061,10.6224196177539,0.166843528277411,-56.9892180423694
-0.89211361178069,0.0620800886036775,0.567117346851351,-11.7689859923452,10.6044013275414,0.132001557305644,-56.8355829199281
-0.886431702299871,0.0708352752909657,0.567764838916631,-11.7724690326526,10.5870589472727,0.0979807162655229,-56.6800686222462
-0.880694577596311,0.0795463382910171,0.56802733583561,-11.7764614527003,10.570446594006,0.0647645281865793,-56.5232118761011
-0.874898782526468,0.0882199322057789,0.567906958772443,-11.7809089868359,10.5546258973473,0.0323506030786999,-56.3656241115964
-0.869038363081045,0.0968669797738581,0.56741193096236,-11.78575101095,10.539662729987,0.000746162861386816,-56.2079620519387
-0.86310500466814,0.105502309567512,0.566556046904136,-11.7909232525054,10.5256237215712,-0.0300366650629543,-56.0508877327848
-0.85708841596584,0.114143888781724,0.565357536279474,-11.7963609216875,10.5125731600548,-0.0599849226434677,-55.8950251441645
-0.850976893291866,0.12281176999429,0.563837527506222,-11.8020017611224,10.5005708065943,-0.0890874709226227,-55.7409217944397
-0.844757962039027,0.131526930911713,0.562018405525903,-11.807788541641,10.4896708792585,-0.117335764694673,-55.5890217278052
-0.838418988692873,0.140310186592513,0.559922347822891,-11.8136707090411,10.4799221264927,-0.14472275555281,-55.4396528330269
-0.831947684548492,0.149181303810661,0.557570232128325,-11.8196051184465,10.4713686572733,-0.171240292610166,-55.2930274646624
-0.825332462993921,0.158158377045169,0.55498099115688,-11.8255559810561,10.4640510939482,-0.196875562642943,-55.149252903246
-0.818562648617141,0.167257464238572,0.552171391666565,-11.8314942437492,10.4580076498417,-0.221607111296502,-55.0083474261922
-0.81162855924853,0.176492442733852,0.549156158676689,-11.8373966307138,10.4532748434743,-0.24540091031441,-54.8702583173211
-0.804521491004636,0.185875031687627,0.545948347871581,-11.8432445324507,10.4498876837126,-0.268206885076278,-54.7348792975668
-0.79723363594232,0.195414928851287,0.542559875169678,-11.8490228673977,10.4478792613158,-0.28995636309691,-54.6020660488181
-0.789757957509403,0.205120017649412,0.539002126318789,-11.8547189901926,10.4472797544529,-0.310561079224892,-54.4716494456239
-0.782088045011763,0.214996607635748,0.535286579344329,-11.8603216922042,10.4481149058311,-0.329914666468015,-54.3434467434498
-0.774217967826711,0.225049672910293,0.531425371496976,-11.8658203420787,10.4504040674724,-0.347897897350249,-54.2172713348266
-0.766142154760327,0.235283046663646,0.527431727210134,-11.8712042510313,10.4541579421882,-0.364389127776676,-54.0929418142531
-0.757855333572083,0.245699516760173,0.523320137897359,-11.8764624168783,10.4593761775069,-0.37928106707224,-53.9702909691719
-0.749352576474838,0.256300754163022,0.519106162601835,-11.8815838798234,10.4660449821804,-0.392503638764256,-53.8491748529549
-0.740629499768782,0.26708700868388,0.514805730542844,-11.8865589512961,10.4741349364106,-0.404049932169818,-53.729481226245
-0.731682645011832,0.278056546769442,0.510433912032138,-11.8913814557196,10.4835991742636,-0.41399852876308,-53.6111355165365
-0.722510014697633,0.289204895944564,0.506003301609001,-11.8960517746608,10.4943721717678,-0.422522832509483,-53.4941016197723
-0.713111658773544,0.30052407571556,0.501522375064527,-11.9005799706318,10.5063694935509,-0.429879559933335,-53.3783752735022
-0.703490152626041,0.312002064756069,0.496994305485174,-11.9049878908715,10.5194889470218,-0.436375787577747,-53.2639698838869
-0.693650822353761,0.323622707576678,0.492416622608287,-11.9093092779327,10.5336134803304,-0.442323761399967,-53.1508977398789
-0.683601664960567,0.335366105570632,0.487781792013499,-11.9135876103917,10.5486157393706,-0.447998348229493,-53.0391514951701
-0.673353023438375,0.347209364128652,0.483078462177526,-11.9178722636685,10.5643636450057,-0.45360942883643,-52.9286902609656
-0.662917141051794,0.359127482468487,0.478292969889307,-11.9222140866118,10.5807260107626,-0.459293290820939,-52.8194322404375
-0.652307714181386,0.371094197456474,0.473410744574714,-11.9266614358689,10.5975772910826,-0.465119348694414,-52.7112533581042
-0.641539517331698,0.383082674130377,0.46841740849477,-11.9312572975555,10.6148009311385,-0.471105147347274,-52.6039900386862
-0.630628125816818,0.395066013011223,0.463299518012621,-11.9360376688768,10.6322912332095,-0.477233274423854,-52.4974442013319
-0.619589730914341,0.407017590204405,0.458044979581486,-11.941031058509,10.6499539750551,-0.483466235986372,-52.3913890592491
-0.608441029531547,0.418911263070308,0.452643206865851,-11.9462588230181,10.6677061606878,-0.489757679440264,-52.2855749202844
-0.597199168590771,0.430721474538168,0.447085086103177,-11.9517360372293,10.6854752916274,-0.496059849119402,-52.1797346340849
-0.585881726871091,0.44242328348958,0.441362805471924,-11.9574726392072,10.7031984800118,-0.502327862537512,-52.0735885994074
-0.574506720266588,0.453992342584215,0.435469591650583,-11.9634746534657,10.7208216343521,-0.508521581894584,-51.966849383004
-0.563092618935127,0.465404840359473,0.429399386909533,-11.9697453569994,10.7382988634585,-0.514605787911453,-51.8592260666552
-0.551658366369931,0.47663742160374,0.423146493568384,-11.9762863028083,10.7555921763833,-0.520549207222839,-51.7504284716114
-0.540223391193085,0.48766709853469,0.416705208906449,-11.9830981528607,10.7726715083426,-0.526322783128435,-51.6401714335809
-0.528807602666122,0.498471164841532,0.410069471905869,-11.9901812980934,10.7895150720424,-0.531897444272399,-51.5281793289552
-0.517431360703079,0.509027124936079,0.403232542988394,-11.9975362592697,10.806110016577,-0.537241523335121,-51.4141910897831
-0.506115410659345,0.519312651697136,0.396186738852715,-12.005163871594,10.8224533677767,-0.542317904813219,-51.2979659915371
-0.494880772434619,0.529305587554798,0.388923246444455,-12.0130652600045,10.8385532203105,-0.547080932257167,-51.1792905489881
-0.483748572596438,0.538984005894558,0.381432042810545,-12.0212416130271,10.8544301486067,-0.551473077456667,-51.0579868991216
-0.472739807576494,0.548326352247352,0.37370195069346,-12.0296937630828,10.8701187958191,-0.555421366651395,-50.9339230630057
-0.461875026081965,0.55731168696562,0.365720862251793,-12.0384215827906,10.8856695819916,-0.558833574916732,-50.8070254237021
-0.451173920726429,0.565920051780814,0.357476163339601,-12.0474232133605,10.9011504381774,-0.561594245087294,-50.6772935818345
-0.440654824132995,0.574132979523413,0.3489553850894,-12.0566941564682,10.9166484174955,-0.563560667973015,-50.5448173907958
-0.430334115511152,0.581934156013184,0.340147093521468,-12.0662262885353,10.9322709561297,-0.564559078058374,-50.4097953754402
-0.420225561991882,0.589310221807263,0.33104199652444,-12.0760068971167,10.9481464656968,-0.564381463799146,-50.2725528989851
-0.41033964538317,0.596251666448119,0.321634197985406,-12.086017888134,10.9644238573219,-0.562783534899768,-50.1335574778239
-0.400682956372734,0.602753720854975,0.311922464895844,-12.0962353554394,10.9812705693359,-0.559484478595355,-49.9934278485825
-0.391257765709661,0.608817104563546,0.301911310017597,-12.1066297161226,10.9988687470374,-0.554169109649699,-49.8529332359393
-0.382061891231028,0.614448453198513,0.291611657076351,-12.1171665691275,11.017409442249,-0.546492833137581,-49.7129802372214
-0.373088956108044,0.619660261545895,0.281040877343079,-12.1278083185832,11.0370850503205,-0.536089520955506,-49.5745869970735
-0.364329072063273,0.624470243307599,0.270222080303151,-12.1385164368842,11.0580805984728,-0.52258206698085,-49.4388474106872
-0.35576989405429,0.628900120743175,0.259182688667165,-12.1492540812256,11.0805648078867,-0.505595191473399,-49.3068908378808
-0.347397908766801,0.632973980448937,0.247952479518046,-12.1599886863768,11.1046819589626,-0.48477011153594,-49.1798439861728
-0.339199768868033,0.636716420751671,0.23656137342685,-12.1706941711813,11.1305454723325,-0.459780925676989,-49.0588006447796
-0.331163483174476,0.640150743679943,0.225037273849611,-12.1813524983836,11.1582338554772,-0.430352774609907,-48.9448022986012
-0.323279311746836,0.643297413595055,0.213404212992504,-12.191954459863,11.1877893699368,-0.39628180711861,-48.838829513825
-0.315540272316363,0.646172942257601,0.20168098609688,-12.2024996654616,11.2192195148177,-0.357456582978134,-48.7418015083606
-0.307942219496885,0.64878929608779,0.189880389359273,-12.212995768308,11.2525011880075,-0.313879850899064,-48.6545800412332
-0.300483501636889,0.651153871374456,0.178009131110808,-12.2234569744548,11.287587120964,-0.26568886113536,-48.5779735821207
-0.293164234713439,0.653270045092095,0.166068451977971,-12.2339018922185,11.3244138470979,-0.213171760206427,-48.5127382563495
-0.285985267125117,0.655138269469634,0.154055446073617,-12.2443508093942,11.3629100851851,-0.156777330722034,-48.4595729498123
-0.278946950558164,0.656757623407968,0.141965002568523,-12.2548225618798,11.4030041044777,-0.0971153799464481,-48.4191070756629
-0.272047879110026,0.658127658122209,0.129792180339496,-12.2653312689775,11.4446285457941,-0.0349453309400176,-48.3918809248928
-0.265283798763806,0.65925028904009,0.117534705523351,-12.2758833263982,11.4877214561928,0.0288489985691034,-48.3783203479139
-0.258646898765609,0.660131420950559,0.105195185396823,-12.2864751133222,11.5322230261073,0.0932995514297584,-48.3787096250553
-0.252125650164134,0.660781990985791,0.092782619856542,-12.2970918247134,11.5780686109441,0.157408334941208,-48.3931682431664
-0.245705244613767,0.661218208472551,0.0803129089729149,-12.3077076516912,11.6251797876776,0.220211846523191,-48.4216379918607
-0.239368531692295,0.661460958105025,0.0678082945424745,-12.3182872343909,11.6734560083001,0.280847665300029,-48.4638854762295
-0.233097213344661,0.661534553428508,0.0552959543576959,-12.3287880129666,11.7227694737237,0.33861244106821,-48.5195217128391
-0.226872994132164,0.66146518679427,0.042806166216009,-12.3391629396818,11.7729650540168,0.393000814341844,-48.588035992284
-0.220678433343133,0.661279448657144,0.0303704854229729,-12.3493630618969,11.8238657069694,0.443718814327373,-48.6688374731209
-0.214497369405146,0.661003184826824,0.0180202426389231,-12.359339698138,11.8752824276113,0.490671469014834,-48.7612965125221
-0.208314923472218,0.660660793333035,0.00578546102257221,-12.3690461811836,11.9270267761513,0.533930030633555,-48.864778792103
-0.202117183361332,0.660274914694738,-0.00630588246870532,-12.3784393168998,11.9789236951768,0.573687304504067,-48.9786678717012
-0.195890705082849,0.659866386157347,-0.0182284135307803,-12.3874807635309,12.0308225771787,0.610209640743197,-49.1023744588296
-0.189621963356529,0.659454310933764,-0.0299599032348229,-12.3961385023558,12.0826051631124,0.643792119348203,-49.2353323994613
-0.183296861325835,0.659056111453068,-0.041481928978697,-12.4043885015976,12.1341895958337,0.674720668591246,-49.3769819722082
-0.176900392676564,0.658687465063662,-0.0527807387251175,-12.4122166093346,12.1855306254477,0.703242363886937,-49.526741002277
-0.170416543012625,0.658362049066299,-0.0638483584588298,-12.4196206522799,12.236616466265,0.729543516741979,-49.6839644955229
-0.163828515747387,0.658091051931928,-0.074683930691495,-12.4266126408357,12.2874631374299,0.753734521202544,-49.8478949197581
-0.157119354221838,0.657882452198871,-0.0852951920523493,-12.4332208512229,12.3381073533069,0.775840644400713,-50.0176087054927
-0.150272981681681,0.657740140817188,-0.0956998741932041,-12.4394913587431,12.3885992356373,0.795798683530698,-50.1919699478221
-0.143275573205537,0.657663067825588,-0.105926658748258,-12.4454883851228,12.4389962618286,0.813460097752809,-50.3696077818318
-0.136117017829167,0.657644696651977,-0.116015206906424,-12.4512927491239,12.4893597349356,0.828601147940694,-50.5489351502326
-0.128792092453367,0.657673074239907,-0.126014841789048,-12.4569979733031,12.5397543865198,0.840939270797836,-50.7282186456203
-0.121300963262019,0.657731698455261,-0.13598177582587,-12.462704266871,12.5902504992835,0.850152788112609,-50.905691164631
-0.113648821854817,0.657801098032239,-0.145975265012994,-12.4685114143319,12.6409267137615,0.855899563764142,-51.0796795456751
-0.105844776031341,0.657860772467369,-0.156053469371624,-12.4745120510919,12.6918712928519,0.857830832459931,-51.2487114721462
-0.0979003610621579,0.657891037818258,-0.166269849494414,-12.4807865812713,12.7431803856516,0.85559909421401,-51.4115759756494
-0.0898280792080119,0.657874436035006,-0.176670625733869,-12.4874002670151,12.7949532023553,0.848862038510703,-51.5673324371874
-0.0816402374170107,0.657796586202667,-0.187293397830899,-12.4944022786893,12.8472851056107,0.837286200016445,-51.7152805269108
-0.073348162707964,0.65764654537893,-0.198166707856167,-12.5018260970465,12.9002600093204,0.820553952222488,-51.8549104028136
-0.064961737384812,0.657416835675195,-0.209310214966629,-12.5096906345346,12.9539433068696,0.798376076613897,-51.9858501022511
-0.0564891421549158,0.657103294135412,-0.220735188791389,-12.5180016315783,13.008376186118,0.770510254267701,-52.1078207742949
-0.0479367035787413,0.65670485544101,-0.232445133332937,-12.526753117878,13.0635718622507,0.736783891003564,-52.220604412128
-0.0393087810078199,0.656223320000827,-0.24443646314043,-12.5359289170578,13.1195140196679,0.697118004286246,-52.3240246381409
-0.0306076734658776,0.655663110574303,-0.256699238904137,-12.5455042867814,13.1761575520733,0.651547825423265,-52.4179387532249
-0.0218335645193921,0.655030987627025,-0.269218019759337,-12.5554478244781,13.2334314756577,0.600235746654401,-52.5022380623099
-0.012984544558903,0.654335681214863,-0.281972900485227,-12.565723737172,13.2912436578345,0.543473553810027,-52.5768529612366
-0.00405675102903145,0.653587406315918,-0.294940774501646,-12.5762944855674,13.3494867914168,0.481673323281812,-52.6417592538713
0.00495535018529749,0.65279725493433,-0.308096808148115,-12.587123694304,13.4080449066167,0.4153491231565,-52.6969826786784
0.0140585465726709,0.651976491658102,-0.32141604842829,-12.5981791121044,13.4667996910428,0.34509366756143,-52.7425996409513
0.0232603545986847,0.651135806680839,-0.334875039108531,-12.6094353466668,13.525635986768,0.271554572817349,-52.7787334783881
0.0325684353220097,0.650284592218835,-0.348453304932186,-12.6208761088124,13.5844460242458,0.195413824086143,-52.8055468932926
0.0419899985951632,0.649430303410276,-0.362134581576103,-12.6324957685702,13.6431321841079,0.117372108831394,-52.8232321249377
0.0515312373436092,0.648577949079519,-0.375907707253373,-12.6443001217293,13.7016082940373,0.0381376563840454,-52.8320008216022
0.0611968235577799,0.647729739549796,-0.389767133770284,-12.6563063562923,13.7597996244738,-0.0415822180334807,-52.8320754124054
0.0709894900944608,0.646884903825924,-0.403713048634268,-12.6685422753782,13.8176418207202,-0.121089263236553,-52.8236832218957
0.0809097184236942,0.64603967809711,-0.417751122685759,-12.6810448751633,13.8750790019423,-0.199704317251137,-52.8070538066046
0.0909555498183377,0.645187459135354,-0.431891913923792,-12.6938584030389,13.9320611944382,-0.276780541030039,-52.7824191945856
0.101122532455008,0.644319106414575,-0.446149974048867,-12.7070320426439,13.9885411884537,-0.351719961284052,-52.7500160177012
0.111403806827551,0.643423364132346,-0.460542723401835,-12.7206173922286,14.0444708614676,-0.423992096705524,-52.7100880662617
0.121790317048758,0.642487360548428,-0.475089180808758,-12.7346659157708,14.0997970338065,-0.493152353211773,-52.6628876744964
0.132271119637196,0.641497131712578,-0.489808650967651,-12.7492265427272,14.1544570263513,-0.558857341077017,-52.6086746235784
0.142833749756381,0.640438114825294,-0.504719475587858,-12.7643435653283,14.2083742494826,-0.620874485771018,-52.5477118899448
0.153464602298328,0.639295565902843,-0.519837940662331,-12.7800549337542,14.2614543084022,-0.679084240557362,-52.4802584108478
0.164149293070877,0.638054875658156,-0.535177402329378,-12.7963909908831,14.3135821926754,-0.733474576840952,-52.4065598390659
0.174872980919173,0.636701781290594,-0.550747655218992,-12.8133736358225,14.3646210781945,-0.784128797294779,-52.3268387741834
0.185620649414711,0.63522249345971,-0.566554530343353,-12.831015872382,14.4144131024473,-0.831208694770674,-52.241286060015
0.196377361213792,0.633603771763468,-0.58259968327825,-12.849321689561,14.4627822179823,-0.874935465916502,-52.1500544595678
0.207128505906557,0.631832986399051,-0.598880521605362,-12.868286230815,14.5095389475889,-0.91557061253754,-52.0532555234633
0.217860062655147,0.62989819944433,-0.615390221972615,-12.8878962257195,14.5544866197826,-0.953398516104378,-51.950959962122
0.228558893911479,0.627788289497969,-0.632117796605727,-12.9081306687192,14.5974284977689,-0.988711684894123,-51.8432014818286
0.239213078680477,0.625493131925378,-0.649048180571955,-12.928961725115,14.638175149517,-1.02179903486568,-51.7299839289706
0.249812285516377,0.623003836695915,-0.66616231990504,-12.9503558206222,14.6765514426549,-1.05293707693604,-51.6112916971872
0.260348178037297,0.620313038447738,-0.683437245258922,-12.9722748313815,14.7124026740179,-1.08238357346719,-51.4871036165134
0.270814839265901,0.617415229002975,-0.700846118197383,-12.9946772469117,14.7455995373714,-1.11037307974469,-51.3574108444476
0.28120919441887,0.614307119315582,-0.718358243179793,-13.0175191454296,14.7760418606488,-1.13711377104703,-51.2222394539715
0.291531402961323,0.610988012323357,-0.735939055742089,-13.0407548189475,14.8036612606616,-1.16278504620269,-51.0816782393249
0.301785177984435,0.607460155920975,-0.753550133965868,-13.064336934895,14.8284230112325,-1.18753558078239,-50.9359114449563
0.311977974131145,0.603729022638364,-0.771149338224693,-13.0882162371228,14.8503274340664,-1.21148177132391,-50.78525436756
0.322120968431059,0.59980343064591,-0.788691251516843,-13.1123409705842,14.8694109410085,-1.23470684560862,-50.6301869947409
0.332228752046748,0.595695390613143,-0.80612813449698,-13.1366564216306,14.8857464684469,-1.25726124005119,-50.4713775570968
0.342318671216016,0.591419559301631,-0.823411568814213,-13.161105104086,14.8994425484599,-1.27916500870524,-50.3096856573866
0.352409815906044,0.586992234033427,-0.840494789635326,-13.1856280542149,14.9106399164006,-1.30041282664038,-50.1461359388406
0.362521749383294,0.58242994403894,-0.857335419268322,-13.210167337353,14.9195047090039,-1.32098148202856,-49.9818598629691
0.372673165469626,0.577747848785887,-0.87389803478443,-13.2346693046465,14.9262181390249,-1.34083881116519,-49.8180138298678
0.382880700244296,0.572958257554674,-0.890155920423647,-13.2590876669065,14.9309637663771,-1.35995232066478,-49.6556914345689
0.393158080751129,0.568069566157612,-0.906091568548174,-13.283385389782,14.9339144456723,-1.37829573692234,-49.4958501493248
0.403515685732684,0.563085768502904,-0.921695900359515,-13.3075348181524,14.9352211376311,-1.39585245011706,-49.339266463785
0.413960480216084,0.55800652277149,-0.93696655070903,-13.3315160487466,14.9350050260567,-1.4126158159272,-49.1865226586171
0.424496216311934,0.552827624464591,-0.951905728578153,-13.3553140468657,14.9333533017912,-1.42858699911629,-49.0380191285867
0.435123778933873,0.547541698990396,-0.966518115514889,-13.3789151793096,14.9303181232898,-1.44377125773481,-48.8940020026947
0.445841579085216,0.542138955563427,-0.980809099306688,-13.4023037620826,14.9259178863123,-1.45817338814977,-48.7545963410895
0.456645933693416,0.536607901420949,-0.994783467310034,-13.4254590410974,14.920139962029,-1.47179272520496,-48.6198380926931
0.46753140303545,0.530935969555066,-1.00844456044516,-13.4483528506041,14.9129442975754,-1.48461781279299,-48.4897011682948
0.478491078752012,0.525110051246731,-1.02179382334744,-13.4709480732122,14.9042675488889,-1.49662072104705,-48.3641183749258
0.489516828034908,0.519116946304295,-1.03483066301301,-13.4931979533418,14.8940276427102,-1.50775101102267,-48.2429963897646
0.500599505612461,0.512943753586796,-1.04755252814901,-13.5150462695738,14.8821288125486,-1.51792952998497,-48.1262256515211
0.511729147006587,0.506578226553102,-1.05995513015273,-13.5364283286451,14.8684672192108,-1.52704253736197,-48.0136863132138
0.522895155212454,0.500009115568091,-1.07203273680048,-13.5572726930883,14.852937252683,-1.53493706007536,-47.9052514565232
0.53408648829961,0.493226510755548,-1.08377847959759,-13.5775034965724,14.8354385197923,-1.54141874840728,-47.8007887266364
0.545291846983587,0.486222185636406,-1.09518462752642,-13.5970431472189,14.815883356639,-1.54625367611882,-47.7001614200587
0.556499849585535,0.478989923086682,-1.10624279749915,-13.6158151862149,14.7942044899012,-1.549175296554,-47.6032297970857
0.567699170062649,0.471525785077605,-1.11694409749402,-13.63374707089,14.7703622603256,-1.54989699428927,-47.5098529484659
0.578878608664672,0.46382827406925,-1.12727922932309,-13.6507726909401,14.7443506942554,-1.54812942996094,-47.4198909546004
0.590027070384518,0.455898336216937,-1.13723860475336,-13.6668344911467,14.7162017397388,-1.54360052014022,-47.3332064952067
0.60113344606174,0.447739179973563,-1.14681253830584,-13.6818851401423,14.6859871968489,-1.53607497441856,-47.2496647470389
0.612186419849471,0.43935592388103,-1.15599156377742,-13.6958887303687,14.6538182110789,-1.52537029483567,-47.1691305521684
0.623174253436491,0.430755130153038,-1.16476688229447,-13.7088215117193,14.6198425461025,-1.51136710875453,-47.0914624606159
0.634084609953913,0.421944308815573,-1.17313090259614,-13.7206721608499,14.5842400920815,-1.49401325997759,-47.0165041234491
0.644904473201996,0.412931479933006,-1.18107779866943,-13.7314415890781,14.5472171483759,-1.47332257446708,-46.9440742895935
0.655620194177383,0.403724859820573,-1.18860399897718,-13.741142308125,14.5089999766646,-1.44937011320508,-46.8739570653869
0.666217666598284,0.394332701653071,-1.19570853654235,-13.7497974052122,14.4698280265943,-1.42228585654539,-46.8058940496395
0.67668260643488,0.384763284637975,-1.20239322126884,-13.7574392164898,14.4299471535592,-1.39224831276154,-46.7395795638394
0.687000893641835,0.375025018480085,-1.2086626325612,-13.7641078167776,14.3896030978715,-1.35947884415903,-46.6746596467844
0.697158928627036,0.365126614943518,-1.21452396104323,-13.7698494546293,14.3490354619799,-1.3242368485186,-46.6107349450083
0.707143959194876,0.355077274946621,-1.21998674711536,-13.7747150521056,14.3084723831071,-1.2868154759397,-46.5473672021351
0.716944342152511,0.344886844572639,-1.22506256990326,-13.7787588614294,14.2681260396783,-1.24753733057017,-46.4840887563202
0.726549714210863,0.334565903187142,-1.22976473464802,-13.7820373323141,14.2281890562708,-1.20674956624481,-46.4204142735856
0.735951057195286,0.324125758912702,-1.2341079932301,-13.7846082017825,14.1888318006057,-1.16481788398715,-46.3558538384304
0.745140652135315,0.313578339470576,-1.23810831530024,-13.7865297801042,14.1502005153154,-1.12211913763753,-46.2899264611153
0.75411192564796,0.302935979043915,-1.24178271024143,-13.7878603782907,14.1124162064133,-1.07903252149382,-46.2221730334854
0.762859200521469,0.292211113731009,-1.2451490861232,-13.7886578087068,14.075574216885,-1.03592961775803,-46.1521677852313
0.771377370522165,0.281415908474379,-1.24822612319502,-13.7889788924101,14.0397444345624,-0.993163874709082,-46.0795273878769
0.779661526435175,0.270561845834092,-1.25103313730702,-13.7888789231225,14.0049721012434,-0.951060308211395,-46.0039170500541
0.787706564865154,0.259659310321268,-1.2535899124931,-13.7884110632972,13.9712791911108,-0.909906309859363,-45.9250532488565
0.795506811999043,0.248717200458297,-1.25591648998318,-13.7876256753369,13.9386663063247,-0.8699443691768,-45.8427031193506
0.803055690730578,0.2377425946132,-1.25803291039572,-13.7865696131458,13.9071150023875,-0.831367282033922,-45.756680919176
0.810345451864926,0.226740487527639,-1.25995891395535,-13.7852855103859,13.8765904189663,-0.794316075507614,-45.6668423284318
0.817366980380123,0.215713604718832,-1.26171360815884,-13.7838111002069,13.8470440677743,-0.758880512175815,-45.5730775823371
0.82410967840769,0.204662294070729,-1.26331511249639,-13.782178588749,13.8184166273021,-0.725101725804918,-45.4753045450683
0.830561420116719,0.193584489802807,-1.264780186051,-13.7804140859729,13.7906406162193,-0.692976341144058,-45.373462835062
0.836708571774719,0.182475744488749,-1.26612383743122,-13.7785370778712,13.7636428577262,-0.662461360624509,-45.2675100477815
0.842536073761955,0.171329329811052,-1.26735890943519,-13.7765599089109,13.7373466968065,-0.633479144101299,-45.1574210380766
0.848027590281255,0.160136415480977,-1.26849562521541,-13.7744872368053,13.7116739815514,-0.605921929783963,-45.0431911476714
0.853165746298291,0.148886346834688,-1.26954108089923,-13.7723154270361,13.6865468601268,-0.579655509151339,-44.9248441800746
0.857932488321344,0.137567052805376,-1.27049867457186,-13.7700318759175,13.6618894692583,-0.554521850666282,-44.8024457628203
0.862309622671485,0.126165623486835,-1.27136747701658,-13.7676142930101,13.6376295905473,-0.530340656501617,-44.676122352115
0.866279595291291,0.11466909408708,-1.27214157975275,-13.7650300400813,13.6137003180767,-0.50691003481372,-44.546085320897
0.869826569460849,0.103065450752672,-1.27280950299435,-13.7622357125371,13.5900417052511,-0.484006678609026,-44.4126581196648
0.872937816357072,0.0913448241974341,-1.27335380565263,-13.7591772434175,13.5666022394583,-0.461386142598229,-44.2763023686999
0.875605344725691,0.0795007568729349,-1.27375109307316,-13.7557908679715,13.543339852572,-0.438783943064439,-44.1376363472598
0.877827564085569,0.0675313350804875,-1.27397262983538,-13.7520052427386,13.5202220757188,-0.415918171001647,-43.9974378371479
0.879610641544242,0.0554399130208502,-1.27398569147979,-13.7477448066803,13.4972249830745,-0.392494005571214,-43.8566243741822
0.880969155035215,0.0432351809502418,-1.27375561283478,-13.7429341109237,13.4743308140563,-0.3682099462225,-43.7162089083208
0.881925743857447,0.0309304767174997,-1.2732482588945,-13.7375024566504,13.4515245757777,-0.342764945094807,-43.5772368046275
0.882509714619736,0.0185424663612547,-1.27243246914434,-13.7313879796155,13.4287903177148,-0.315865258973977,-43.4407174302289
0.882754868775215,0.0060895127402248,-1.271282015732,-13.7245404514624,13.4061079033551,-0.287230006420698,-43.3075659300124
0.882697018353635,-0.00640989268568797,-1.26977678302929,-13.7169224768277,13.3834508906842,-0.256595048673675,-43.1785666345337
0.882371660125747,-0.0189383546009986,-1.26790312336366,-13.7085092248589,13.360785712718,-0.223715565085765,-43.0543614968423
0.881812122971341,-0.0314803436491509,-1.26565354316314,-13.6992871257074,13.3380719620676,-0.188368203906523,-42.9354595207027
0.881048300245657,-0.0440225475603241,-1.26302595769813,-13.6892520169927,13.3152633879792,-0.150353811081059,-42.822259262892
0.880105923208284,-0.056553916432962,-1.26002273348756,-13.6784071125774,13.2923092166001,-0.109501544829805,-42.7150762964998
0.879006257130598,-0.0690655238727211,-1.25664966778709,-13.6667610005555,13.2691555197896,-0.0656748212051585,-42.6141694533604
0.877766094492831,-0.0815503358615366,-1.2529149823988,-13.6543257415089,13.245746494192,-0.0187791174800752,-42.5197620886748
0.876397948920278,-0.0940029389902468,-1.24882835958884,-13.6411150641113,13.2220256177377,0.0312287645033822,-42.4320566113225
0.874910392564321,-0.106419246178336,-1.24440002676681,-13.6271426411283,13.197936708952,0.0843307850908854,-42.3512418749691
0.873308512092019,-0.118796178223672,-1.2396398988344,-13.6124204579023,13.1734249291689,0.140438284260349,-42.2774938728762
0.871594476360662,-0.131131314452041,-1.23455680378035,-13.5969573364306,13.1484377500396,0.199384577302206,-42.2109707539492
0.869768209850109,-0.14342251315515,-1.22915783793507,-13.5807577291825,13.122925872172,0.260921049351369,-42.151803640012
0.86782815183052,-0.155667517968131,-1.22344791189464,-13.5638209267171,13.0968440411443,0.324718060418288,-42.1000851126256
0.865772057910859,-0.167863583450331,-1.21742954750982,-13.5461408151699,13.0701516819246,0.390371443602187,-42.055857480151
0.863597777379839,-0.180007164562291,-1.21110296570483,-13.5277062673072,13.0428132770709,0.457414586541864,-42.0191029109181
0.861303927101304,-0.192093714472306,-1.20446646632707,-13.5085021627753,13.0147984542203,0.525335192024763,-41.9897371427114
0.858890388287458,-0.204117621226435,-1.1975170542903,-13.4885109326969,12.9860818162835,0.593595045427269,-41.9676077815519
0.856358577252791,-0.216072289778993,-1.1902512249387,-13.4677144406855,12.9566426220441,0.661650683321174,-41.9524973437132
0.853711478687417,-0.227950349392939,-1.18266579846263,-13.4460959706275,12.9264644793545,0.728972863825957,-41.9441304057733
0.850953468834925,-0.239743945830945,-1.1747586942342,-13.423642099547,12.8955352286598,0.795063145607223,-41.942183709064
0.848089985402132,-0.251445068399558,-1.16652955839334,-13.4003442826465,12.8638471669561,0.859466533084894,-41.946297903093
0.845127114957008,-0.263045864376754,-1.15798019292644,-13.3762000475872,12.8313977018613,0.921779843448242,-41.9560897611238
0.842071166885187,-0.274538904344664,-1.14911477121414,-13.3512137655072,12.7981904502723,0.981656035046959,-41.9711640286271
0.838928289983123,-0.28591737656953,-1.13993985533078,-13.3253970225664,12.7642367235569,1.03880512276581,-41.9911244267746
0.835704169360313,-0.297175202529004,-1.13046425016822,-13.2987686517635,12.7295572831488,1.0929924870919,-42.015583624146
0.832403822628821,-0.308307076430572,-1.12069873844907,-13.2713545010119,12.6941842119686,1.14403540199795,-42.0441721655106
0.829031498617541,-0.319308438324494,-1.11065574095497,-13.2431870142893,12.6581627286313,1.19179852145769,-42.0765464117066
0.825590670406375,-0.330175393642059,-1.10034894075887,-13.2143046933674,12.6215527708107,1.23618892809142,-42.1123955315766
0.82208410732427,-0.340904592689937,-1.08979290170964,-13.1847514928399,12.5844301884294,1.27715119678154,-42.1514475349047
0.8185140069744,-0.351493082864236,-1.07900270206334,-13.1545761844563,12.5468874134157,1.31466278178833,-42.1934742774729
0.814882167392001,-0.361938144962005,-1.06799359546465,-13.1238317105632,12.5090335074827,1.34872990727472,-42.2382953275566
0.811190180217354,-0.372237123515378,-1.05678070430515,-13.0925745323177,12.4709935295958,1.37938403138189,-42.2857805679256
0.807439627572564,-0.382387259830863,-1.04537874517802,-13.0608639672309,12.4329072074084,1.40667886382982,-42.3358514205377
0.80363226766364,-0.392385535452295,-1.03380178272249,-13.0287615030308,12.3949269391314,1.43068784670263,-42.3884806188576
0.799770196665168,-0.402228533022821,-1.02206300639915,-12.9963300710292,12.3572151916303,1.45150195798641,-42.4436905084226
0.795855976989557,-0.411912320883959,-1.01017452434067,-12.9636332621461,12.3199413951368,1.46922766786394,-42.5015499219493
0.791892724488669,-0.421432367100282,-0.998147169032996,-12.9307344723072,12.2832784633936,1.48398486854228,-42.5621697426158
0.787884149422306,-0.430783487849956,-0.985990310873795,-12.8976959707273,12.2473990892039,1.49590460832937,-42.6256973296736
0.783834548117309,-0.439959834236926,-0.973711677360307,-12.864577894039,12.2124719782719,1.50512648726993,-42.6923100256444
0.779748744096455,-0.448954920577825,-0.961317177578659,-12.8314371804881,12.1786581879332,1.51179561081199,-42.7622079853686
0.775631979037842,-0.457761696169685,-0.948810733686252,-12.7983264704193,12.1461077310129,1.51605904411469,-42.8356065557011
