-95.9811770487806
-95.9811768094154
-95.9810666563493
-95.9810666571394
-95.9810666569237
-95.9810666572937
-95.9810666576209
-95.9810666587076
-95.9810666596381
-95.9810666605874
-95.9810666611459
-95.9810666522858
-95.9810666506228
-95.9810666512638
-95.9810666523344
-95.9810666527007
-95.9810666534309
-95.9810666529166
-95.9810666525314
-95.9810666508939
-95.981066649076
-95.9810666460111
-95.9810666416732
-95.9810666341912
-95.9810666334851
-95.9810666330142
-95.9810666327311
-95.9810666324976
-95.9810666322524
-95.9810666318992
-95.981066631411
-95.9810666310872
-95.9810666307113
-95.9810666305029
-95.9810666303539
-95.981066630181
-95.9810666301404
-95.9810666298753
-95.9810666302285
-95.9810666308869
-95.9810666314645
-95.9810666320513
-95.9810666324679
-95.9810666326356
-95.981066633554
-95.9810666341106
-95.9810666350454
-95.9810666357247
-95.9810666369023
-95.9810666359994
-95.9810666269129
-95.9810666209938
-95.9810666142974
-95.9810666146501
-95.9810666145002
-95.9810666138243
-95.981066612952
-95.9810666125407
-95.9810666124186
-95.9810666122978
-95.9810666124284
-95.9810666120757
-95.9810666115785
-95.9810666114303
-95.9810666115931
-95.9810666118748
-95.9810666119975
-95.9810666118746
-95.9810666118075
-95.9810666117373
-95.9810666110864
-95.9810666111906
-95.981066610858
-95.9810666110759
-95.9810666112992
-95.9810666117641
-95.981066611741
-95.9810666106736
-95.9810666091599
-95.9810666066557
-95.9810666068082
-95.9810666072339
-95.9810666074059
-95.9810666078178
-95.981066608355
-95.9810666081353
-95.9810666082974
-95.9810666081605
-95.9810666085013
-95.9810666081254
-95.9810666078486
-95.9810666066311
-95.9810666067588
-95.9810666071346
-95.98106660686
-95.9810666000769
-95.9810665931241
-95.9810665925687
-95.9810665920701
-95.9810665911788
-95.9810665911152
-95.9810665908291
-95.9810665898874
-95.981066589724
-95.9810665899741
-95.9810665892307
-95.9810665891687
-95.9810665888822
-95.9810665893486
-95.9810665899292
-95.9810665894158
-95.9810665830001
-95.9810665793013
-95.9810665798829
-95.9810665798554
-95.9810665805116
-95.9810665814184
-95.9810665818602
-95.9810665826038
-95.9810665827224
-95.9810665827907
-95.9810665832368
-95.9810665830577
-95.9810665833649
-95.9810665841112
-95.9810665845057
-95.9810665844362
-95.981066583966
-95.981066584803
-95.9810665822887
-95.9810665816808
-95.9810665808459
-95.9810665797107
-95.9810665789663
-95.9810665785282
-95.9810665776386
-95.9810665769651
-95.9810665765382
-95.9810665754937
-95.981066575053
-95.981066574196
-95.9810665739851
-95.9810665735367
-95.98106657359
-95.9810665738053
-95.9810665741083
-95.9810665747739
-95.9810665752573
-95.9810665759245
-95.9810665769194
-95.9810665773526
-95.9810665780098
-95.9810665791745
-95.98106657949
-95.9810665760251
-95.9810665749141
-95.9810665755855
-95.9810665763081
-95.9810665758907
-95.9810665753482
-95.9810665734101
-95.9810665704408
-95.9810665652935
-95.9810665582305
-95.9810665493457
-95.9810665483225
-95.9810665478531
-95.9810665470741
-95.9810665459793
-95.9810665454338
-95.9810665450647
-95.9810665448771
-95.9810665446584
-95.981066544337
-95.9810665448797
-95.9810665444081
-95.9810665442626
-95.9810665444152
-95.9810665442157
-95.9810665442789
-95.9810665440816
-95.9810665446487
-95.9810665446452
-95.9810665444275
-95.9810665450587
-95.9810665449902
-95.9810665460008
-95.9810665461916
-95.9810665465744
-95.9810665470815
-95.9810665478663
-95.9810665480017
-95.9810665481592
-95.9810665486385
-95.9810665465898
-95.9810665460772
-95.9810665450995
-95.9810665443261
-95.9810665431781
-95.9810665436439
-95.9810665428478
-95.981066542247
-95.9810665416929
-95.9810665408012
-95.9810665407994
-95.9810665402064
-95.9810665395137
-95.9810665388814
-95.9810665389019
-95.9810665389565
-95.9810665388534
-95.9810665387014
-95.9810665382086
-95.9810665381026
-95.9810665385768
-95.981066539452
-95.9810665394654
-95.9810665402759
-95.9810665412387
-95.9810665418485
-95.9810665423995
-95.9810665424974
-95.9810665430814
-95.981066543585
-95.9810665439544
-95.9810665442851
-95.9810665447095
-95.9810665444031
-95.981066544701
-95.9810665442492
-95.9810665449155
-95.9810665461355
-95.981066546606
-95.9810665462855
-95.981066546801
-95.9810665468749
-95.9810665466699
-95.9810665463208
-95.9810665460141
-95.9810665453362
-95.9810665443059
-95.9810665441018
-95.981066543433
-95.9810665431949
-95.9810665421184
-95.9810665418583
-95.9810665412514
-95.9810665404249
-95.9810665405899
-95.9810665400139
-95.981066540408
-95.9810665405114
-95.981066540821
-95.9810665406631
-95.9810665411118
-95.9810665410367
-95.9810665412558
-95.9810665418739
-95.9810665420594
-95.9810665424857
-95.9810665428996
-95.9810665434937
-95.981066543607
-95.9810665443164
-95.9810665452877
-95.9810665461627
-95.9810665457887
-95.981066546074
-95.9810665459709
-95.981066545783
-95.9810665453412
-95.9810665454597
-95.9810665452872
-95.9810665450536
-95.9810665448008
-95.9810665450164
-95.9810665441317
-95.9810665438041
-95.9810665431426
-95.9810665420694
-95.9810665412048
-95.9810665403779
-95.9810665391181
-95.9810665377468
-95.9810665370611
-95.9810665365482
-95.9810665359387
-95.9810665358865
-95.9810665357262
-95.9810665352252
-95.9810665344723
-95.9810665342914
-95.981066534073
-95.9810665349768
-95.9810665353092
-95.9810665356291
-95.9810665366724
-95.9810665367556
-95.9810665280445
-95.9810665257208
-95.9810665237312
-95.9810665192845
-95.9810665197934
-95.9810665193931
-95.9810665193476
-95.9810665195007
-95.9810665194727
-95.9810665194584
-95.9810665187721
-95.9810665185281
-95.9810665182059
-95.9810665175734
-95.9810665170183
-95.9810665167312
-95.9810665161147
-95.9810665164599
-95.9810665164575
-95.9810665169914
-95.9810665095811
-95.9810665092916
-95.9810665101876
-95.9810665104451
-95.9810665111
-95.9810665112928
-95.9810665113263
-95.9810665109837
-95.981066510768
-95.9810665114505
-95.9810665121001
-95.9810665123446
-95.9810665126277
-95.9810665132993
-95.9810665139378
-95.9810665140292
-95.9810665141041
-95.9810665139514
-95.9810665138187
-95.9810665132965
-95.9810665134224
-95.9810665127724
-95.9810665121574
-95.9810665113523
-95.9810665119876
-95.9810665120537
-95.9810665116082
-95.9810665112576
-95.9810665105003
-95.9810665101378
-95.9810665094855
-95.9810665090465
-95.9810665083474
-95.9810665080834
-95.9810665075103
-95.9810665072285
-95.9810665074073
-95.9810665069945
-95.981066507222
-95.9810665075934
-95.9810665080827
-95.9810665088006
-95.9810665085143
-95.9810665082707
-95.9810665087378
-95.9810665085829
-95.9810665086274
-95.9810665087114
-95.9810665085109
-95.9810665091558
-95.9810665096279
-95.9810665100012
-95.9810665094198
-95.9810665093444
-95.9810665098365
-95.9810665092472
-95.9810665088629
-95.9810665085346
-95.9810665080525
-95.9810665077643
-95.9810665075447
-95.9810665080804
-95.9810665087606
-95.9810665081283
-95.9810665076119
-95.9810665070121
-95.9810665070871
-95.9810665070648
-95.9810665069562
-95.9810665064451
-95.9810665048406
-95.9810665044743
-95.9810665039509
-95.9810665035149
-95.9810665033624
-95.9810665022867
-95.9810665024487
-95.9810665024563
-95.9810665026149
-95.9810665030674
-95.9810665027235
-95.9810665028579
-95.981066503561
-95.9810665033885
-95.9810665046237
-95.9810665051781
-95.9810665058404
-95.9810665064043
-95.9810665068948
-95.9810665072806
-95.9810665084352
-95.981066508626
-95.981066508667
-95.981066507697
-95.9810665080988
-95.9810665075604
-95.9810665060424
-95.9810665050572
-95.9810665047408
-95.9810665035594
-95.9810665030744
-95.9810665021163
-95.9810665013039
-95.9810665007075
-95.9810665000351
-95.9810664994052
-95.9810664989437
-95.9810664985722
-95.9810664982109
-95.9810664982543
-95.9810664981608
-95.9810664982438
-95.9810664984862
-95.9810664989994
-95.9810664995357
-95.98106649995
-95.9810665000942
-95.9810665003797
-95.98106650064
-95.981066501549
-95.9810665022658
-95.9810665034784
-95.9810665039761
-95.9810665040831
-95.9810665047662
-95.9810665060025
-95.9810665064499
-95.9810665065727
-95.9810665069207
-95.9810664986485
-95.9810664979917
-95.9810664922337
-95.981066486338
-95.9810664780106
-95.9810664772242
-95.9810664761071
-95.9810664751915
-95.9810664745008
-95.981066473164
-95.9810664718317
-95.9810664716077
-95.9810664708803
-95.9810664700213
-95.981066470082
-95.9810664697224
-95.9810664680463
-95.9810664597584
-95.9810664571614
-95.9810664573864
-95.9810664540001
-95.981066454139
-95.9810664544932
-95.9810664551796
-95.9810664554973
-95.9810664564299
-95.9810664565947
-95.9810664572937
-95.9810664580525
-95.9810664586621
-95.9810664589345
-95.9810664593307
-95.9810664592255
-95.9810664578149
-95.9810664572818
-95.9810664571275
-95.9810664571484
-95.9810664572728
-95.9810664571871
-95.9810664575414
-95.9810664572847
-95.9810664578689
-95.9810664574446
-95.9810664572773
-95.981066456786
-95.9810664566817
-95.9810664560987
-95.9810664554095
-95.9810664548703
-95.9810664545292
-95.981066454785
-95.9810664547301
-95.9810664540369
-95.9810664536189
-95.9810664534217
-95.9810664534969
-95.9810664538695
-95.9810664535157
-95.9810664537919
-95.981066453643
-95.9810664540072
-95.981066454454
-95.9810664545456
-95.9810664549134
-95.9810664557
-95.9810664500528
-95.9810664469294
-95.9810664475393
-95.9810664466157
-95.9810664469753
-95.9810664456919
-95.9810664444928
-95.9810664441142
-95.9810664439122
-95.981066444064
-95.9810664437562
-95.9810664426066
-95.9810664427135
-95.9810664424149
-95.9810664423149
-95.9810664423179
-95.9810664422359
-95.9810664423518
-95.9810664422111
-95.981066441509
-95.9810664413729
-95.9810664410739
-95.9810664404596
-95.9810664401913
-95.9810664402119
-95.981066439997
-95.9810664398702
-95.9810664393314
-95.9810664399978
-95.9810664401089
-95.9810664394663
-95.981066439334
-95.9810664394743
-95.9810664400418
-95.9810664407253
-95.9810664413548
-95.9810664420358
-95.981066442411
-95.9810664431408
-95.9810664441337
-95.9810664442027
-95.9810664453441
-95.9810664448934
-95.9810664449394
-95.9810664455872
-95.981066445756
-95.9810664453895
-95.981066445459
-95.9810664452389
-95.9810664444195
-95.9810664439082
-95.9810664434337
-95.9810664423951
-95.9810664416723
-95.9810664413929
-95.9810664408753
-95.9810664410783
-95.9810664408149
-95.9810664404435
-95.981066440529
-95.9810664403245
-95.9810664406056
-95.9810664405104
-95.9810664408969
-95.9810664418385
-95.9810664422629
-95.9810664426597
-95.9810664432038
-95.981066443404
-95.9810664445906
-95.981066445383
-95.981066446234
-95.981066446694
-95.9810664471926
-95.9810664478212
-95.9810664490264
-95.9810664494417
-95.9810664497095
-95.9810664499529
-95.981066450428
-95.9810664493763
-95.9810664494402
-95.9810664486968
-95.9810664481468
-95.9810664476351
-95.9810664470351
-95.9810664463345
-95.981066445768
-95.981066445445
-95.9810664450731
-95.9810664447438
-95.9810664444649
-95.9810664438811
-95.9810664433258
-95.9810664430308
-95.9810664425885
-95.9810664425005
-95.9810664420043
-95.9810664413232
-95.9810664416499
-95.9810664427173
-95.98106644331
-95.9810664435699
-95.9810664442659
-95.9810664447454
-95.9810664448752
-95.9810664461441
-95.9810664460122
-95.981066445947
-95.9810664373018
-95.981066437693
-95.9810664378509
-95.9810664374603
-95.9810664369527
-95.9810664363658
-95.9810664358633
-95.981066436144
-95.9810664365788
-95.9810664359165
-95.9810664354376
-95.9810664350237
-95.9810664346618
-95.9810664341674
-95.9810664339139
-95.9810664342014
-95.9810664335219
-95.9810664329918
-95.9810664329236
-95.9810664325132
-95.9810664329224
-95.9810664332533
-95.9810664333095
-95.9810664335528
-95.9810664333962
-95.9810664333917
-95.9810664329581
-95.9810664329944
-95.9810664338109
-95.9810664340718
-95.9810664344596
-95.9810664347498
-95.9810664349231
-95.9810664356217
-95.9810664360553
-95.9810664371413
-95.9810664369822
-95.981066437326
-95.9810664374859
-95.9810664380414
-95.9810664379722
-95.9810664381432
-95.9810664377671
-95.9810664376868
-95.9810664373784
-95.9810664370273
-95.9810664369029
-95.9810664375353
-95.9810664376212
-95.9810664369787
-95.9810664368923
-95.9810664365248
-95.9810664355851
-95.9810664352104
-95.9810664351463
-95.9810664346243
-95.9810664344087
-95.9810664343369
-95.9810664347867
-95.9810664347299
-95.9810664342733
-95.9810664339562
-95.9810664344317
-95.981066425563
-95.9810664247508
-95.9810664247655
-95.9810664249153
-95.9810664255258
-95.981066425776
-95.9810664259569
-95.9810664266321
-95.9810664272639
-95.9810664280302
-95.9810664295663
-95.9810664308305
-95.9810664314222
-95.9810664319657
-95.9810664334375
-95.9810664302692
-95.9810664299362
-95.9810664298592
-95.9810664289631
-95.981066427946
-95.9810664269465
-95.9810664269613
-95.9810664262677
-95.9810664256446
-95.981066425284
-95.9810664247508
-95.9810664243854
-95.9810664235487
-95.9810664223725
-95.9810664221837
-95.9810664216985
-95.9810664120831
-95.9810664119259
-95.9810664117334
-95.9810664119297
-95.9810664128359
-95.9810664136703
-95.9810664142952
-95.9810664149738
-95.9810664153329
-95.9810664153967
-95.9810664160298
-95.9810664166328
-95.9810664165692
-95.9810664161687
-95.9810664153721
-95.9810664145971
-95.9810664144511
-95.9810664153636
-95.9810664158419
-95.9810664152631
-95.9810664159084
-95.981066416077
-95.9810664160941
-95.9810664150255
-95.9810664142714
-95.9810664131568
-95.9810664122066
-95.9810664111378
-95.9810664104105
-95.9810664092815
-95.981066408875
-95.9810664075467
-95.9810664057477
-95.9810664055516
-95.9810664038876
-95.9810664037428
-95.9810664046096
-95.9810664053101
-95.981066405244
-95.9810664059958
-95.9810664070557
-95.9810664072719
-95.9810664084324
-95.9810664086314
-95.9810664088501
-95.9810664090408
-95.9810664092977
-95.9810664097341
-95.981066409345
-95.9810664089042
-95.9810664081803
-95.981066407924
-95.9810664070239
-95.9810664069506
-95.9810664065073
-95.9810664063578
-95.9810664059768
-95.9810664053446
-95.9810664057507
-95.981066405115
-95.9810664049993
-95.9810664047729
-95.9810664050918
-95.9810664049607
-95.9810664046013
-95.9810664041185
-95.981066403764
-95.9810664038105
-95.9810664038161
-95.9810664040233
-95.9810663990239
-95.9810663990264
-95.981066399407
-95.9810663995007
-95.9810663994475
-95.9810663997611
-95.9810663997833
-95.9810664000262
-95.9810664007113
-95.9810664006709
-95.9810664012028
-95.9810664008826
-95.9810664009617
-95.9810663990629
-95.9810663987571
-95.9810663910059
-95.981066391449
-95.9810663916192
-95.9810663901814
-95.9810663900762
-95.9810663891746
-95.9810663896359
-95.9810663887372
-95.9810663881115
-95.9810663873965
-95.9810663872189
-95.9810663869282
-95.9810663870484
-95.9810663872754
-95.9810663869696
-95.98106638732
-95.9810663872512
-95.9810663876537
-95.9810663806277
-95.9810663804401
-95.9810663807938
-95.9810663806859
-95.9810663807129
-95.9810663805928
-95.9810663805444
-95.9810663808327
-95.9810663806413
-95.9810663811198
-95.9810663817717
-95.9810663822077
-95.9810663828699
-95.98106638287
-95.9810663830251
-95.9810663835467
-95.9810663830903
-95.9810663839033
-95.9810663845635
-95.9810663845639
-95.9810663844407
-95.981066384383
-95.9810663825291
-95.9810663817244
-95.9810663817705
-95.9810663809097
-95.9810663803894
-95.9810663799197
-95.9810663787437
-95.9810663783086
-95.9810663776632
-95.9810663768775
-95.9810663762623
-95.9810663758937
-95.9810663755727
-95.9810663752646
-95.9810663757711
-95.9810663740474
-95.9810663734813
-95.9810663734957
-95.9810663740784
-95.9810663750101
-95.9810663755992
-95.981066376487
-95.9810663766785
-95.9810663773677
-95.9810663772133
-95.9810663781626
-95.981066378597
-95.9810663801331
-95.9810663805982
-95.9810663806862
-95.9810663797105
-95.9810663794089
-95.9810663797168
-95.9810663801119
-95.981066379747
-95.9810663800509
-95.9810663786227
-95.9810663779863
-95.9810663772448
-95.9810663765367
-95.9810663752875
-95.9810663745459
-95.981066374395
-95.9810663737549
-95.981066373235
-95.9810663726222
-95.9810663722965
-95.9810663732955
-95.981066373243
-95.9810663730521
-95.9810663734941
-95.9810663742275
-95.9810663742981
-95.9810663752563
-95.9810663754387
-95.9810663759609
-95.9810663765915
-95.9810663773014
-95.9810663790757
-95.9810663801148
-95.9810663818283
-95.9810663820743
-95.98106637652
-95.9810663751823
-95.981066374154
-95.9810663742703
-95.9810663670165
-95.9810663662399
-95.9810663656282
-95.9810663650378
-95.9810663640503
-95.9810663633896
-95.9810663622731
-95.9810663619034
-95.9810663616326
-95.9810663610572
-95.9810663605189
-95.9810663598578
-95.9810663593514
-95.9810663588568
-95.9810663596821
-95.9810663601114
-95.98106636063
-95.9810663615075
-95.981066362161
-95.9810663624486
-95.9810663630289
-95.981066363659
-95.9810663641201
-95.9810663647072
-95.981066365257
-95.9810663653019
-95.9810663663509
-95.9810663666555
-95.9810663660098
-95.9810663660114
-95.9810663660095
-95.9810663663095
-95.9810663665114
-95.9810663662232
-95.9810663662441
-95.9810663660729
-95.9810663656013
-95.9810663646098
-95.981066364215
-95.9810663643131
-95.9810663636655
-95.981066363887
-95.98106636358
-95.9810663625751
-95.9810663630926
-95.9810663627086
-95.9810663623754
-95.9810663617881
-95.9810663608289
-95.9810663608673
-95.9810663532721
-95.9810663538936
-95.9810663537084
-95.9810663538817
-95.9810663545194
-95.9810663551088
-95.9810663554117
-95.9810663562662
-95.981066356224
-95.9810663566901
-95.9810663567812
-95.9810663535667
-95.9810663482427
-95.9810663432048
-95.9810663376169
-95.9810663328509
-95.9810663336066
-95.9810663287815
-95.9810663203105
-95.9810663196687
-95.9810663188107
-95.9810663189714
-95.9810663182352
-95.9810663182849
-95.9810663181158
-95.9810663179975
-95.9810663177201
-95.9810663175033
-95.9810663175775
-95.9810663174622
-95.9810663172778
-95.9810663165204
-95.9810663163168
-95.9810663159591
-95.9810663158446
-95.9810663151858
-95.981066314795
-95.9810663147602
-95.9810663151467
-95.9810663153572
-95.9810663152612
-95.9810663141357
-95.9810663140234
-95.9810663147411
-95.9810663151984
-95.9810663151242
-95.981066315964
-95.9810663162448
-95.9810663163344
-95.981066316388
-95.9810663166677
-95.9810663171608
-95.981066316901
-95.9810663105105
-95.9810663040216
-95.9810663043678
-95.9810663049598
-95.9810663041143
-95.981066304287
-95.9810663043547
-95.9810663045154
-95.9810663040335
-95.981066304306
-95.9810663041133
-95.9810663037174
-95.9810663033055
-95.9810663027018
-95.9810663020586
-95.9810663019953
-95.9810663018001
-95.9810663022779
-95.9810663028166
-95.9810663030029
-95.9810663030988
-95.9810662978278
-95.9810662986104
-95.9810662986252
-95.9810662987052
-95.9810662985374
-95.9810662988179
-95.9810662995137
-95.9810663006535
-95.9810663011962
-95.9810663018586
-95.9810663027424
-95.9810663036502
-95.9810663035165
-95.981066302775
-95.9810663023979
-95.9810663023552
-95.981066301798
-95.981066301692
-95.9810663013213
-95.9810663012534
-95.9810663003442
-95.981066299224
-95.9810662984284
-95.981066297867
-95.9810662967484
-95.9810662963423
-95.9810662959646
-95.981066295474
-95.981066296049
-95.9810662961018
-95.9810662962287
-95.9810662962263
-95.9810662962052
-95.9810662968433
-95.9810662975602
-95.9810662981078
-95.9810662992768
-95.9810663000691
-95.9810663013622
-95.9810663023723
-95.981066302253
-95.9810663023147
-95.9810663030369
-95.9810663023184
-95.9810663014438
-95.981066301744
-95.9810663021745
-95.9810663019443
-95.9810662912516
-95.981066285679
-95.9810662794712
-95.9810662700033
-95.9810662699492
-95.9810662692461
-95.9810662682283
-95.9810662679127
-95.9810662672318
-95.9810662668814
-95.981066266906
-95.9810662669197
-95.9810662670323
-95.98106626725
-95.9810662673939
-95.9810662668832
-95.9810662660991
-95.9810662662059
-95.9810662668228
-95.9810662678541
-95.9810662681258
-95.9810662693258
-95.9810662697279
-95.9810662704554
-95.9810662707783
-95.9810662715529
-95.981066272933
-95.9810662722387
-95.9810662737555
-95.9810662667111
-95.9810662672181
-95.9810662674376
-95.9810662672061
-95.9810662661693
-95.9810662652711
-95.9810662648558
-95.9810662644082
-95.9810662641509
-95.9810662634468
-95.9810662623362
-95.9810662611452
-95.98106626069
-95.9810662608447
-95.9810662603846
-95.9810662599679
-95.9810662596709
-95.9810662594827
-95.9810662588163
-95.9810662563021
-95.9810662562138
-95.9810662568094
-95.9810662565584
-95.9810662564733
-95.9810662566361
-95.9810662573556
-95.9810662584233
-95.98106625926
-95.9810662588011
-95.9810662593863
-95.981066259549
-95.9810662602392
-95.9810662609052
-95.981066262222
-95.981066262482
-95.9810662626468
-95.9810662607206
-95.9810662514431
-95.9810662513409
-95.9810662517945
-95.9810662516493
-95.9810662514527
-95.9810662511531
-95.9810662522935
-95.9810662519661
-95.9810662511118
-95.981066251031
-95.9810662508402
-95.9810662510124
-95.9810662512029
-95.9810662517095
-95.9810662515413
-95.9810662514365
-95.9810662507871
-95.9810662505565
-95.9810662507527
-95.9810662509979
-95.9810662506217
-95.9810662505189
-95.9810662503703
-95.9810662498282
-95.9810662494803
-95.9810662493855
-95.9810662490387
-95.9810662492148
-95.9810662491272
-95.9810662497703
-95.9810662501853
-95.9810662514526
-95.9810662524006
-95.9810662529811
-95.981066254057
-95.9810662539486
-95.9810662544292
-95.9810662543495
-95.9810662536921
-95.9810662528485
-95.981066253098
-95.9810662531762
-95.981066253213
-95.9810662528824
-95.9810662530442
-95.9810662529757
-95.981066252544
-95.9810662522874
-95.9810662515952
-95.981066251079
-95.9810662509716
-95.9810662506887
-95.9810662506737
-95.9810662498049
-95.9810662500728
-95.9810662494864
-95.9810662491793
-95.9810662495966
-95.9810662498398
-95.9810662500528
-95.9810662498349
-95.9810662415952
-95.9810662421373
-95.9810662426881
-95.9810662433138
-95.9810662439088
-95.9810662446919
-95.9810662457395
-95.9810662464121
-95.9810662473948
-95.9810662483698
-95.9810662493333
-95.9810662500939
-95.98106625047
-95.9810662451964
-95.9810662432429
-95.9810662418323
-95.9810662403587
-95.9810662365648
-95.9810662301178
-95.9810662293188
-95.9810662287061
-95.9810662279213
-95.9810662272584
-95.9810662262999
-95.9810662261627
-95.9810662256743
-95.9810662249369
-95.9810662246997
-95.9810662245009
-95.9810662244556
-95.9810662248169
-95.9810662249997
-95.9810662255353
-95.9810662260167
-95.9810662269712
-95.9810662284721
-95.981066228875
-95.9810662294843
-95.9810662303272
-95.9810662271532
-95.9810662251047
-95.9810662184296
-95.9810662181731
-95.9810662179236
-95.9810662172132
-95.9810662165373
-95.9810662160697
-95.981066214956
-95.9810662142671
-95.9810662140977
-95.9810662135837
-95.9810662129626
-95.9810662129115
-95.9810662127998
-95.9810662133966
-95.9810662136936
-95.9810662136653
-95.9810662131559
-95.9810662142665
-95.9810662138243
-95.9810662143688
-95.9810662143108
-95.9810662147058
-95.981066215224
-95.9810662158118
-95.9810662162127
-95.9810662163365
-95.9810662168138
-95.9810662162064
-95.9810662160134
-95.9810662131311
-95.9810662128847
-95.98106621132
-95.9810662110076
-95.9810662101808
-95.9810662094289
-95.9810662089277
-95.9810662078636
-95.9810662078862
-95.9810662075425
-95.9810662073451
-95.9810662078047
-95.9810662082338
-95.9810662083811
-95.981066208406
-95.9810662084445
-95.9810662082448
-95.9810662081632
-95.9810662082118
-95.9810662077905
-95.9810662080602
-95.9810662080368
-95.981066208186
-95.9810662087891
-95.9810662033703
-95.9810662033563
-95.9810662031297
-95.981066203839
-95.981066203807
-95.9810662037828
-95.9810662037362
-95.9810662040313
-95.9810662040637
-95.9810662038173
-95.9810662034673
-95.9810662033197
-95.981066203393
-95.9810662029914
-95.9810662032393
-95.9810662034332
-95.9810662028416
-95.9810662026572
-95.9810662023157
-95.98106619459
-95.9810661946163
-95.9810661945149
-95.9810661942934
-95.9810661939283
-95.9810661941
-95.9810661941304
-95.9810661945111
-95.9810661951097
-95.9810661958603
-95.9810661920524
-95.9810661936466
-95.9810661868153
-95.9810661862553
-95.9810661865814
-95.9810661860567
-95.9810661851696
-95.9810661849197
-95.9810661842794
-95.9810661841176
-95.9810661833462
-95.9810661824603
-95.9810661820625
-95.9810661818761
-95.9810661818089
-95.9810661823445
-95.9810661821325
-95.9810661749833
-95.9810661757521
-95.9810661700821
-95.9810661705059
-95.9810661704448
-95.9810661703771
-95.9810661709417
-95.9810661717769
-95.9810661725031
-95.9810661734576
-95.9810661737184
-95.9810661741149
-95.9810661747898
-95.9810661751741
-95.9810661744332
-95.9810661724047
-95.9810661720192
-95.9810661717413
-95.9810661714427
-95.9810661709919
-95.9810661706532
-95.9810661704299
-95.9810661695283
-95.9810661684258
-95.9810661681541
-95.9810661674103
-95.9810661669437
-95.9810661665605
-95.9810661660048
-95.9810661657405
-95.9810661651355
-95.9810661655441
-95.9810661658365
-95.9810661660739
-95.9810661669666
-95.9810661676671
-95.9810661679514
-95.9810661678548
-95.9810661679997
-95.981066168443
-95.9810661691487
-95.9810661690854
-95.9810661691279
-95.9810661689213
-95.9810661684944
-95.9810661694329
-95.9810661708851
-95.9810661710459
-95.9810661707647
-95.9810661702102
-95.9810661681779
-95.9810661674572
-95.9810661665185
-95.9810661658241
-95.9810661657691
-95.981066165028
-95.9810661653041
-95.9810661643437
-95.9810661642023
-95.9810661632719
-95.9810661628655
-95.9810661629015
-95.9810661623123
-95.9810661618266
-95.9810661617607
-95.9810661622378
-95.9810661625206
-95.981066163264
-95.9810661636597
-95.9810661635972
-95.9810661638303
-95.9810661644976
-95.9810661649177
-95.9810661658046
-95.9810661667761
-95.9810661679667
-95.9810661679454
-95.9810661685829
-95.9810661689298
-95.9810661681189
-95.9810661671278
-95.9810661662877
-95.9810661652181
-95.9810661645236
-95.9810661639885
-95.9810661635491
-95.9810661628309
-95.9810661619546
-95.9810661625238
-95.9810661616345
-95.9810661616501
-95.9810661620662
-95.9810661624902
-95.9810661631464
-95.98106616422
-95.9810661647224
-95.9810661657924
-95.981066166869
-95.9810661675577
-95.9810661675652
-95.9810661686157
-95.9810661694085
-95.9810661695187
-95.9810661688931
-95.9810661681204
-95.981066167174
-95.98106616628
-95.9810661663036
-95.9810661664472
-95.9810661667221
-95.9810661657199
-95.9810661653063
-95.9810661644252
-95.9810661639888
-95.9810661637415
-95.9810661634587
-95.9810661628581
-95.9810661624081
-95.9810661621901
-95.9810661617001
-95.9810661608332
-95.9810661598632
-95.9810661591066
-95.9810661552494
-95.9810661523804
-95.9810661527943
-95.9810661524923
-95.9810661526557
-95.981066152453
-95.9810661527419
-95.9810661531148
-95.9810661535312
-95.9810661538732
-95.9810661546398
-95.9810661542198
-95.9810661553704
-95.9810661558754
-95.9810661562511
-95.9810661567106
-95.9810661579857
-95.9810661574558
-95.9810661557787
-95.9810661550152
-95.9810661544168
-95.9810661538739
-95.9810661535741
-95.9810661529452
-95.9810661522172
-95.9810661519574
-95.981066151195
-95.9810661512659
-95.9810661508838
-95.9810661505378
-95.9810661489987
-95.9810661480513
-95.9810661479589
-95.9810661477004
-95.9810661481883
-95.9810661480317
-95.9810661477614
-95.9810661473081
-95.9810661468178
-95.9810661463538
-95.9810661455281
-95.9810661457169
-95.9810661449465
-95.9810661447278
-95.9810661446092
-95.9810661445773
-95.9810661443016
-95.9810661447402
-95.9810661446974
-95.9810661449791
-95.9810661446228
-95.9810661451725
-95.9810661459552
-95.9810661463314
-95.9810661469194
-95.9810661476738
-95.9810661482964
-95.9810661483525
-95.9810661478963
-95.9810661472529
-95.9810661470274
-95.9810661467102
-95.9810661460762
-95.9810661454717
-95.9810661448523
-95.9810661444151
-95.9810661438526
-95.9810661437125
-95.9810661429459
-95.9810661432409
-95.9810661424607
-95.9810661420776
-95.9810661416655
-95.9810661415427
-95.9810661410852
-95.9810661410569
-95.9810661415397
-95.9810661398283
-95.9810661401195
-95.9810661403166
-95.9810661402925
-95.9810661401632
-95.9810661405127
-95.9810661407807
-95.9810661411031
-95.9810661411384
-95.9810661408433
-95.9810661387059
-95.9810661392719
-95.9810661396894
-95.9810661396282
-95.9810661396099
-95.9810661400746
-95.9810661408051
-95.9810661411144
-95.9810661413105
-95.9810661424214
-95.9810661430373
-95.9810661438129
-95.9810661442485
-95.9810661438879
-95.9810661401645
-95.981066140105
-95.9810661391303
-95.9810661384169
-95.9810661376272
-95.9810661362009
-95.981066135147
-95.9810661340329
-95.9810661332569
-95.9810661335385
-95.9810661335194
-95.9810661339845
-95.9810661334602
-95.9810661342468
-95.9810661346901
-95.9810661344209
-95.9810661340762
-95.9810661345501
-95.981066134945
-95.9810661352922
-95.9810661356887
-95.9810661356713
-95.9810661361579
-95.9810661363441
-95.981066136592
-95.9810661338183
-95.9810661342387
-95.9810661340453
-95.981066134295
-95.9810661347549
-95.9810661274333
-95.9810661274879
-95.9810661270376
-95.9810661262094
-95.9810661264053
-95.9810661264667
-95.9810661272078
-95.9810661282218
-95.9810661187487
-95.9810661189062
-95.9810661122872
-95.9810661124042
-95.9810661121976
-95.9810661097702
-95.9810661090618
-95.9810661083659
-95.9810661076626
-95.9810661061444
-95.9810661053532
-95.9810661047647
-95.9810661037477
-95.9810661035701
-95.9810661032298
-95.9810661032343
-95.981066103413
-95.9810661034209
-95.9810661034078
-95.9810661036561
-95.9810661042953
-95.9810661049558
-95.9810661052664
-95.981066105696
-95.9810661060927
-95.9810661067826
-95.981066107266
-95.981066107056
-95.9810661073895
-95.9810661008193
-95.9810661001771
-95.9810660996786
-95.9810660997192
-95.9810660990658
-95.9810660986947
-95.9810660979198
-95.9810660972119
-95.981066094414
-95.9810660949179
-95.9810660956142
-95.9810660955536
-95.9810660963062
-95.9810660967026
-95.9810660972705
-95.9810660973663
-95.9810660976313
-95.98106609711
-95.9810660931779
-95.9810660930549
-95.9810660929799
-95.9810660932212
-95.9810660926098
-95.9810660926656
-95.9810660880746
-95.9810660873248
-95.9810660871635
-95.9810660868533
-95.9810660858984
-95.9810660856484
-95.9810660858799
-95.981066085776
-95.9810660812515
-95.9810660801145
-95.9810660803734
-95.9810660799174
-95.9810660797506
-95.9810660801935
-95.9810660805634
-95.9810660807731
-95.9810660813358
-95.9810660815915
-95.9810660813721
-95.9810660812251
-95.9810660809676
-95.9810660806943
-95.9810660804912
-95.9810660802056
-95.9810660796549
-95.9810660795047
-95.9810660800647
-95.9810660799835
-95.9810660801594
-95.9810660810067
-95.981066080631
-95.9810660813288
-95.9810660813591
-95.9810660821684
-95.9810660825254
-95.9810660836794
-95.9810660834889
-95.981066084221
-95.9810660842487
-95.981066078094
-95.9810660769916
-95.981066076347
-95.9810660761937
-95.9810660749858
-95.9810660743561
-95.9810660738088
-95.9810660730521
-95.9810660728744
-95.9810660725084
-95.9810660719451
-95.9810660713501
-95.9810660714568
-95.9810660713869
-95.9810660711631
-95.981066071837
-95.9810660704884
-95.9810660671491
-95.9810660657472
-95.9810660649381
-95.9810660650604
-95.9810660654725
-95.9810660661825
-95.9810660669243
-95.9810660671965
-95.981066068151
-95.9810660687229
-95.9810660625011
-95.9810660531161
-95.981066053622
-95.9810660535972
-95.9810660441748
-95.9810660442553
-95.9810660439394
-95.9810660435345
-95.9810660436295
-95.9810660365111
-95.9810660363591
-95.9810660337518
-95.9810660334636
-95.9810660340513
-95.981066033983
-95.9810660338538
-95.9810660340196
-95.9810660337328
-95.981066031679
-95.9810660311863
-95.9810660213132
-95.9810660169852
-95.9810660163079
-95.9810660067412
-95.9810660059324
-95.9810660058282
-95.9810660053252
-95.9810660055417
-95.9810660061888
-95.9810660058298
-95.9810660059161
-95.9810660068978
-95.981066007049
-95.9810660061986
-95.9810660063435
-95.9810660067868
-95.9810660071071
-95.9810660065394
-95.981066005902
-95.9810660062026
-95.9810660064991
-95.9810660060966
-95.9810660058919
-95.9810660057373
-95.9810660053802
-95.9810660045444
-95.981066004831
-95.9810660050958
-95.9810660048874
-95.9810660048868
-95.9810660050266
-95.9810660056493
-95.9810660063106
-95.9810660060275
-95.9810660063976
-95.981066006305
-95.9810660065101
-95.981066006616
-95.9810660063921
-95.9810660058077
-95.9810660055888
-95.9810660045416
-95.9810660040347
-95.9810660031746
-95.9810659952167
-95.9810659877481
-95.9810659785386
-95.9810659785735
-95.9810659789061
-95.9810659791582
-95.9810659797042
-95.981065980635
-95.9810659809893
-95.9810659810184
-95.9810659812681
-95.981065980946
-95.9810659765861
-95.9810659761697
-95.9810659759471
-95.9810659748139
-95.9810659736675
-95.9810659732566
-95.9810659726042
-95.9810659724792
-95.9810659718576
-95.9810659722984
-95.9810659723309
-95.9810659725961
-95.9810659732384
-95.981065974161
-95.9810659748613
-95.9810659752475
-95.9810659761517
-95.9810659764346
-95.9810659767355
-95.9810659771139
-95.9810659774282
-95.9810659769429
-95.9810659768619
-95.9810659763327
-95.9810659765471
-95.9810659769898
-95.9810659772864
-95.9810659776403
-95.9810659778173
-95.981065977739
-95.981065977338
-95.9810659772518
-95.9810659772047
-95.9810659770005
-95.9810659767846
-95.9810659770945
-95.981065976516
-95.9810659757984
-95.9810659750034
-95.9810659749551
-95.9810659742581
-95.9810659740773
-95.9810659735272
-95.9810659734812
-95.9810659725458
-95.981065972542
-95.9810659723263
-95.9810659723284
-95.9810659714863
-95.9810659721528
-95.9810659722283
-95.9810659726682
-95.9810659726257
-95.9810659730105
-95.981065973471
-95.9810659739371
-95.9810659741434
-95.9810659745018
-95.9810659753407
-95.9810659730507
-95.9810659727947
-95.9810659728869
-95.9810659739371
-95.9810659653898
-95.9810659663341
-95.9810659665426
-95.9810659658041
-95.9810659655484
-95.9810659640676
-95.9810659630979
-95.9810659619061
-95.9810659524412
-95.9810659519764
-95.9810659517791
-95.9810659442988
-95.9810659436742
-95.9810659431528
-95.9810659431074
-95.9810659429116
-95.9810659428496
-95.981065942844
-95.9810659435109
-95.9810659440143
-95.981065944774
-95.9810659448178
-95.9810659426145
-95.9810659428458
-95.9810659425655
-95.9810659416996
-95.9810659417543
-95.9810659425973
-95.9810659426563
-95.9810659430252
-95.9810659440957
-95.9810659448328
-95.9810659418655
-95.9810659426071
-95.9810659431535
-95.9810659440866
-95.9810659428092
-95.9810659423255
-95.9810659413692
-95.981065941648
-95.9810659413562
-95.9810659412287
-95.9810659390002
-95.9810659389615
-95.9810659383327
-95.9810659380658
-95.9810659382916
-95.9810659385141
-95.9810659383363
-95.9810659382442
-95.9810659385466
-95.9810659382414
-95.9810659383628
-95.9810659381674
-95.9810659375936
-95.981065937618
-95.9810659362554
-95.9810659323367
-95.9810659318996
-95.9810659313689
-95.9810659305599
-95.9810659304346
-95.9810659299419
-95.9810659290553
-95.9810659286836
-95.9810659292217
-95.9810659295335
-95.9810659213674
-95.9810659216309
-95.9810659220715
-95.9810659231909
-95.981065922478
-95.9810659223857
-95.9810659226803
-95.9810659239353
-95.9810659241369
-95.9810659245258
-95.9810659240551
-95.9810659238156
-95.9810659239353
-95.9810659228354
-95.9810659225395
-95.9810659140147
-95.9810659136853
-95.9810659059765
-95.9810659059928
-95.981065905407
-95.9810659061957
-95.981065906185
-95.9810659059864
-95.981065906642
-95.9810659058612
-95.9810659057762
-95.9810659065526
-95.9810659063577
-95.9810659070689
-95.9810659072127
-95.9810659069051
-95.981065904394
-95.9810659007341
-95.9810659006003
-95.981065899604
-95.9810658993144
-95.9810658990196
-95.9810658989091
-95.98106589859
-95.9810658986493
-95.9810658949263
-95.9810658924968
-95.9810658920337
-95.9810658917232
-95.9810658914872
-95.9810658916577
-95.98106589237
-95.9810658930969
-95.9810658939429
-95.9810658946847
-95.9810658956457
-95.981065895604
-95.9810658958805
-95.9810658955237
-95.9810658951681
-95.9810658939075
-95.9810658928933
-95.981065892282
-95.9810658922965
-95.9810658917931
-95.9810658886928
-95.9810658866187
-95.9810658848681
-95.9810658848704
-95.9810658846256
-95.9810658842525
-95.9810658834894
-95.9810658829399
-95.9810658833676
