-4.95813587974964,0,0.144836957231611
-4.95843997619143,0,0.142943280920347
-4.95904806962768,0,0.139154732419472
-4.95995997353176,0,0.133468822999138
-4.96117537840724,0,0.125881954598431
-4.96269386232425,0,0.116389293195677
-4.96451486819673,0,0.104984827648302
-4.96663769548022,0,0.0916613147888474
-4.9690614748677,0,0.0764103056959593
-4.97178514912509,0,0.0592221049850774
-4.97480744073973,0,0.040085782756466
-4.97812682217618,0,0.0189891355717392
-4.98174147367701,0,-0.00408131159538394
-4.9856492413483,0,-0.0291403482656363
-4.9898475821973,0,-0.056204085679656
-4.99433350747732,0,-0.0852900076241876
-4.99910351138057,0,-0.116416987139897
-5.0041534960868,0,-0.149605348972242
-5.00947867958823,0,-0.184876896514956
-5.01507349775878,0,-0.222254989727063
-5.02093148550857,0,-0.261764582855758
-5.02704514981952,0,-0.30343232205042
-5.03340581674537,0,-0.3472865934964
-5.0400034676556,0,-0.393357645527797
-5.04682654240567,0,-0.441677644837174
-5.05386172894175,0,-0.492280828874927
-5.06109371010944,0,-0.545203563938046
-5.06850489427807,0,-0.600484535564078
-5.07607508955392,0,-0.658164795037179
-5.08378116028355,0,-0.71828799976075
-5.09159660765231,0,-0.780900420973474
-5.09949113414033,0,-0.846051256072687
-5.1074301032831,0,-0.913792543515097
-5.11537399218531,0,-0.984179593244041
-5.12327769503115,0,-1.05727069971804
-5.1310898443337,0,-1.13312779644571
-5.13875191158178,0,-1.21181573828015
-5.14619738436754,0,-1.29340343745871
-5.15335060152243,0,-1.37796220766943
-5.16012579134032,0,-1.46556803371977
-5.16642555567713,0,-1.55629777566522
-5.17213981023951,0,-1.65023429315212
-5.17714380849782,0,-1.7474574574223
-5.18129706431275,0,-1.8480568776441
-5.1844408482939,0,-1.95210940484878
-5.18639706110512,0,-2.05971321257487
-5.18696564616897,0,-2.17092754236291
-5.18592219598512,0,-2.28587014509583
-5.18301886270214,0,-2.40454381339332
-5.17797236627306,0,-2.527132729057
-5.17048879011783,0,-2.65346627474175
-5.16019611100591,0,-2.78397434540503
-5.14679886107918,0,-2.9179247613736
-5.12972938002831,0,-3.05659731862767
-5.10889983277957,0,-3.19760759691817
-5.08349233325371,0,-3.34313181600564
-5.05338152020352,0,-3.49117659619238
-5.0174570077942,0,-3.64407598816884
-4.97608164218774,0,-3.79814166479513
-4.92859414063254,0,-3.95394716609669
-4.87307895722271,0,-4.11488035749324
-4.809731913068,0,-4.27794316136853
-4.7361564436434,0,-4.44621881669928
-4.65440308802203,0,-4.6132338356714
-4.56421155441439,0,-4.77833397806262
-4.4652367167948,0,-4.94103685912223
-4.34820987087805,0,-5.11247114425959
-4.18968550385968,0,-5.31522203886775
-3.98465066399814,0,-5.54103911299697
-3.72925967269075,0,-5.77936901044204
-3.42206246034577,0,-6.01784471143205
-3.06507780608727,0,-6.24342835209481
-2.66427627850826,0,-6.44407383642724
-2.22915597749983,0,-6.61044995085109
-1.77146316338225,0,-6.7371147321758
-1.30351285343576,0,-6.82273204429169
-0.83670372750886,0,-6.86936835637106
-0.380613527897922,0,-6.88128683101346
0.0572942855552478,0,-6.86374232278412
0.47156598613669,0,-6.82210994820477
0.858504406466545,0,-6.76143538791553
1.21591603239112,0,-6.68632082934241
1.54288982077335,0,-6.60099270373524
1.83957713658146,0,-6.5094083459139
2.10694256893131,0,-6.4153101014218
2.34648606737767,0,-6.32219614946503
2.55996237545198,0,-6.2332241193937
2.74912848631151,0,-6.15108506079294
2.91553886300472,0,-6.07788499448486
3.06039392984067,0,-6.01506111455556
3.18443849571443,0,-5.96334992683482
3.28790567907316,0,-5.92281872862465
3.37050693698103,0,-5.89296805055294
3.43147618965399,0,-5.87290681680086
3.46968017288306,0,-5.86158973141978
3.48380122434132,0,-5.85808614339327
3.47257823558035,0,-5.86182677531343
3.43506098982193,0,-5.87276353279445
3.370809542331,0,-5.89139339905912
3.27997406191262,0,-5.91863959520199
3.16322656760499,0,-5.95562796932018
3.02156591048965,0,-6.00341444643596
2.85605552544406,0,-6.0627018665041
2.66756932258371,0,-6.13355025352521
2.45662314936763,0,-6.21506189512385
2.22337046497323,0,-6.30503235758488
1.96784107721893,0,-6.39960897296454
1.69047961363924,0,-6.4930845457841
1.39295951854243,0,-6.57804976422928
1.07908254259226,0,-6.64616766645642
0.75535673595012,0,-6.68970480988112
0.430736043703869,0,-6.70356035620632
0.11525654880406,0,-6.68699963021787
-0.182030018057481,0,-6.64411643347156
-0.454840533152742,0,-6.58265744683491
-0.70032262012147,0,-6.51185193918488
-0.918523383229433,0,-6.44034967484714
-1.11122477148231,0,-6.3749848172703
-1.28077657585612,0,-6.32042020700275
-1.42927374689072,0,-6.27933310012885
-1.55813730231426,0,-6.25276164958003
-1.66802493610728,0,-6.24037387736135
-1.75899195964928,0,-6.24059564275512
-1.83085634544239,0,-6.25067279327873
-1.88372387228504,0,-6.26682440380841
-1.91857639119642,0,-6.28465185649438
-1.93774166840413,0,-6.29987577755579
-1.94501875380308,0,-6.30927412603756
-1.94531642377615,0,-6.31147114459263
-1.94388224316103,0,-6.30715507261622
-1.94541065999463,0,-6.29850580054397
-1.9533308162156,0,-6.28798821739842
-1.9693727374707,0,-6.27696944834987
-1.99328634200797,0,-6.26472198674398
-2.02256084104128,0,-6.24830733785989
-2.05222580212662,0,-6.22360053680201
-2.07511530307712,0,-6.18725765210842
-2.08296036957967,0,-6.13884108674385
-2.06814940733009,0,-6.08201816905909
-2.02535873910564,0,-6.0241729385979
-1.9522008223524,0,-5.97471233837257
-1.84867031050072,0,-5.94297091277849
-1.71585078249793,0,-5.93646220428405
-1.55457628614709,0,-5.95968624293808
-1.36461014032123,0,-6.01335514620479
-1.14467793444122,0,-6.09391016626803
-0.893456307077173,0,-6.19342731030142
-0.61132175213322,0,-6.300234205311
-0.302287528311179,0,-6.40059559320282
0.0247811378790734,0,-6.48150211859518
0.356590202766412,0,-6.53388131830123
0.677730636148674,0,-6.55480811896114
0.973936898462997,0,-6.54735131175433
1.23461700646957,0,-6.51800861956401
1.45364940302149,0,-6.47331939682341
1.62885644123849,0,-6.41764451849033
1.76115339473578,0,-6.3530123237796
1.85379642939552,0,-6.28049208530667
1.91151290591409,0,-6.20182283311605
1.93938118744146,0,-6.12024675623821
1.94176355948932,0,-6.04029168116716
1.92170820835963,0,-5.96692398859707
1.88095460878478,0,-5.90462999663668
1.82036518419223,0,-5.85674806086188
1.740494962816,0,-5.82513731330776
1.64207288049718,0,-5.81017190300143
1.52628992875655,0,-5.81101116241478
1.39489228494982,0,-5.82603865182543
1.25013887909377,0,-5.85331326013054
1.0947040705401,0,-5.89089414332235
0.93158642815901,0,-5.9369858495217
0.764032630716619,0,-5.98993252085513
0.595436131906475,0,-6.04811560549752
0.429160407614444,0,-6.10979415285312
0.268267721303673,0,-6.17292821850596
0.115179052576134,0,-6.23506760309466
-0.0286664085433719,0,-6.29342454230234
-0.163037375488098,0,-6.34520456109692
-0.288871223804943,0,-6.38811881525524
-0.407848270019782,0,-6.42083077792271
-0.521590401830081,0,-6.44306938954345
-0.630669465078012,0,-6.4553601785195
-0.733719839422664,0,-6.4586453206043
-0.82695658333051,0,-6.45419174089208
-0.904328997477782,0,-6.44394825051962
-0.958361769263861,0,-6.43103747426737
-0.981426484032756,0,-6.41973179182679
-0.966922435465975,0,-6.41439761824129
-0.90995837471961,0,-6.41747444039377
-0.807679316194739,0,-6.42721604013745
-0.659893160846515,0,-6.43631618653771
-0.470443702757857,0,-6.43253337479881
-0.248733659540134,0,-6.4018560441342
-0.0098272726127457,0,-6.33344585308066
0.228023945446393,0,-6.22410895385112
0.447684352320485,0,-6.07983895958286
0.636955317855655,0,-5.91378006018613
0.790077568247984,0,-5.74222131245852
0.906864867292264,0,-5.58086047831836
0.990625248459209,0,-5.4425588711612
1.04602933986676,0,-5.3365863044247
1.07752375822926,0,-5.26878906200466
1.08840351282618,0,-5.24211507440677
1.08043199723432,0,-5.25714002929751
1.05385616679442,0,-5.31243927859188
1.0077012425035,0,-5.40478546442945
0.94027608988373,0,-5.52923275015075
0.849843450574278,0,-5.67919686708457
0.73539304090382,0,-5.84666243297728
0.597400290456831,0,-6.0226316052257
0.438384221294082,0,-6.19784763903247
0.26305095186798,0,-6.363680490084
0.0778879128189516,0,-6.51290780544806
-0.109736189793296,0,-6.64008717305343
-0.292709821420612,0,-6.7413958712184
-0.465229482224399,0,-6.8141518200381
-0.623523188855759,0,-6.85646813270296
-0.766122116756875,0,-6.86737047449972
-0.893611424610094,0,-6.84724535372419
-1.0078733942352,0,-6.79809912641973
-1.11101645407974,0,-6.7232333044953
-1.20432939586073,0,-6.62649270607331
-1.28757386416166,0,-6.51163826945941
-1.35879354211347,0,-6.38226861581956
-1.41467686279298,0,-6.24225912065612
-1.4513538790157,0,-6.0963191233521
-1.46533999154407,0,-5.95022777914108
-1.4542643372294,0,-5.81055877936824
-1.41712778811933,0,-5.6840188797399
-1.3540659320764,0,-5.57668480579265
-1.26579104699322,0,-5.49337262809422
-1.15295635383571,0,-5.43721666060619
-1.01564696152911,0,-5.40940234424063
-0.853132151622283,0,-5.40895164685706
-0.663967106474273,0,-5.4324963488939
-0.446512742132746,0,-5.47406909141826
-0.199914496946393,0,-5.52507276463494
0.0745115781087832,0,-5.57472815351508
0.371748743866715,0,-5.61138124485296
0.682000285121584,0,-5.62493546822756
0.990943881558764,0,-5.61017584924783
1.28202839366067,0,-5.56986943053053
1.54047453371881,0,-5.5158348120446
1.75711998294832,0,-5.46667839018854
1.92972185907369,0,-5.44272423143915
2.06082013199356,0,-5.46032284340315
2.1538272605131,0,-5.52779405757126
2.21036827609444,0,-5.64408429458714
2.23054938968598,0,-5.80001556650326
2.2149838445777,0,-5.9812623359029
2.16599212139526,0,-6.17169694431177
2.0865761893973,0,-6.35569540945954
1.97797734391078,0,-6.51898188416837
1.83785707762706,0,-6.64910099467833
1.66078749166972,0,-6.73673734399007
1.44124192868503,0,-6.7771071359151
1.17748414952168,0,-6.769273969196
0.874321229862744,0,-6.7135054769263
0.543916806560067,0,-6.60996438839279
0.204430960449782,0,-6.46099596264686
-0.123918503235948,0,-6.27502111500635
-0.424378446860221,0,-6.06796715022113
-0.68789465891919,0,-5.86046856111345
-0.913724306050765,0,-5.67263657519576
-1.10659896098947,0,-5.51947205754472
-1.27260017560685,0,-5.4088198480231
-1.41608388101273,0,-5.34187655288224
-1.53868644515417,0,-5.31508257425473
-1.63996358789389,0,-5.32218633123126
-1.71864091351451,0,-5.35585754192493
-1.77375925420226,0,-5.40874881834757
-1.80550415943877,0,-5.47416137221236
-1.81573994680364,0,-5.54655324192233
-1.80820115155807,0,-5.62203878140286
-1.78820006932446,0,-5.6987708134163
-1.76182238859103,0,-5.77685823924985
-1.73484835087629,0,-5.85750467801432
-1.71176870538752,0,-5.94143398838636
-1.69507416248757,0,-6.02719568585847
-1.68468871685379,0,-6.11027284579164
-1.67744239447755,0,-6.18380451720083
-1.66695052084405,0,-6.24110582457278
-1.64461253336726,0,-6.27904036464324
-1.60188579880069,0,-6.30021552256212
-1.53275405431512,0,-6.3122988474441
-1.43493975281477,0,-6.32483354462977
-1.30955957693561,0,-6.34564261207255
-1.16012826845887,0,-6.37863533466622
-0.991824035645335,0,-6.4235225560857
-0.811162679992758,0,-6.47694714006348
-0.62569392018151,0,-6.53415605771682
-0.443417616186989,0,-6.59045371346905
-0.271957234748635,0,-6.64205734139335
-0.117704482901452,0,-6.68631014507584
0.0148618007206881,0,-6.72135370532917
0.123559722906989,0,-6.74544914073171
0.208602858685917,0,-6.75627844254263
0.272558836757036,0,-6.75066214397259
0.320278412360426,0,-6.72505097433686
0.358654964444825,0,-6.67682126072266
0.395885069940348,0,-6.60588308954456
0.440130847283236,0,-6.51571332605341
0.498030668077424,0,-6.41311756818488
0.573762313138578,0,-6.30679739458965
0.669007064471578,0,-6.20546862494205
0.783591388693654,0,-6.11630048569525
0.916313343944805,0,-6.04401750603511
1.06555741377506,0,-5.99061113216748
1.22953225292337,0,-5.95546089358783
1.40615028547414,0,-5.93569810215579
1.59266476965928,0,-5.92673254244756
1.78521723974921,0,-5.92293268213135
1.97846287864867,0,-5.91847911423718
2.1654520240994,0,-5.90838788766309
2.33793735871352,0,-5.88961099000177
2.48719387312259,0,-5.86197527618405
2.60523157548605,0,-5.82860403656427
2.68600496101692,0,-5.7955292381125
2.72608648995666,0,-5.77051261913118
2.72446311707708,0,-5.76146770943167
2.68155466509063,0,-5.77500555709164
2.59792802219941,0,-5.81542177618621
2.47326508404847,0,-5.88412092314171
2.30597312534104,0,-5.97930963629669
2.09357821385945,0,-6.09586252569637
1.83382185283427,0,-6.22546106374232
1.52617834551994,0,-6.35724678974648
1.17331235754637,0,-6.479170548239
0.781902834373898,0,-6.57992847289798
0.362424122373614,0,-6.65101242195172
-0.0721124386631729,0,-6.68823577607043
-0.508026288870507,0,-6.69223640374462
-0.932784111190566,0,-6.66776936617353
-1.33611097081054,0,-6.6219399884633
-1.71002966075103,0,-6.56187152465331
-2.04807474767088,0,-6.49254965732986
-2.34455808698246,0,-6.41556350744212
-2.59480067135341,0,-6.32922690197624
-2.79644570829336,0,-6.23024657686065
-2.9508354819728,0,-6.11646985235387
-3.06304590665176,0,-5.98929049275605
-3.14025418477795,0,-5.85417711339905
-3.18959049411737,0,-5.71923863453638
-3.216729069115,0,-5.59314391055607
-3.22549038691607,0,-5.48359086480337
-3.21804984763497,0,-5.39662964397202
-3.19532271674473,0,-5.33658670265702
-3.15730522903687,0,-5.30624930319412
-3.10331140966421,0,-5.30707707893596
-3.03211411285386,0,-5.33932875807041
-2.94201721208639,0,-5.40207648240205
-2.83088703098269,0,-5.49312910329964
-2.69616968404887,0,-5.60891429531735
-2.53492310258929,0,-5.74439159442786
-2.34390267701783,0,-5.89309048767871
-2.11975751121859,0,-6.04737767477174
-1.85940251153206,0,-6.19901848363969
-1.56058789896321,0,-6.33996506741576
-1.22256569317441,0,-6.4631028042043
-0.846629897276388,0,-6.5625829138167
-0.436355389012593,0,-6.63355787799596
0.00238839158204829,0,-6.67156075812788
0.461387171671835,0,-6.67211201802712
0.929906436094862,0,-6.63113480366646
1.39474761294123,0,-6.54635457071024
1.84113065762291,0,-6.41919025834647
2.25462568158622,0,-6.25612179174909
2.62357439567131,0,-6.06863008113216
2.94095010557842,0,-5.87157697329433
3.20485900136096,0,-5.68074240841603
3.41763093153765,0,-5.51053671411103
3.58406341714523,0,-5.37256656370899
3.70951597941797,0,-5.27515301169477
3.79831670462903,0,-5.22349037382199
3.85264269193201,0,-5.22001501848313
3.8718710138165,0,-5.26462370102243
3.85240366759913,0,-5.35452407803238
3.78808869681764,0,-5.48368524482157
3.67147444674246,0,-5.64212461078718
3.49606261557943,0,-5.81562748143462
3.25926540375263,0,-5.98675717544134
2.96496740585653,0,-6.13771615161638
2.6241148670405,0,-6.25445296587234
2.25255221697642,0,-6.33009408178917
1.86714881911436,0,-6.36584586647744
1.48231881157802,0,-6.36920127171806
1.1083358549165,0,-6.35085375564619
0.751444332765712,0,-6.32186108721891
0.414979483356741,0,-6.29180147969171
0.100702039453138,0,-6.26790779576569
-0.19012880672214,0,-6.25483586827472
-0.456132451253373,0,-6.25472668452951
-0.695666155457945,0,-6.26737457518601
-0.90712934004773,0,-6.29048994079735
-1.08960771182286,0,-6.32017000715707
-1.24363553006997,0,-6.35169841055404
-1.37173573738883,0,-6.38063866399563
-1.47841677363396,0,-6.40392464724969
-1.56955301381455,0,-6.42048388395272
-1.65142059873558,0,-6.43105162988208
-1.72981220678197,0,-6.43720783809626
-1.80947369913318,0,-6.44004048416238
-1.89377110107179,0,-6.43900011682558
-1.98432983933808,0,-6.43146237755208
-2.08055747451599,0,-6.41334189173247
-2.17933219292721,0,-6.38076492235612
-2.27533427499395,0,-6.33223779410232
-2.36218218058462,0,-6.27024036761293
-2.43389286184634,0,-6.20136111342758
-2.48590693888923,0,-6.13500171490558
-2.51528353470145,0,-6.08139606081965
-2.52016546911486,0,-6.04961439971535
-2.49884407481272,0,-6.04579521645057
-2.4488930922599,0,-6.07164017423346
-2.36701809974875,0,-6.12329895834348
-2.25017547503063,0,-6.19102537988719
-2.09789415888142,0,-6.26026294303417
-1.91478855398226,0,-6.31479785813794
-1.71151010703485,0,-6.34174805063343
-1.50272149211531,0,-6.33633462512268
-1.30274063920625,0,-6.30334112496462
-1.12164098140507,0,-6.25417682017037
-0.964027035938205,0,-6.20179868850865
-0.8302219000097,0,-6.1565120160085
-0.718180465521428,0,-6.12399603620543
-0.624771202278837,0,-6.10535533338089
-0.546092894285928,0,-6.09847561586022
-0.477307189730125,0,-6.09996941774145
-0.412672077595262,0,-6.10706638437912
-0.346113062153157,0,-6.11886776988829
-0.272148054368782,0,-6.13658571571864
-0.186684877919499,0,-6.16278351716107
-0.0873018347446672,0,-6.20005707534427
0.0270404008306235,0,-6.24978015649438
0.156623966483717,0,-6.31137442007897
0.301646369893985,0,-6.3822236844613
0.462743640756322,0,-6.45807053685547
0.641256773708948,0,-6.53360143290494
0.839163328879033,0,-6.60287795555393
1.05859008309425,0,-6.65926700548965
1.30078162625515,0,-6.6946940804135
1.56433527758642,0,-6.69862656235208
1.84271328649343,0,-6.65816300021731
2.12208068297969,0,-6.5610717422713
2.38199407000673,0,-6.40186957392246
2.60072613205648,0,-6.18717845787988
2.76272828523989,0,-5.93541816950686
2.86296823316191,0,-5.67071712649539
2.90599410342306,0,-5.41585771623654
2.90197005612497,0,-5.18818604794924
2.86264296846205,0,-4.99883959996133
2.79859143372006,0,-4.85383490241101
2.71779102131941,0,-4.75565740412774
2.62508915393604,0,-4.7046223443277
2.52221287274489,0,-4.69974514758143
2.40807752058304,0,-4.73910122677157
2.27928624223158,0,-4.81975816191338
2.1307944942214,0,-4.93740496747596
1.95678113869073,0,-5.08583241308216
1.75182053386889,0,-5.25647402045596
1.51244665417514,0,-5.43832736399893
1.23905324198136,0,-5.61871879635422
0.9376914351399,0,-5.78540899607171
0.620762798247725,0,-5.9301428086453
0.305355161681279,0,-6.05259553888223
0.00902940629793292,0,-6.16209904179734
-0.254478372885052,0,-6.27426197669085
-0.475667445527799,0,-6.40232252406642
-0.645707897208487,0,-6.54698327606788
-0.755571107491378,0,-6.6899454055244
-0.803931164570438,0,-6.796910716357
-0.808169554152173,0,-6.83563094406341
-0.801753022797066,0,-6.80037487548837
-0.815365244996894,0,-6.71567594086495
-0.863545231365042,0,-6.61510639968374
-0.946243886583625,0,-6.52039587644245
-1.05459389536224,0,-6.43545575950686
-1.17365272735902,0,-6.35296920883745
-1.2847429533184,0,-6.26503000226288
-1.37018319075534,0,-6.16997588306387
-1.4181222040731,0,-6.07290182819403
-1.42437662348653,0,-5.98217356586574
-1.39095941124054,0,-5.90544958588695
-1.32312356886997,0,-5.8473829008306
-1.2268045006266,0,-5.80927539537093
-1.10723940643083,0,-5.7898399262195
-0.968617591963314,0,-5.78615877647215
-0.814337607791777,0,-5.79438287265993
-0.647533441774567,0,-5.81015273987056
-0.471653660055479,0,-5.82892298005143
-0.290938093952872,0,-5.84636530894806
-0.110667140776749,0,-5.85892505160462
0.0629096082490798,0,-5.86449688762928
0.223009369441391,0,-5.86308891092674
0.363068888462776,0,-5.85726452726898
0.477623343736054,0,-5.85213600087573
0.562992660801404,0,-5.85479564017406
0.6174578619992,0,-5.87328283381251
0.640776685494624,0,-5.91534351644466
0.633118646239481,0,-5.98720608413967
0.59368586876546,0,-6.09239516188559
0.519442103738274,0,-6.23037892316334
0.404593902726831,0,-6.39478915813961
0.241754971731919,0,-6.571312583665
0.026157956928773,0,-6.73611561431715
-0.237785833912183,0,-6.85844832162259
-0.53273061601484,0,-6.91018212451749
-0.830562725816122,0,-6.87718963811948
-1.10211564873107,0,-6.76554859506712
-1.32772408611083,0,-6.59705409256785
-1.50078666912872,0,-6.39839286349953
-1.62428539003998,0,-6.19240667648858
-1.70522819451174,0,-5.99476779040963
-1.75061648175373,0,-5.81444718169198
-1.7656848878663,0,-5.65549613571786
-1.75373171889864,0,-5.51874238380358
-1.71668742025463,0,-5.40301947682422
-1.65584641476566,0,-5.30600634903149
-1.572468864319,0,-5.224829752953
-1.4681410632793,0,-5.15651702290745
-1.34489287130156,0,-5.0983190469726
-1.20513631872296,0,-5.04790046384876
-1.05151597557599,0,-5.00340913533067
-0.886750361566795,0,-4.96346132496774
-0.713509073576523,0,-4.92708923155413
-0.534334258210501,0,-4.89368820923962
-0.351592949233397,0,-4.86298073945996
-0.167441968921258,0,-4.83499446576228
0.0162054928996834,0,-4.81003972490363
0.197710627070509,0,-4.78867017423792
0.375726658513001,0,-4.77161658740851
0.549190351327611,0,-4.75969440754271
0.717279312681815,0,-4.75369496651515
0.87933704496061,0,-4.75427427400985
1.03477813152112,0,-4.76185090600733
1.18299281236968,0,-4.77651828487527
1.3232719869354,0,-4.79797106859663
1.45477134801759,0,-4.82544447062834
1.57652875541998,0,-4.85767071507629
1.68754291973805,0,-4.89286715976728
1.78691287661153,0,-4.92878190085777
1.87402427898453,0,-4.96282832164584
1.94874941347312,0,-4.99233113790049
2.01160821000617,0,-5.01487527101366
2.06383120713862,0,-5.0286986927023
2.10728814068748,0,-5.03302598652264
2.14429656855481,0,-5.02823830677939
2.17737515563298,0,-5.01583264544824
2.20902040907897,0,-4.99820522006372
2.24155729619014,0,-4.97834440854253
2.27707129801514,0,-4.9595122148829
2.31740387934306,0,-4.94494942766793
2.3641932229357,0,-4.93759538366489
2.41895068699619,0,-4.9397936597128
2.48315666590642,0,-4.95296503002416
2.55832835680043,0,-4.97725905110986
2.64597645777007,0,-5.01123126897685
2.74736638399742,0,-5.05162206253531
2.86305395032936,0,-5.09332697713718
2.99225593235656,0,-5.12964437174384
3.1322019129523,0,-5.15287141930896
3.27768016259115,0,-5.15529811155673
3.42104836894816,0,-5.13058581879274
3.55298990174861,0,-5.0753309085581
3.66410513333241,0,-4.99029832140166
3.74694052201799,0,-4.8806373049089
3.79760048170505,0,-4.75476900839265
3.81623186449348,0,-4.62242567667637
3.80637375046757,0,-4.49275074426673
3.77370766709357,0,-4.37308364716286
3.72475235368062,0,-4.26852252658151
3.66579056070952,0,-4.18205722030506
3.60211265548139,0,-4.11501560474751
3.53757786874132,0,-4.06760971534088
3.47446349589767,0,-4.03942263309403
3.41354555864568,0,-4.0297413523601
3.354328794523,0,-4.03771539044569
3.29533602669222,0,-4.06238006824989
3.23438532498446,0,-4.1026027555387
3.16882133077789,0,-4.15699514824016
3.09570912570194,0,-4.22381250365012
3.01202831262716,0,-4.30085475709024
2.91491002635468,0,-4.38539711867124
2.80193765692626,0,-4.47419479530909
2.67148972358982,0,-4.56360864153602
2.5230570526012,0,-4.6498725070052
2.35744170662306,0,-4.72947163839871
2.17676476331902,0,-4.79954980684952
1.98427115643242,0,-4.85824619924992
1.78398576650637,0,-4.9048953399127
1.58030477349816,0,-4.94007854160564
1.3775933110934,0,-4.96555280966766
1.17983220923275,0,-4.98408720493806
0.990339908787166,0,-4.99922430353165
0.811593371949756,0,-5.01497844345004
0.645170774277455,0,-5.03548932143184
0.491827949509048,0,-5.06466058672151
0.351698854809343,0,-5.10581794840916
0.224583616516872,0,-5.16141572246042
0.110264322256905,0,-5.23280679338633
0.00877636241295376,0,-5.32007473958389
-0.0794337946140814,0,-5.42191603173751
-0.153516075834497,0,-5.53556135091998
-0.212415507598124,0,-5.65674173898604
-0.255260401195466,0,-5.77973797300493
-0.281906762434999,0,-5.89759735766026
-0.29355503868473,0,-6.00264677282808
-0.293267274538847,0,-6.08742853610538
-0.286110308292315,0,-6.14605199509053
-0.27865317344474,0,-6.17564547789177
-0.27780576862428,0,-6.17728703005922
-0.289421267760161,0,-6.15586917340442
-0.317299168390059,0,-6.11890999810768
-0.362977344909947,0,-6.07487281644342
-0.426255044571669,0,-6.03162859956141
-0.506109896624514,0,-5.99539603732696
-0.601624425578931,0,-5.97018065185919
-0.712619339326475,0,-5.95757638134509
-0.839832302303305,0,-5.95677818757895
-0.984639052971995,0,-5.96472202134345
-1.14844001667925,0,-5.97635508585232
-1.33190251996252,0,-5.98509290688689
-1.53426660510752,0,-5.98351529390255
-1.75291194831475,0,-5.96428909494268
-1.98334120913187,0,-5.92119623898645
-2.21963496160072,0,-5.85003441684048
-2.455271994825,0,-5.74912439296507
-2.68405380698947,0,-5.61926759759025
-2.90083161952688,0,-5.46321559010954
-3.10184978603004,0,-5.28490243301233
-3.28471298329184,0,-5.08873310045801
-3.44813283036414,0,-4.87911526054213
-3.59164468682492,0,-4.66025849262029
-3.71541827076648,0,-4.43614009173089
-3.82017460459871,0,-4.21050156868008
-3.90713543293202,0,-3.98679093537251
-3.97791502246284,0,-3.76805274988817
-4.0343149496708,0,-3.5568268386964
-4.07805428197839,0,-3.3551143508706
-4.11050986932236,0,-3.16442328079197
-4.13253575581366,0,-2.98585910620757
-4.14439503313329,0,-2.82021107905158
-4.14580167374377,0,-2.6680006156727
-4.13605054353539,0,-2.52948567354666
-4.11420868533603,0,-2.40463688230412
-4.07933952075474,0,-2.2931115184861
-4.03072696917679,0,-2.19425100006311
-3.96806088178931,0,-2.10711835420701
-3.89154734804752,0,-2.03057663695484
-3.80192373977908,0,-1.96339306939815
-3.70038472344643,0,-1.90434430508398
-3.58844871798344,0,-1.85230018092269
-3.46780302241074,0,-1.80627394049534
-3.34015926366505,0,-1.76543915527533
-3.20713681692457,0,-1.72912161009374
-3.07017908643794,0,-1.69677679077097
-2.93050016975982,0,-1.66796199230808
-2.78905712826409,0,-1.64230880138792
-2.64654342633937,0,-1.619498436701
-2.50339964853325,0,-1.59924003250501
-2.35983700539175,0,-1.58125094216234
-2.2158675016153,0,-1.56523880683376
-2.0713333158619,0,-1.55088723621581
-1.92592859974878,0,-1.53784939884569
-1.77921018850963,0,-1.52575501755299
-1.63059847548326,0,-1.51423514420649
-1.47937366937837,0,-1.50296604784398
-1.32467416674147,0,-1.49173025426006
-1.16550300878614,0,-1.48049085977156
-1.00074704042905,0,-1.46947511036571
-0.829213231484761,0,-1.45926389049126
-0.649688255753618,0,-1.45088354035865
-0.461029875453648,0,-1.44589390832492
-0.26229978302521,0,-1.4464612477413
-0.0529447790035282,0,-1.45539732043998
0.166975332006446,0,-1.47613929472817
0.396528895656952,0,-1.51264255666357
0.633655093383349,0,-1.56916446144938
0.874953704097422,0,-1.64993319710118
1.11556974204508,0,-1.75871911625889
1.34920880884298,0,-1.89834713795466
1.5682979010677,0,-2.07019745129963
1.76428974630345,0,-2.27373360148738
1.92811106053817,0,-2.50608121540985
2.05078029097897,0,-2.76167849148159
2.12425211491727,0,-3.03205472266614
2.1425440924879,0,-3.30587458953566
2.10310854334118,0,-3.56948412222507
2.00819303982712,0,-3.80821530788913
1.86565382750159,0,-4.00851164539319
1.68858756359394,0,-4.16048294906713
1.49349625668318,0,-4.26003399516841
1.29741816052671,0,-4.30969715287624
1.11500530433868,0,-4.31788497489238
0.956459794607668,0,-4.29700956329837
0.826721615011209,0,-4.26123605236891
0.725814659095922,0,-4.22448858807047
0.650044801175626,0,-4.19900532443256
0.593727943322398,0,-4.19447171092512
0.551131453670545,0,-4.21761271197554
0.518225376742834,0,-4.27208926695382
0.49374643229657,0,-4.35858549435928
0.479233674384325,0,-4.4750325082759
0.478137986090328,0,-4.61694891573895
0.494477770223486,0,-4.77788792579875
0.531525407571067,0,-4.94999178413737
0.590793543436691,0,-5.12467250821513
0.671410606230713,0,-5.29344282099301
0.769925853261506,0,-5.44888248037532
0.880597749583829,0,-5.58562397451145
0.99618089297642,0,-5.70110623577599
1.10907572805435,0,-5.79577671223394
1.21251132286474,0,-5.87253644694464
1.30136777303269,0,-5.93551592765543
1.37242312344211,0,-5.98856937029569
1.42413383796691,0,-6.03398510627805
1.45628580663914,0,-6.07178964184194
1.4698180970443,0,-6.09979386328095
1.4668776823868,0,-6.11432189703011
1.45091223899622,0,-6.11140195431598
1.42652576703576,0,-6.08805276600977
1.39895770846841,0,-6.04321143141696
1.37330223750953,0,-5.97794942964973
1.35375771389096,0,-5.89494585655504
1.34314776551633,0,-5.79753362377962
1.34275916766929,0,-5.68876877663202
1.35238979798189,0,-5.57086859307155
1.37049530091563,0,-5.4451563004859
1.39441793035579,0,-5.3124516211823
1.42075872098802,0,-5.17369664652955
1.44593171562879,0,-5.03052771723936
1.46682395217091,0,-4.88552635669327
1.48136122934169,0,-4.74201679841564
1.48874470880686,0,-4.60348817905522
1.48923358992672,0,-4.47292200294535
1.4835818964828,0,-4.35237811009477
1.47245078822331,0,-4.24303923452877
1.45611641974036,0,-4.14561150474021
1.43455679399868,0,-4.06077849400991
1.4077513718152,0,-3.98946116333737
1.37596071154285,0,-3.93282800027919
1.3398474224004,0,-3.89213817527558
1.30042688134382,0,-3.86852822221218
1.2589180466971,0,-3.86282156321325
1.21658740754981,0,-3.87540914215012
1.1746502257477,0,-3.9062398237008
1.1342237957268,0,-3.95495557958192
1.09624154998586,0,-4.02117075551561
1.06118582336256,0,-4.10479070590018
1.02857028365106,0,-4.20610614907292
0.996395217873872,0,-4.32533328915684
0.961187899127599,0,-4.46158118978086
0.919146938749186,0,-4.61191282025567
0.867985224053081,0,-4.77143737499149
0.808238157810712,0,-4.93458349035762
0.743151269238429,0,-5.09664894896341
0.677347571936164,0,-5.25455816706445
0.6151673781883,0,-5.40647995431766
0.559443008954931,0,-5.55077177206031
0.510914930908829,0,-5.68502441259086
0.468103963991956,0,-5.80577363076875
0.427450370410461,0,-5.90904888632685
0.383727119163255,0,-5.99156956171193
0.330820794334406,0,-6.05209614301383
0.262786511033337,0,-6.09225011681584
0.17477015470688,0,-6.11624427290173
0.063324936093289,0,-6.12946143305048
-0.0739937364472628,0,-6.13629859012851
-0.239312891518888,0,-6.13781453102043
-0.434527286111317,0,-6.12969509033361
-0.659916255378164,0,-6.10127335706277
-0.911282388520491,0,-6.0366629601782
-1.1771523370583,0,-5.91870195701628
-1.43848286157094,0,-5.73486519492549
-1.67216044014658,0,-5.4824348644438
-1.8568076721635,0,-5.16998460021229
-1.97760646187336,0,-4.81460929212375
-2.02803122596233,0,-4.43717565164592
-2.0089602811386,0,-4.05824288573889
-1.9267779424724,0,-3.69565075263846
-1.79155910920901,0,-3.36339842549247
-1.61557976213263,0,-3.07115943066941
-1.4119580331215,0,-2.82410042927659
-1.19322529572262,0,-2.62307170937633
-0.969921154687437,0,-2.46544058960745
-0.749713241376272,0,-2.34662170680341
-0.53757033209417,0,-2.2616996705782
-0.336718706180151,0,-2.20624717227554
-0.149423322495969,0,-2.17631259578542
0.0227798482830643,0,-2.16833910697816
0.179031851942592,0,-2.17934454710307
0.319029923162691,0,-2.20713119698607
0.442898208259256,0,-2.25032562507911
0.551137391599213,0,-2.30825609634375
0.644642297486675,0,-2.38075852433417
0.724719683902421,0,-2.46798853726405
0.793045017829072,0,-2.57028199180254
0.851532851259192,0,-2.68807845591948
0.902127219081021,0,-2.82190388494995
0.946530579395772,0,-2.97239594319625
0.985884674829768,0,-3.14034355400228
1.02040744574048,0,-3.32669652976955
1.04899203587002,0,-3.53247942673941
1.06879913755816,0,-3.75852180247938
1.07492662074006,0,-4.00491221959693
1.06030877667302,0,-4.27012090566826
1.01604950233145,0,-4.54983241284933
0.932393559722821,0,-4.83567334087496
0.800481934276291,0,-5.11418518727714
0.614931205271541,0,-5.36659915258442
0.377008139159501,0,-5.57027219189035
0.0973995791661645,0,-5.70277364650552
-0.203625221926708,0,-5.74848770665862
-0.50063088301505,0,-5.70463936050436
-0.77045082110948,0,-5.58220636174312
-0.997932333718468,0,-5.40106617573432
-1.17729536772795,0,-5.18336189553602
-1.31021099613863,0,-4.94869395623514
-1.4027654680169,0,-4.71196440239901
-1.46267855057332,0,-4.48321551892387
-1.49735659083513,0,-4.26859332014772
-1.51290392862757,0,-4.07170014964322
-1.51391832500694,0,-3.89479476105778
-1.50373985369894,0,-3.73954885153527
-1.48484139637919,0,-3.60732831802602
-1.45918408151475,0,-3.49915008307358
-1.42848809425519,0,-3.41552536558253
-1.39440671768826,0,-3.35636072986126
-1.35856500097614,0,-3.3210038903075
-1.32241590355661,0,-3.30842959066649
-1.28691422907971,0,-3.3174822721267
-1.25207597869897,0,-3.3470469900065
-1.21652833831993,0,-3.39601618441514
-1.17716871487768,0,-3.46294362895753
-1.12909940238913,0,-3.54532510705287
-1.06612718713869,0,-3.63857763647937
-0.98220136380191,0,-3.7351164899744
-0.873837200793194,0,-3.82439009422262
-0.742567747676209,0,-3.89470989603711
-0.595643360064518,0,-3.93647398843353
-0.444157856480085,0,-3.94483942716428
-0.299926180872728,0,-3.92020320783671
-0.173130999381905,0,-3.86676108335457
-0.0715884336597943,0,-3.79055222827965
-0.00128706589320149,0,-3.69809949787079
0.0324940145677378,0,-3.59608616281171
0.0241240314721464,0,-3.49217251438252
-0.032647863213405,0,-3.39692341871374
-0.143056493493056,0,-3.32632728470672
-0.306749630558749,0,-3.3029864429477
-0.511465995719961,0,-3.3526504066642
-0.730105458469097,0,-3.49502073640953
-0.925732820655378,0,-3.73434170098186
-1.06123598799676,0,-4.0568412296269
-1.10643958547192,0,-4.43444370683949
-1.04091601735786,0,-4.82904970754687
-0.856204267876879,0,-5.19490931921876
-0.560784383748085,0,-5.48232770367857
-0.18542128170197,0,-5.64826398281733
0.220244754341809,0,-5.67207543824495
0.602809564726909,0,-5.5627671615074
0.919706276300368,0,-5.3515430571734
1.14466037134974,0,-5.08011076590096
1.26781320643157,0,-4.79263162517665
1.29486753896163,0,-4.53015453279445
1.24499201553673,0,-4.32525811389737
1.14600804970158,0,-4.19773226701589
1.02769925467433,0,-4.15352746548599
0.915956971880847,0,-4.18718585331591
0.829230465546066,0,-4.28572696127732
0.776746248008208,0,-4.43261809334933
0.758456850471471,0,-4.61224806766039
0.768495486616148,0,-4.81476777782799
0.803081636691933,0,-5.03833496356795
0.868703396377582,0,-5.28459791520681
0.981941525269031,0,-5.54826724824797
1.15912713679508,0,-5.80968852937259
1.40543167342366,0,-6.03602120514392
1.7090260499691,0,-6.18683057047209
2.03753063599111,0,-6.22186641171607
2.33815479111306,0,-6.11619904170855
2.55316038833408,0,-5.88078995841647
2.6484614444059,0,-5.56344365985109
2.6244551496388,0,-5.2222508234028
2.50387724223293,0,-4.90315712374057
2.31870642540847,0,-4.63365360582038
2.10270613800837,0,-4.42193933662882
1.88432388820525,0,-4.25711003749649
1.67822185890349,0,-4.11609793480638
1.48274328294559,0,-3.97941927076883
1.28743020416497,0,-3.84257065293803
1.08268242712234,0,-3.71511185282753
0.865554429087087,0,-3.61415404797292
0.641850330182249,0,-3.55743186760324
0.425118743685403,0,-3.55743918063176
0.233197845573736,0,-3.61788788301901
0.0837910096542712,0,-3.73297955980344
-0.00942427936813017,0,-3.8889272882937
-0.0391731120913996,0,-4.06675644854688
-0.00509490572493043,0,-4.24527349349593
0.0870896253609418,0,-4.40321767318517
0.226571491951228,0,-4.52042367402023
0.397766934664104,0,-4.57896189608311
0.580458043164085,0,-4.5655754900466
0.751442085837683,0,-4.47535154697019
0.888503281558353,0,-4.31411114256809
0.974636918769061,0,-4.09691646105778
0.999589578045286,0,-3.84378905227303
0.958626620074968,0,-3.57614364842499
0.850805381477606,0,-3.31565283005529
0.678688124153962,0,-3.08460127092782
0.449858047221084,0,-2.90564660999917
0.178885415545394,0,-2.79925615391681
-0.11276231356134,0,-2.77890102070649
-0.400601843105836,0,-2.84663114114512
-0.663534462449801,0,-2.99262946499625
-0.888564627536304,0,-3.19998024414527
-1.07027095819712,0,-3.45140223926065
-1.20640792879115,0,-3.732739305446
-1.29443178594807,0,-4.03188231857809
-1.33102569228337,0,-4.33609248605731
-1.31335310196211,0,-4.63004765082035
-1.24095183206182,0,-4.89489450558181
-1.11834581992225,0,-5.10857979439607
-0.958176301950613,0,-5.24895611888383
-0.782511317834981,0,-5.30095804337943
-0.618704446406232,0,-5.26456848350464
-0.490958681082192,0,-5.1560358445978
-0.414358912112209,0,-5.00113723866524
-0.394182247012013,0,-4.8273983781426
-0.427504315458038,0,-4.65949198785242
-0.504587392664218,0,-4.51683375848279
-0.610091141419238,0,-4.41168847435904
-0.725286086727576,0,-4.34782495700512
-0.832012361488948,0,-4.32133391574639
-0.917550024503445,0,-4.32482212926543
-0.978084204783308,0,-4.35301959908771
-1.01899980141703,0,-4.40542353184529
-1.05253078814035,0,-4.48431248890241
-1.09438112341092,0,-4.59055442082153
-1.15997000521586,0,-4.72010431574645
-1.26032687471075,0,-4.86290677466663
-1.39880403099511,0,-5.00487928880564
-1.57067401895394,0,-5.13165990292689
-1.7656527375743,0,-5.23125081589179
-1.97070039155288,0,-5.29446286688519
-2.1712698416755,0,-5.31487904814746
-2.35189044941126,0,-5.29003077811933
-2.4978663746592,0,-5.22337923551101
-2.59838213078395,0,-5.12507218692112
-2.64923312968247,0,-5.00997175225377
-2.65324851312576,0,-4.89382405677133
-2.6184450972218,0,-4.78984825668182
-2.5553813731584,0,-4.70709439864365
-2.47490964111135,0,-4.65047235092091
-2.3866962736232,0,-4.62178197031218
-2.29832172704966,0,-4.62111795883497
-2.21449708216719,0,-4.64818112502692
-2.13596653281889,0,-4.70307368657471
-2.05822261373718,0,-4.78601149674247
-1.97115042773013,0,-4.89542623291519
-1.86115439681112,0,-5.02494974701693
-1.71595403106129,0,-5.1613768531652
-1.52983398227147,0,-5.28564681798522
-1.30656564263493,0,-5.37655758192688
-1.05921318759766,0,-5.41518957516685
-0.807846745818324,0,-5.38865454727542
-0.576015287675547,0,-5.29293727060772
-0.386166547023474,0,-5.13431385357233
-0.254934222752648,0,-4.92812788348952
-0.190334280628086,0,-4.69480694236941
-0.192016472263677,0,-4.45510623387598
-0.253593474052445,0,-4.22676210521913
-0.365341231157174,0,-4.02312754505806
-0.516318134655676,0,-3.85317651160615
-0.695757942695203,0,-3.72215799786884
-0.893881066820306,0,-3.632492307885
-1.10224369584849,0,-3.58473038885744
-1.31367046806573,0,-3.57845743574584
-1.52181266944369,0,-3.61299174976124
-1.72045801468206,0,-3.68767993149283
-1.90290285066793,0,-3.80155134934666
-2.06200395690043,0,-3.95221254186268
-2.19156130419179,0,-4.13456203373204
-2.28830786051495,0,-4.34090250575773
-2.35192542697779,0,-4.56291286812418
-2.38250101288511,0,-4.79306264613225
-2.37838690605794,0,-5.02375969847231
-2.3363795036341,0,-5.24543833866668
-2.25369775691035,0,-5.44527372106359
-2.13084086715116,0,-5.60757961932056
-1.97432570516166,0,-5.71673900091012
-1.79743695088727,0,-5.76239954591479
-1.6173661538458,0,-5.74392971186137
-1.45016043705249,0,-5.67049338942474
-1.30700603235052,0,-5.5571567360023
-1.19326783538373,0,-5.42054344444472
-1.10914454291405,0,-5.276132691623
-1.05065187558034,0,-5.13704297746273
-1.01061103836497,0,-5.01349968017325
-0.980078913965276,0,-4.9125195443349
-0.950810962715604,0,-4.83780755250023
-0.918479701438142,0,-4.7899673625506
-0.884797378455916,0,-4.76671950092262
-0.856597165705238,0,-4.76269210343761
-0.842233254561994,0,-4.76913599929006
-0.847457118326757,0,-4.77449225791392
-0.872595618090884,0,-4.76629157387097
-0.911905540951016,0,-4.73395159525305
-0.95515306133,0,-4.67129272698231
-0.990534489467385,0,-4.57757585317528
-1.00748447219059,0,-4.45676599416622
-0.998318240214197,0,-4.31576889197959
-0.95860629661701,0,-4.16264965521417
-0.886789525414877,0,-4.00538110445313
-0.783556106152802,0,-3.85114875386549
-0.65125042211466,0,-3.70602014211388
-0.493376622468085,0,-3.57480245936319
-0.31417314837558,0,-3.46099799316281
-0.118228400546979,0,-3.36683197397203
0.0898694043699907,0,-3.293353243847
0.305833327368985,0,-3.24060515511094
0.525905749264067,0,-3.20784815726271
0.74699360257058,0,-3.19379994455892
0.966704099304112,0,-3.1968522097527
1.18328990334082,0,-3.21522823990105
1.39552495188459,0,-3.24706138739518
1.6025366108683,0,-3.29039563141174
1.80361546522528,0,-3.34312914656686
1.99801473627806,0,-3.40293657320157
2.18474491071684,0,-3.46722143054881
2.36237275132093,0,-3.53317674482565
2.52885360264063,0,-3.59805626808066
2.68147264282155,0,-3.65972823813146
2.81704887341075,0,-3.71746700984054
2.93265017600432,0,-3.77281034701698
3.02719523309542,0,-3.83026196539998
3.10447302918818,0,-3.8974287443675
3.17758868979936,0,-3.98319826542743
3.27173575405235,0,-4.09136545362854
3.41808012852171,0,-4.21056671571283
3.63690913208619,0,-4.31039922231705
3.92284173780088,0,-4.3521053135562
4.24535304686142,0,-4.30566496794922
4.5608805853873,0,-4.1593275609375
4.82469976495803,0,-3.91966152230933
4.99846754410117,0,-3.60852687554529
5.05632595323354,0,-3.25983596450515
4.99030047701691,0,-2.91388666807519
4.81105494570889,0,-2.60892025099111
4.54249472083741,0,-2.37446822232488
4.21472514126489,0,-2.22970626818985
3.85978142259468,0,-2.18499150651273
3.51055055853856,0,-2.24331836203695
3.20106489941237,0,-2.39984217756472
2.9658754013383,0,-2.63908507653265
2.83618752475439,0,-2.93095007179723
2.83147828441315,0,-3.22885118428214
2.94843465946533,0,-3.4747457645351
3.15319383022201,0,-3.61427667683486
3.38619580066011,0,-3.61891174150095
3.58494384342492,0,-3.50001649152386
3.70972088584879,0,-3.29803293641648
3.74852018716044,0,-3.05740789575951
3.70513196742364,0,-2.81249475554938
3.58863551996739,0,-2.58742940737174
3.4095892090303,0,-2.39998123602178
3.17982024512107,0,-2.26403719745664
2.91296345458345,0,-2.19015776658534
2.62447161848037,0,-2.18502868196616
2.330776549177,0,-2.25076699749955
2.04789282860149,0,-2.38479452975519
1.79007346299844,0,-2.58049182357215
1.56906270829702,0,-2.82834087203355
1.39419434943257,0,-3.11699520693907
1.27323157470121,0,-3.43363396443346
1.21334643926818,0,-3.76299021468777
1.22069135496806,0,-4.08498239309625
1.29560069325876,0,-4.3735323284138
1.42396613547226,0,-4.60432849501884
1.57960783154178,0,-4.76880838233426
1.73887087158454,0,-4.87095464518257
1.88415085163855,0,-4.91481263563514
1.9990747821819,0,-4.90225237341178
2.06648664758702,0,-4.83708705409816
2.07092853284066,0,-4.72906058633852
2.00325288419344,0,-4.59451923851709
1.8633937524672,0,-4.45316690934247
1.65917805619958,0,-4.32361363222207
1.40301948835782,0,-4.22071120656044
1.10926014142008,0,-4.15486208945437
0.7929972938711,0,-4.13163552455951
0.469494886654553,0,-4.15031806221854
0.15275952391032,0,-4.20161078119483
-0.147310068390352,0,-4.2665978383636
-0.428130160420368,0,-4.31985498634986
-0.696132525108971,0,-4.33817707215675
-0.965450730324727,0,-4.31355286334977
-1.25149457604202,0,-4.26256164243469
-1.56029280863344,0,-4.2185017678881
-1.88317352184183,0,-4.21185363939723
-2.20075086472005,0,-4.25936305704577
-2.48873819969104,0,-4.36407416733971
-2.72121936022747,0,-4.51790595092809
-2.87300960931181,0,-4.70245089564636
-2.9245995738255,0,-4.88897810996996
-2.87089958462066,0,-5.04232039516978
-2.72735377572955,0,-5.13172215908586
-2.52449625826017,0,-5.14129551967802
-2.2956990703371,0,-5.0704097529911
-2.06969465758695,0,-4.92724134622385
-1.86985030840738,0,-4.72321104300487
-1.71653709042088,0,-4.47066762155702
-1.62972860917057,0,-4.18375826742425
-1.62822344331666,0,-3.88210747532316
-1.72340251685693,0,-3.59281386852046
-1.91317131961908,0,-3.34649652159748
-2.18132263224923,0,-3.17061854277448
-2.50115192056058,0,-3.08452374240401
-2.84031499835499,0,-3.09744310032644
-3.1647795008815,0,-3.20871976793012
-3.44112471824194,0,-3.40868035075648
-3.63801893237787,0,-3.67873999453661
-3.72885551736814,0,-3.99060916592752
-3.69720873492729,0,-4.30656362075597
-3.54371958489265,0,-4.58389085292523
-3.28923306197486,0,-4.78350116005881
-2.9714844511825,0,-4.87747242765165
-2.63975358584429,0,-4.85242422667622
-2.35079848909895,0,-4.7129655636331
-2.16058443924559,0,-4.48827945116274
-2.10658919814579,0,-4.2333274728846
-2.1921162466904,0,-4.01434616112938
-2.38834514369593,0,-3.88924719454001
-2.64510666305508,0,-3.89820225542196
-2.89867760836023,0,-4.05534071073321
-3.08702133296519,0,-4.34018071408641
-3.16773746783609,0,-4.70568114315131
-3.12186413459821,0,-5.09508943964733
-2.94876908229075,0,-5.45061420576036
-2.66484241423967,0,-5.71540660815591
-2.30787448615519,0,-5.8407007238866
-1.93550465723366,0,-5.80366981455489
-1.60725763739365,0,-5.61919454778163
-1.36552933258758,0,-5.32835748942436
-1.23281211721247,0,-4.97955543683168
-1.21783961370678,0,-4.62015148784864
-1.31947809088412,0,-4.29743085796253
-1.52425492830737,0,-4.06217146182339
-1.79660185785732,0,-3.96741960807678
-2.06835438123239,0,-4.0510909073007
-2.25228322594363,0,-4.30218053520626
-2.29012236998181,0,-4.65275213703584
-2.17942040569471,0,-5.02038913519915
-1.95129880194353,0,-5.34444008591061
-1.64434386938335,0,-5.58736515976514
-1.29743101888478,0,-5.72562045894068
-0.951446216150011,0,-5.74749697610645
-0.647819889011597,0,-5.65773951621367
-0.420484509492804,0,-5.48007099650403
-0.2880159089008,0,-5.2508931524017
-0.253052043497739,0,-5.00864092378471
-0.307036889561481,0,-4.78671647585799
-0.435024439284675,0,-4.61141630969219
-0.618455413397171,0,-4.50218607136337
-0.836400740000419,0,-4.47193404823289
-1.06651968219211,0,-4.52644771804189
-1.28705713873614,0,-4.66336485700582
-1.4797074929664,0,-4.87336357375463
-1.62943039929737,0,-5.14465966374109
-1.72108718541612,0,-5.46406786554915
-1.73893347615134,0,-5.81322810756029
-1.66870646380696,0,-6.16512451187365
-1.50124570757911,0,-6.48123542387479
-1.2402503899058,0,-6.71097556241858
-0.914143171398519,0,-6.80276595641757
-0.577209521273628,0,-6.73289616269753
-0.284739689339189,0,-6.52317898267886
-0.0691087244831587,0,-6.22086192337312
0.0595961254815205,0,-5.87251343231766
0.103570275695803,0,-5.51495918980101
0.0702438656409735,0,-5.17623420716847
-0.031019169934166,0,-4.87917373796707
-0.188513286116413,0,-4.64462905517931
-0.384839527428862,0,-4.49013274666877
-0.596948610050716,0,-4.4253467302656
-0.799805021306301,0,-4.45117363067419
-0.968674996324474,0,-4.56105641661817
-1.08002491332758,0,-4.74149751848226
-1.11243254730304,0,-4.97164633872837
-1.04849619335668,0,-5.22247061414571
-0.878725611255738,0,-5.4567282889972
-0.607463137019999,0,-5.63238420881574
-0.257448204301751,0,-5.71177211136993
0.132890182135506,0,-5.67281881599647
0.518858854822695,0,-5.51334248006543
0.856543223061536,0,-5.24716256565168
1.10308816455042,0,-4.90114556032663
1.21724580985328,0,-4.52026934986688
1.17329641033315,0,-4.17550708740902
0.989984013925021,0,-3.95235181808929
0.740292647147714,0,-3.90726651211852
0.512699681172698,0,-4.03572062931303
0.368531298658516,0,-4.29103397868803
0.336390494585502,0,-4.61718690884438
0.424481544374937,0,-4.96230126013067
0.629221505884405,0,-5.2780041900772
0.936092053957485,0,-5.51603780649691
1.31476730999767,0,-5.62964738930503
1.71507586768431,0,-5.58588455122336
2.07602873591973,0,-5.38402538007147
2.34689233440826,0,-5.05822285509234
2.49858129881813,0,-4.66051202909804
2.52033220665185,0,-4.24693401305198
2.41620815579087,0,-3.87536107927313
2.20999766340413,0,-3.60517524271625
1.95398305934415,0,-3.48575626958823
1.72429931533017,0,-3.53291114725558
1.59540230769126,0,-3.71677306198062
1.61503482356529,0,-3.97336237194195
1.79055778376419,0,-4.22498266516284
2.08865341218426,0,-4.40457142653091
2.45292627818915,0,-4.47240831573704
2.82356356655707,0,-4.4151498372538
3.14588725128574,0,-4.23859720993208
3.37378016018978,0,-3.96512188488874
3.47622527926605,0,-3.63266646949982
3.44387557455631,0,-3.28797973636513
3.28782319029368,0,-2.97615126871878
3.03234185766389,0,-2.73456656421251
2.70942876904018,0,-2.5926317882576
2.35820578984814,0,-2.57235399666011
2.02664171464708,0,-2.68508794884345
1.77021722516879,0,-2.92314599848716
1.64271512290201,0,-3.25053598003303
1.67961379319923,0,-3.6006032190363
1.87800562285758,0,-3.88693774092168
2.18286357321105,0,-4.03565194332562
2.50822039238599,0,-4.02667655503796
2.78552701716068,0,-3.89152230077767
2.97976334970067,0,-3.67537334626883
3.07625265111564,0,-3.41766571853098
3.07040596685643,0,-3.15219815830777
2.96551365380465,0,-2.90986698051637
2.77325534235445,0,-2.71856444122469
2.51338293122183,0,-2.6010994207053
2.21183727320604,0,-2.57312137803446
1.89821372980321,0,-2.64208187872485
1.60351813873779,0,-2.80697985084218
1.35819515713917,0,-3.05815408385681
1.18950567461635,0,-3.37682470075646
1.11731851073326,0,-3.73519479765169
1.14898754683254,0,-4.09888727768441
1.27572180234083,0,-4.43288158585763
1.47338627087195,0,-4.71051945138709
1.71135008961045,0,-4.91911254888315
1.96191285927957,0,-5.05414094672653
2.19957868599808,0,-5.11231826673436
2.39666309127728,0,-5.09260533294089
2.52352438661933,0,-5.00223080290384
2.55595493333053,0,-4.86185433930287
2.48505032075349,0,-4.7032096060459
2.31980350419561,0,-4.55943313969889
2.0810719780276,0,-4.45667875564899
1.79446933899699,0,-4.41122161810637
1.48628518082162,0,-4.4288559013393
1.18085535798844,0,-4.50304075776669
0.896443686159446,0,-4.61169742662981
0.639079904481502,0,-4.71744182967627
0.399192214378424,0,-4.77946997326739
0.157392319517483,0,-4.77696141238231
-0.103968313660677,0,-4.72330441166979
-0.392230284736136,0,-4.65432142001034
-0.701909389297033,0,-4.60651726974125
-1.01756640811127,0,-4.60409468007211
-1.31860971262209,0,-4.65686658855527
-1.58265906630415,0,-4.76301041163616
-1.78728588133391,0,-4.91140428097977
-1.91224686373983,0,-5.08225977711308
-1.94421548720945,0,-5.24810079532071
-1.88301758682572,0,-5.37847718520399
-1.74383306228072,0,-5.44842061677197
-1.55163642957791,0,-5.44415705889542
-1.33341726997073,0,-5.3608395088942
-1.11653977844271,0,-5.1956189040846
-0.935047382445991,0,-4.94542530592263
-0.831292579227122,0,-4.6203833417119
-0.83468255861504,0,-4.25693583692862
-0.946329649927758,0,-3.90055121635935
-1.1504093582944,0,-3.58714399178818
-1.42528232254193,0,-3.34122397355018
-1.74701971478277,0,-3.17869552425674
-2.09003624140853,0,-3.10874148921234
-2.42718481540297,0,-3.13427450539669
-2.73033424855308,0,-3.25130982085142
-2.97202092366001,0,-3.4479034134373
-3.12834698306247,0,-3.70351401006884
-3.18261387665105,0,-3.98963656290265
-3.12857244397947,0,-4.27183522050534
-2.97276492072052,0,-4.5121987981377
-2.73731082490114,0,-4.67174710082895
-2.46440900725808,0,-4.71593615408971
-2.21727614811702,0,-4.62857652652237
-2.06588328438625,0,-4.42888903162333
-2.06062655461065,0,-4.17251896468089
-2.21577932715742,0,-3.93385331349929
-2.50696440624327,0,-3.78570473564404
-2.87628810643884,0,-3.7776041223322
-3.25243424257678,0,-3.92008752189003
-3.57325998003718,0,-4.191782241869
-3.79113069908532,0,-4.55510377167161
-3.86811692363686,0,-4.961388484547
-3.77699229394349,0,-5.34623946294037
-3.51830729116952,0,-5.63074590652443
-3.14051055543076,0,-5.75027610460148
-2.72295185335472,0,-5.68962796226391
-2.33727002297308,0,-5.47579328682069
-2.03478813555405,0,-5.15239731278253
-1.85119401503704,0,-4.77035806571436
-1.80624767838247,0,-4.39024743915992
-1.89264919080598,0,-4.08022431238742
-2.06667715649292,0,-3.89815327034595
-2.2596849655703,0,-3.87054679645377
-2.40003277738879,0,-3.98908576631064
-2.42718213617319,0,-4.21486607586343
-2.30602889229316,0,-4.48259183101945
-2.04126266080942,0,-4.71736774746593
-1.67373100241528,0,-4.86100712966889
-1.25933913642164,0,-4.88554891424481
-0.851081653462526,0,-4.78889941721536
-0.492453635200941,0,-4.58588043081498
-0.216317877169865,0,-4.30250567637411
-0.0440467875511578,0,-3.97261390368938
0.0157368172733127,0,-3.63446458563759
-0.0323489122183438,0,-3.32659042161407
-0.171480017519733,0,-3.08365386658824
-0.374824846638776,0,-2.93326655230991
-0.607899344606122,0,-2.89392455362096
-0.830434574779776,0,-2.97319184577573
-0.998303867739927,0,-3.16489561578807
-1.0673089779886,0,-3.44498232050016
-1.00100179664475,0,-3.76765538468577
-0.784619607928799,0,-4.06645431974446
-0.442870478780996,0,-4.27149372287356
-0.037711585480775,0,-4.34570944693386
0.368063623758855,0,-4.29752324110114
0.734114311849383,0,-4.15456970067576
1.03689755324426,0,-3.944185242029
1.26106401969144,0,-3.69154425940377
1.3971936049897,0,-3.42238531929856
1.44327765801816,0,-3.16384202960711
1.40645080509567,0,-2.94244297099172
1.30267208813471,0,-2.78068702559429
1.15413775299648,0,-2.69434938510531
0.985944302537097,0,-2.6916203423876
0.823467819960467,0,-2.77357177487874
0.690722790926003,0,-2.93485053783026
0.608976153850224,0,-3.16397128069885
0.594709306762352,0,-3.44354035213024
0.656882910074338,0,-3.75159508316819
0.795068497727463,0,-4.06495087842085
1.00091962900495,0,-4.36325408576115
1.26272713010712,0,-4.63000958279203
1.56776677682003,0,-4.85007199227272
1.90048926826099,0,-5.00781312842234
2.23946236214459,0,-5.08773480117225
2.55505260307064,0,-5.07796151958451
2.81096495353755,0,-4.97767485958613
2.97430518326971,0,-4.80511624092961
3.03022602587005,0,-4.59567043042418
2.98635720656812,0,-4.38802123005111
2.86452000255195,0,-4.21198160828577
2.69139372335714,0,-4.08482027437959
2.49361541910783,0,-4.01119387530012
2.29490187443695,0,-3.9822585595397
2.11180617094514,0,-3.97538232395183
1.94893876558133,0,-3.96164899084428
1.8000821203356,0,-3.92182873132043
1.65552686685974,0,-3.85417110425978
1.50759133382335,0,-3.76852492168348
1.35205050893965,0,-3.67878267296758
1.18788893090464,0,-3.59844249385701
1.01657409398213,0,-3.53845162117804
0.841171989540259,0,-3.50674314421674
0.665751114499222,0,-3.50879632565589
0.495359096600504,0,-3.54839274598354
0.336466536989192,0,-3.62797858879206
0.197478452566407,0,-3.74836754330128
0.0887881610134431,0,-3.90782521703665
0.0219310218629329,0,-4.10089625785497
0.00773301987273145,0,-4.31759262549384
0.0538693233660809,0,-4.54354959016366
0.16263935752573,0,-4.76133021308826
0.329613320918281,0,-4.95245061436043
0.5431197988567,0,-5.09953434503612
0.784106174805299,0,-5.18866158015156
1.0266983991168,0,-5.21280272847976
1.24161413158995,0,-5.17646008121269
1.40452821603058,0,-5.09825881155509
1.5063673880809,0,-5.00624757148517
1.55757085742533,0,-4.92632159983474
1.58282736400812,0,-4.87187108349924
1.61088837507879,0,-4.84156754976391
1.66486208759694,0,-4.82614136567675
1.75561758917324,0,-4.82016162947585
1.88029222721597,0,-4.82921119517671
2.02564912737182,0,-4.86594129150517
2.17272259771579,0,-4.94152037125725
2.29999020639097,0,-5.06008887376086
2.38521676155601,0,-5.21641630181747
2.40746947837112,0,-5.39480358301726
2.35077463877176,0,-5.5690285261762
2.21006738738291,0,-5.7054342155466
1.99681898332339,0,-5.77190192611331
1.73767629133918,0,-5.74978157274402
1.46460714970213,0,-5.63854029706414
1.20597155860862,0,-5.44972284217236
0.985642384799641,0,-5.19872791633953
0.82724269376001,0,-4.90230582544007
0.755184738232802,0,-4.58305182299051
0.786063825647498,0,-4.27386014850792
0.918021866585674,0,-4.01262508081452
1.13090579715192,0,-3.8320602133655
1.393095844775,0,-3.75416812180453
1.66767576046678,0,-3.78796451602348
1.91773879005926,0,-3.92884806114179
2.11030293879666,0,-4.16018602196405
2.21789226170313,0,-4.45565721896465
2.21898614945975,0,-4.78021363051813
