-4.95813587974964,0,0.144836957231611
-4.95843997619143,0,0.142943280920347
-4.95904806962768,0,0.139154732419472
-4.95995997283023,0,0.133468827375583
-4.96117537696686,0,0.125881963593841
-4.96269385946899,0,0.116389311058897
-4.96451486382426,0,0.104984855054645
-4.96663768895372,0,0.0916613557968654
-4.96906146606543,0,0.0764103611491318
-4.97178513743284,0,0.0592221788813967
-4.97480742603778,0,0.040085875995978
-4.97812680386375,0,0.0189892521814784
-4.98174145164883,0,-0.00408117070990321
-4.98564921500806,0,-0.029140178950672
-4.98984755147442,0,-0.0562038871201762
-4.99433347176973,0,-0.0852897754194419
-4.9991034706718,0,-0.116416720650186
-5.00415344975885,0,-0.149605043408803
-5.00947862770637,0,-0.184876551544564
-5.01507343967402,0,-0.22225459996802
-5.02093142140949,0,-0.26176414849947
-5.02704507900333,0,-0.30343183681764
-5.03340573958312,0,-0.347286058440682
-5.04000338335013,0,-0.393357052968172
-5.04682645160668,0,-0.44167699730201
-5.05386163068559,0,-0.49228011642314
-5.06109360547791,0,-0.545202791660758
-5.06850478200716,0,-0.600483689711534
-5.07607497141742,0,-0.658163885324525
-5.08378103446275,0,-0.718287005691366
-5.09159647706754,0,-0.780899360944896
-5.09949099592575,0,-0.846050096979642
-5.10742996232996,0,-0.913791320808311
-5.11537384361039,0,-0.984178248871162
-5.12327754724259,0,-1.05726930436887
-5.1310896885018,0,-1.13312623971495
-5.13875176258374,0,-1.21181416770937
-5.14619722561864,0,-1.2934016259967
-5.15335045996346,0,-1.37796048025337
-5.16012563542592,0,-1.46556588699018
-5.16642543430011,0,-1.55629596909919
-5.17213966518275,0,-1.65023162700198
-5.17714372363567,0,-1.74745582266213
-5.18129694636335,0,-1.84805320627764
-5.18444080743357,0,-1.95210872332059
-5.18639702958664,0,-2.05970711805294
-5.18696556864367,0,-2.17093031349234
-5.18592253715494,0,-2.28585718057595
-5.18301814805781,0,-2.40455847538099
-5.17797450753161,0,-2.52709830052536
-5.17048400219086,0,-2.65352349937335
-5.16020674653562,0,-2.78387150592456
-5.1467709313277,0,-2.91814527216048
-5.12976808543536,0,-3.05634280462045
-5.10876095545965,0,-3.19838951031081
-5.08326686967992,0,-3.34424053749926
-5.0527962308069,0,-3.49367592399769
-5.01677770656604,0,-3.64665296953883
-4.97472987030201,0,-3.80262995813343
-4.92591362864025,0,-3.96180102033078
-4.87009973831911,0,-4.12275198574224
-4.8060552710075,0,-4.28665491462764
-4.73443467065776,0,-4.4501773137958
-4.65431742109145,0,-4.61383197015443
-4.5636700554935,0,-4.7795408709881
-4.46431217335046,0,-4.94263620817396
-4.35580864097969,0,-5.10277636412635
-4.2357340752957,0,-5.26188070013158
-4.08386660632255,0,-5.43957363266024
-3.88863104989354,0,-5.63840461119447
-3.6474527654884,0,-5.84916019860531
-3.3641860261144,0,-6.05839016336669
-3.05163490848833,0,-6.25061474956486
-2.70520736547754,0,-6.42453851536622
-2.34630076902203,0,-6.56733374932716
-1.97687362119025,0,-6.67945885589349
-1.59588172310017,0,-6.76447271668271
-1.21370657225605,0,-6.82034087191119
-0.835526492722428,0,-6.85212185390559
-0.46272474209984,0,-6.85823150272072
-0.0985552409835158,0,-6.8415584917276
0.24744440413989,0,-6.80978953864699
0.569187681831389,0,-6.7693002793694
0.869744535305459,0,-6.72070335944875
1.14647276684196,0,-6.66738812925048
1.40547714305014,0,-6.60726044146201
1.64280082835636,0,-6.54405823237746
1.86499624473303,0,-6.4752115684415
2.06939858141941,0,-6.40397032552862
2.26043770856208,0,-6.32909140738659
2.43776583646916,0,-6.25266672185833
2.60398730205316,0,-6.17459846708895
2.75994727373845,0,-6.09606658041139
2.90717937512632,0,-6.01748133197649
3.04670362141126,0,-5.93947870683897
3.17950257615305,0,-5.86244763667071
3.30635222881016,0,-5.78668789618971
3.42787795103644,0,-5.71235499432215
3.54455102458924,0,-5.63948037114252
3.65670044723668,0,-5.56798312431666
3.76452290664622,0,-5.49769075537221
3.86809400347861,0,-5.42836388940926
3.96738089464673,0,-5.35972382341925
4.06225703498016,0,-5.29148124072505
4.15251953451012,0,-5.22336443304427
4.23790931947282,0,-5.15514533313791
4.31813380254473,0,-5.08666167885071
4.39289121210053,0,-5.0178337720421
4.46189520984664,0,-4.94867462670671
4.52489806496857,0,-4.8792928445776
4.58171056049483,0,-4.80988827330686
4.63221703986673,0,-4.74074128136053
4.67638453182978,0,-4.67219717035826
4.71426560905272,0,-4.60464769179031
4.74599537902387,0,-4.53851175270499
4.77178361653205,0,-4.474217185316
4.79190341956289,0,-4.41218500172619
4.80667787491169,0,-4.35281698503995
4.81646609456285,0,-4.29648690932602
4.82164970755771,0,-4.24353522502801
4.82262055097784,0,-4.19426673749734
4.8197699687631,0,-4.14895064544767
4.81347984348381,0,-4.10782226730734
4.8041152743158,0,-4.07108582909847
4.79201867642791,0,-4.03891778066617
4.77750500450939,0,-4.01147021764646
4.76085778385232,0,-3.98887409312068
4.74232565363847,0,-3.97124199242527
4.72211917786858,0,-3.9586703107347
4.70040775059092,0,-3.95124071490034
4.67731650622559,0,-3.94902079163307
4.65292323622897,0,-3.95206378967241
4.62725540390312,0,-3.96040736246343
4.60028743377758,0,-3.97407121940248
4.57193852468277,0,-3.9930536070801
4.54207129085797,0,-4.01732657436916
4.51049156860455,0,-4.04683003077791
4.47694973418712,0,-4.08146468627228
4.44114386126646,0,-4.12108405883974
4.40272500500109,0,-4.16548584653185
4.36130483905591,0,-4.21440307556942
4.31646579589135,0,-4.26749554833856
4.26777377349753,0,-4.32434222023441
4.21479337329237,0,-4.38443523046371
4.15710551885532,0,-4.44717639799833
4.09432716197546,0,-4.51187706564893
4.02613259503913,0,-4.57776221995199
3.95227564129096,0,-4.6439798055867
3.87261168044056,0,-4.70961604685091
3.78711810156464,0,-4.77371732821253
3.695911408461,0,-4.83531871350222
3.59925892796216,0,-4.89347846671564
3.49758301944075,0,-4.94731700519439
3.39145599055281,0,-4.99605768991737
3.28158467773077,0,-5.0390659601969
3.16878482343599,0,-5.07588283343015
3.05394679467653,0,-5.10624896256732
2.93799552563577,0,-5.13011637096496
2.82184848249332,0,-5.14764653274951
2.70637569074339,0,-5.15919529091669
2.59236538672958,0,-5.16528676777646
2.48049782278732,0,-5.16657955875814
2.37132846956111,0,-5.16382894145632
2.26528062876453,0,-5.15784862514852
2.16264651241278,0,-5.14947491032605
2.0635952485421,0,-5.13953526811514
1.96818601762947,0,-5.12882249229111
1.87638452682018,0,-5.11807484966397
1.78808119578489,0,-5.10796210826954
1.70310967988806,0,-5.09907695340735
1.62126464105979,0,-5.09193107884825
1.54231796526341,0,-5.08695512791006
1.46603290308518,0,-5.08450162459301
1.39217586769072,0,-5.08485005403051
1.32052585311808,0,-5.08821330590055
1.25088162473943,0,-5.09474476990759
1.18306697135725,0,-5.10454545726389
1.11693438580072,0,-5.11767060731357
1.05236755416648,0,-5.13413531886809
0.989282985882669,0,-5.1539188213391
0.927631017262536,0,-5.17696707636744
0.867396285411409,0,-5.20319348530232
0.80859761601806,0,-5.23247758197043
0.751287117683271,0,-5.26466172246124
0.695548146262067,0,-5.29954594876626
0.64149171236763,0,-5.33688140015675
0.589250868145385,0,-5.3763628686874
0.538972637613377,0,-5.41762133215477
0.490807158414348,0,-5.46021753433185
0.444893890837542,0,-5.50363789902176
0.401345030419765,0,-5.54729423461386
0.360226637855655,0,-5.59052876966763
0.321538469097801,0,-5.63262599903112
0.285194022628536,0,-5.67283253498961
0.251002855191964,0,-5.71038555953982
0.218657634032068,0,-5.7445494936577
0.187728521908349,0,-5.77465914506769
0.157667139674407,0,-5.80016601767285
0.127821385693652,0,-5.82068299491936
0.0974608390534658,0,-5.83602171615257
0.0658105994121934,0,-5.84621710155173
0.0320896965954824,0,-5.85153485057248
-0.00445083671222746,0,-5.8524601181304
-0.0444951543354163,0,-5.84966833259401
-0.0886389777529081,0,-5.84398147261576
-0.137377427634945,0,-5.83631446512803
-0.191104699435067,0,-5.82761652252807
-0.250124314605247,0,-5.81881144183633
-0.314667397934832,0,-5.81073962041834
-0.384915502987483,0,-5.80410329873124
-0.461023810997764,0,-5.79941569371709
-0.543139989603234,0,-5.79695444606141
-0.631413687150725,0,-5.79672023380549
-0.725991794634038,0,-5.79840244054933
-0.82699556955587,0,-5.80135521362244
-0.934477774471001,0,-5.80458876551457
-1.04836119708917,0,-5.80678189529291
-1.16836399061637,0,-5.80632192865588
-1.29392156063716,0,-5.80137716451031
-1.42411839433746,0,-5.79000419447771
-1.55764541797251,0,-5.77028800105286
-1.69279831837083,0,-5.74050657449496
-1.82752884211231,0,-5.69930436159835
-1.95955356218199,0,-5.64585158291793
-2.08651305565597,0,-5.5799621441341
-2.20616106865929,0,-5.50214511046656
-2.31655274221533,0,-5.41357563386796
-2.41619862730581,0,-5.31598883634667
-2.50415933119304,0,-5.21151805193748
-2.58007121155229,0,-5.10250960582212
-2.64410985260424,0,-4.99134629981497
-2.69690900652245,0,-4.88030295978011
-2.73945601507536,0,-4.77144515289349
-2.77298201878138,0,-4.66657148770126
-2.79885969780057,0,-4.5671931854805
-2.81851556447794,0,-4.47454182618348
-2.83335932632944,0,-4.38959608453974
-2.84472984371629,0,-4.31311953211312
-2.853855448348,0,-4.24570324206186
-2.86182548233046,0,-4.1878084981308
-2.86956957743708,0,-4.13980618705645
-2.8778412776996,0,-4.10201040434493
-2.88720307180798,0,-4.07470444424356
-2.89801073488216,0,-4.05815771794831
-2.91039604839236,0,-4.05263232473198
-2.92424838134137,0,-4.05837811227642
-2.93919711617944,0,-4.07561527473015
-2.95459827371304,0,-4.10450403191501
-2.96952969383335,0,-4.14510184514772
-2.98279955411107,0,-4.19730997946382
-2.9929727352815,0,-4.26081290616357
-2.99841857667433,0,-4.33501583225819
-2.99738202365182,0,-4.41898729338906
-2.98807820629539,0,-4.51141505526081
-2.9688081778411,0,-4.61058440908636
-2.93809079568304,0,-4.71438817770819
-2.89480234413953,0,-4.82037704236857
-2.83831140275681,0,-4.92585649891342
-2.76859213555848,0,-5.02803196459279
-2.68629603821021,0,-5.12419567040102
-2.59276253287412,0,-5.21193854872417
-2.48995489044196,0,-5.28935983846413
-2.38032031454973,0,-5.35524067168411
-2.26658913435975,0,-5.40914934555578
-2.15154281872426,0,-5.45145647198476
-2.03778863899271,0,-5.48325500979005
-1.92757745468203,0,-5.50619806930278
-1.82269091447657,0,-5.52228130551666
-1.7244084848681,0,-5.53360379372345
-1.63354730344072,0,-5.54214095158502
-1.55055318563524,0,-5.54955645824613
-1.47561287058449,0,-5.55706955952273
-1.40875772263769,0,-5.56538279120588
-1.34993679795958,0,-5.57466610771528
-1.29904906971369,0,-5.58458854640923
-1.2559364608648,0,-5.59438783527985
-1.22034813146348,0,-5.60297007525677
-1.19189127298481,0,-5.60903344801604
-1.16998502768876,0,-5.61120982593654
-1.15383283814201,0,-5.60821532916678
-1.142424721437,0,-5.59899606028123
-1.1345745384131,0,-5.58285093030458
-1.12898892943192,0,-5.55951297795356
-1.1243563534678,0,-5.5291760629192
-1.11943961971153,0,-5.49246444052744
-1.11315551274124,0,-5.45035457750717
-1.10463020079035,0,-5.40406698022797
-1.09322651004806,0,-5.35494825006876
-1.07854582004255,0,-5.30436070739722
-1.06041141313976,0,-5.25359132385108
-1.03884128061369,0,-5.20378592075572
-1.01401733429981,0,-5.15590999804623
-0.986255676663812,0,-5.11073435381929
-0.955979941104559,0,-5.06884146929612
-0.92369745662862,0,-5.03064709672624
-0.889976646522454,0,-4.99643050407769
-0.855423881839109,0,-4.96636656831589
-0.820658839846229,0,-4.94055360641771
-0.786288774025582,0,-4.91903255834963
-0.752883337964104,0,-4.90179563087323
-0.720952202005854,0,-4.88878520616242
-0.690927486278321,0,-4.8798860285951
-0.663152206264844,0,-4.87491487656209
-0.637874897933042,0,-4.87361193229802
-0.615249748161127,0,-4.87563709627298
-0.595341108265152,0,-4.8805730128862
-0.578131206933811,0,-4.88793507301272
-0.563530063087681,0,-4.89718749133846
-0.551386862560319,0,-4.90776387225807
-0.541502287222787,0,-4.9190904477789
-0.533641423377395,0,-4.93061025894108
-0.527546933275676,0,-4.94180679482904
-0.522952178940956,0,-4.95222586389324
-0.519593971642432,0,-4.96149467099102
-0.517224604206725,0,-4.96933719278384
-0.515622817104197,0,-4.9755850179003
-0.514603356411797,0,-4.98018290919191
-0.514024803346079,0,-4.98318851571068
-0.513795392055613,0,-4.98476594653961
-0.513876586088944,0,-4.98517330906609
-0.514284254934473,0,-4.9847447607982
-0.515087378221179,0,-4.98386805241806
-0.516404300520396,0,-4.98295887789817
-0.518396653867814,0,-4.98243354623708
-0.521261145098277,0,-4.98268153460526
-0.525219458540485,0,-4.98403939378725
-0.530506544495752,0,-4.98676729648577
-0.537357552675422,0,-4.99102929975411
-0.54599364175797,0,-4.9968781835574
-0.55660687697377,0,-5.00424556319873
-0.569344449365489,0,-5.01293786773708
-0.584292544347714,0,-5.0226387187715
-0.601460374177558,0,-5.03291819961681
-0.62076516985439,0,-5.04324942027533
-0.642019275970114,0,-5.05303259326675
-0.664920847227913,0,-5.06162647291085
-0.689049913257747,0,-5.06838642525522
-0.713871635893628,0,-5.07270757717718
-0.738748298615414,0,-5.07407050319486
-0.762960841799844,0,-5.07208590937795
-0.785739581273715,0,-5.0665340291139
-0.806302261210788,0,-5.05739426867483
-0.823896099824753,0,-5.04486128167194
-0.837839392960367,0,-5.0293451582672
-0.847557909938481,0,-5.01145554446625
-0.852611905715145,0,-4.99197176392283
-0.852710947520744,0,-4.97180282712442
-0.847715532499578,0,-4.9519421571994
-0.837626194919187,0,-4.93342181469348
-0.822562107319346,0,-4.91727014306975
-0.802731912986623,0,-4.90447543486747
-0.778399727632393,0,-4.89595680188945
-0.74984907375456,0,-4.89254218970463
-0.717347145223618,0,-4.89495254396811
-0.681111389693345,0,-4.90379054462886
-0.641280032526014,0,-4.91953204650856
-0.597887886702531,0,-4.94251835472934
-0.55084860254396,0,-4.97294767746293
-0.499944392948343,0,-5.01086450102124
-0.444824196820159,0,-5.056146192816
-0.385011179798726,0,-5.10848682534843
-0.319920374195144,0,-5.16737899442101
-0.248887079500974,0,-5.23209523737714
-0.171206326344631,0,-5.30167149681926
-0.0861831931138649,0,-5.37489586856782
0.00680700169182302,0,-5.45030655132771
0.10825067940957,0,-5.5262033819833
0.218423610953251,0,-5.60067744543841
0.33731934181514,0,-5.67166276832309
0.464585527179294,0,-5.73701274385208
0.599477020640464,0,-5.79460137698294
0.740835531923467,0,-5.8424455153539
0.887105015090836,0,-5.87883918032886
1.03638884450457,0,-5.90248584615131
1.18654897544287,0,-5.91261066112934
1.33533941506388,0,-5.90903407090064
1.48055839779767,0,-5.89219236334458
1.62019824727154,0,-5.86309900603262
1.75257105922878,0,-5.82325117302827
1.8763925245746,0,-5.77449544644396
1.99081413898309,0,-5.71887264392719
2.09540341488673,0,-5.65846287950146
2.19008025002356,0,-5.59524876731102
2.2750237243838,0,-5.53100864256933
2.35056651704894,0,-5.4672446616118
2.41709377896811,0,-5.40514435609937
2.47496018752845,0,-5.34556989707021
2.52443404861487,0,-5.28906754095723
2.56567193792928,0,-5.235890288102
2.59872257508045,0,-5.18602886683477
2.62355503089712,0,-5.13924866765898
2.64010408668314,0,-5.09513220898737
2.64832437477692,0,-5.05312750793285
2.6482445939366,0,-5.0126022069941
2.64001356396182,0,-4.97290175290439
2.62393130051686,0,-4.93340796492042
2.60046076127572,0,-4.89359277873946
2.57021923543426,0,-4.85306154324683
2.53395188374803,0,-4.81158132431939
2.49249279296081,0,-4.76909199256547
2.44672034175022,0,-4.7257007013937
2.39751344897395,0,-4.68166281213832
2.34571373476038,0,-4.63735376297105
2.29209646392753,0,-4.59323664308403
2.23735105162641,0,-4.54982956746456
2.18207034010766,0,-4.50767578617543
2.1267469491426,0,-4.46731821755817
2.07177468729494,0,-4.42927903980566
2.01745311528388,0,-4.39404422767036
1.96399369974855,0,-4.36205248329062
1.91152644922262,0,-4.33368782035845
1.86010639271052,0,-4.30927503292665
1.80971968464596,0,-4.28907733070955
1.76028945250379,0,-4.27329548957227
1.71168170629329,0,-4.26206792001552
1.6637116769014,0,-4.25547110463306
1.61615084478942,0,-4.25351992974965
1.56873470335898,0,-4.25616757075045
1.52117104893504,0,-4.26330479552704
1.47314838894995,0,-4.2747587998759
1.42434397571246,0,-4.29029192839077
1.37443102259172,0,-4.30960080781446
1.32308481316719,0,-4.33231649413115
1.26998761592615,0,-4.35800621226626
1.21483251113825,0,-4.38617717701075
1.15732638334136,0,-4.41628286094067
1.09719241398611,0,-4.44773194149208
1.03417242079453,0,-4.47990001391
0.968029337178808,0,-4.51214397862681
0.898550013467734,0,-4.54381877331941
0.825548362057177,0,-4.57429580616726
0.748868679087315,0,-4.60298207270755
0.668388786560314,0,-4.62933856040463
0.584022495301721,0,-4.65289625642406
0.495720842212405,0,-4.67326798371508
0.403471647900077,0,-4.69015448265267
0.307297187843998,0,-4.70334364941678
0.207250143585136,0,-4.71270257126474
0.103408429233458,0,-4.71816282529544
-0.00413012223271286,0,-4.7197002709568
-0.1152519692973,0,-4.71731114218427
-0.229829656725062,0,-4.71098657966748
-0.347720024467933,0,-4.70068785695674
-0.468757996904872,0,-4.68632450762398
-0.592745614086999,0,-4.66773741745752
-0.719436577220184,0,-4.64468873912113
-0.848517260307496,0,-4.61686021006413
-0.979585836571439,0,-4.58386106906441
-1.11213181546786,0,-4.54524622314046
-1.24551879720623,0,-4.50054458018857
-1.3789735234997,0,-4.44929653777685
-1.51158423149724,0,-4.39109856317405
-1.64231082222282,0,-4.32565172866242
-1.77000840714456,0,-4.25281013900062
-1.89346444319317,0,-4.17262458468405
-2.01144803968114,0,-4.08537664289119
-2.12276833227849,0,-3.99159894512165
-2.22633733719242,0,-3.89207846622868
-2.32123170054015,0,-3.7878413768708
-2.40674746827998,0,-3.68012002809928
-2.48244252670027,0,-3.57030469163639
-2.54816264500877,0,-3.45988441615759
-2.60404887135558,0,-3.35038248464055
-2.6505260670871,0,-3.2432923065502
-2.68827427043807,0,-3.14001915272985
-2.71818609034565,0,-3.04183208758138
-2.74131429498608,0,-2.94982900516297
-2.75881415273204,0,-2.86491608213424
-2.77188497050814,0,-2.78780143519518
-2.78171476740481,0,-2.71900147178526
-2.78943124354425,0,-2.65885745250475
-2.79606127386631,0,-2.60755919681208
-2.80250018145643,0,-2.56517267340674
-2.8094911211303,0,-2.53166839603561
-2.81761411151429,0,-2.50694802743649
-2.82728365070519,0,-2.49086727920602
-2.83875346539851,0,-2.48325396637284
-2.85212677295321,0,-2.48392081864189
-2.86737044917495,0,-2.49267327512782
-2.88433164245318,0,-2.50931294165395
-2.90275560212388,0,-2.53363765385113
-2.92230374539249,0,-2.56543918205126
-2.94257123477733,0,-2.60449957229538
-2.9631035533721,0,-2.65058698622018
-2.9834117382182,0,-2.70345172327061
-3.00298606270633,0,-2.76282291541684
-3.02130805329883,0,-2.82840620079376
-3.03786079276649,0,-2.89988252221169
-3.05213751055997,0,-2.9769080655983
-3.06364849859319,0,-3.05911525332274
-3.07192642332854,0,-3.14611463630373
-3.07653013620148,0,-3.2374974837657
-3.07704711569847,0,-3.33283884694824
-3.07309470572945,0,-3.43170086959891
-3.0643203449756,0,-3.53363613032922
-3.05040100846999,0,-3.63819082672942
-3.03104210323062,0,-3.74490764528373
-3.00597607178209,0,-3.85332820146504
-2.97496095878584,0,-3.96299497771547
-2.93777918536817,0,-4.0734527304996
-2.89423675265806,0,-4.18424937880224
-2.84416306110543,0,-4.29493642362588
-2.78741148688332,0,-4.40506898040107
-2.72386080341951,0,-4.51420553374533
-2.65341747767337,0,-4.62190754736492
-2.57601881010494,0,-4.72773908203056
-2.49163682706174,0,-4.83126659207127
-2.40028277662766,0,-4.93205908545805
-2.30201202525034,0,-5.02968884253287
-2.1969291034785,0,-5.12373289041993
-2.08519260552552,0,-5.2137754192518
-1.9670196102771,0,-5.29941129687625
-1.84268926319968,0,-5.38025078545764
-1.7125451436975,0,-5.45592548315193
-1.57699604712009,0,-5.52609540734686
-1.43651484249109,0,-5.59045700844892
-1.29163513350442,0,-5.64875176630422
-1.14294555622549,0,-5.70077489183445
-0.991081691904321,0,-5.7463835545714
-0.836715749622586,0,-5.78550400301939
-0.680544365048804,0,-5.81813695584317
-0.523275044885454,0,-5.84436072608657
-0.365611933934557,0,-5.86433169440339
-0.208241666404023,0,-5.87828195345562
-0.0518200657671214,0,-5.88651417490874
0.103039628050516,0,-5.88939396634282
0.255776488903671,0,-5.8873401523103
0.405889292342014,0,-5.88081350626369
0.552941492685427,0,-5.87030447078264
0.69656392998925,0,-5.8563203462566
0.836455565455967,0,-5.83937233455292
0.972382635580854,0,-5.81996273366467
1.10417664184206,0,-5.79857252588565
1.23173156534249,0,-5.77564960215634
1.35500062778339,0,-5.75159791177871
1.47399281995238,0,-5.72676789123409
1.58876928862629,0,-5.70144856825248
1.69943951314075,0,-5.67586171949232
1.80615702193231,0,-5.65015835967212
1.90911421995285,0,-5.62441765925359
2.00853575861333,0,-5.59864815763488
2.10466982780466,0,-5.57279091422566
2.19777682572062,0,-5.546724088494
2.28811508705123,0,-5.52026842497014
2.37592371380025,0,-5.49319327768077
2.46140301627498,0,-5.46522313376054
2.54469357658056,0,-5.43604502648156
2.62585543045863,0,-5.4053176512565
2.70484926832376,0,-5.37268327169106
2.78152183133249,0,-5.33778348867862
2.85559776869368,0,-5.3002795518725
2.92668006143534,0,-5.25987710942076
2.99426062903996,0,-5.21635421097411
3.05774185618468,0,-5.16959019527212
3.11646850335309,0,-5.11959207971382
3.16976790440308,0,-5.066514526398
3.21699475721971,0,-5.01066964117739
3.2575755544944,0,-4.95252388313367
3.29104718287295,0,-4.89268111360835
3.31708471862387,0,-4.83185294529613
3.33551497721142,0,-4.77081954741975
3.34631462633098,0,-4.71038541392663
3.3495941150084,0,-4.65133499639261
3.34557074122817,0,-4.59439253795632
3.33453547454971,0,-4.54018919700135
3.31681852503223,0,-4.48923904219163
3.29275819953097,0,-4.44192413500922
3.26267654556037,0,-4.3984879531893
3.22686392352794,0,-4.35903592979848
3.1855732139953,0,-4.32354181701437
3.13902304945965,0,-4.29185876935658
3.08740839972303,0,-4.26373429554724
3.03091612833617,0,-4.23882840578584
2.96974281926934,0,-4.21673430902271
2.90411224166163,0,-4.1970009001377
2.83429021983482,0,-4.17915608896093
2.76059530756624,0,-4.16272985747102
2.68340440699016,0,-4.14727587228048
2.60315319844387,0,-4.13239057095985
2.52033185371455,0,-4.11772887744183
2.43547692485269,0,-4.10301603646413
2.34916051245397,0,-4.0880554205995
2.26197784078706,0,-4.07273248804017
2.17453425091695,0,-4.0570153062911
2.08743242763091,0,-4.04095218576382
2.00126045850445,0,-4.02466699440663
1.91658112629634,0,-4.00835267559473
1.83392268235143,0,-3.99226340072125
1.75377124405458,0,-3.97670568821362
1.67656489550091,0,-3.96202873701844
1.60268953218964,0,-3.94861416876575
1.53247646119842,0,-3.93686535162098
1.4662017345755,0,-3.92719648423846
1.40408714782855,0,-3.92002163891948
1.34630277593453,0,-3.915743985918
1.29297085030344,0,-3.91474543412553
1.24417070946364,0,-3.91737691907284
1.19994449342642,0,-3.92394954412248
1.16030320574867,0,-3.93472673680975
1.12523274499196,0,-3.94991752562904
1.09469951185154,0,-3.96967098208085
1.06865522911388,0,-3.99407181823394
1.04704066466739,0,-4.02313709010142
1.02978801630658,0,-4.05681393799845
1.01682179306656,0,-4.09497829967085
1.00805810360004,0,-4.13743456021693
1.00340233174876,0,-4.18391615234544
1.00274524025118,0,-4.23408718795587
1.00595759714466,0,-4.28754528375181
1.01288347261091,0,-4.3438258355761
1.02333241840534,0,-4.4024080921901
1.03707083231319,0,-4.46272346832233
1.05381294037111,0,-4.52416659975345
1.07321200744186,0,-4.58610965039897
1.09485260581208,0,-4.64792029319056
1.11824500404208,0,-4.70898355846507
1.14282292982921,0,-4.76872733690367
1.16794603016701,0,-4.82665072378116
1.19290820242529,0,-4.88235362803675
1.21695251187291,0,-4.9355652403195
1.23929260119834,0,-4.98616822892859
1.25913938191407,0,-5.03421513455208
1.27573054311986,0,-5.07993358313839
1.28835930295029,0,-5.12371776186761
1.29639820501368,0,-5.16610506725147
1.29931392850925,0,-5.20773869564335
1.29667018647674,0,-5.24931880897379
1.28811775074044,0,-5.29154634573162
1.27337313895408,0,-5.33506425503963
1.25219001685082,0,-5.38040084470009
1.22432932490768,0,-5.42791924954253
1.18953502605245,0,-5.47777611988935
1.14752189731767,0,-5.52989189132046
1.0979799615833,0,-5.58393465382867
1.04059727900126,0,-5.63931964514732
0.975099394617683,0,-5.69522643409188
0.901300342552917,0,-5.75063546572164
0.819157292514356,0,-5.80438437105405
0.72881920913981,0,-5.85524209259677
0.630659758104533,0,-5.90199564748563
0.525286487838023,0,-5.94354094869487
0.413522048172054,0,-5.97896663565217
0.29635829445243,0,-6.00761945838418
0.174889367019113,0,-6.02914201963601
0.0502337652754386,0,-6.04347826318672
-0.076543059821538,0,-6.05084774069491
-0.20449524074785,0,-6.05169475333353
-0.332844973889275,0,-6.04662165741827
-0.461009746375208,0,-6.03631646673297
-0.588608752630695,0,-6.021483701936
-0.715451523159499,0,-6.00278500956346
-0.841513098562491,0,-5.98079324191768
-0.96690030775241,0,-5.95596110801976
-1.09181322436718,0,-5.92860355992908
-1.21650507224543,0,-5.898891909098
-1.34124303593781,0,-5.86685722968367
-1.46627178273854,0,-5.83240073099105
-1.59178107073241,0,-5.79530923429932
-1.71787856317206,0,-5.75527442665092
-1.84456880578589,0,-5.71191498760179
-1.97173915594901,0,-5.6648008817137
-2.09915320887029,0,-5.61347906792806
-2.22645191275262,0,-5.55749967249955
-2.35316211284799,0,-5.49644143005562
-2.47871176242263,0,-5.4299350440763
-2.60245055968838,0,-5.35768313974211
-2.72367439011669,0,-5.27947570261458
-2.8416517330083,0,-5.19520028000022
-2.95565015910808,0,-5.1048466928053
-3.06496119730917,0,-5.0085064777423
-3.168922148991,0,-4.90636767951908
-3.26693382636894,0,-4.79870589416539
-3.35847362910511,0,-4.68587261239065
-3.44310379895775,0,-4.56828193530333
-3.52047506439233,0,-4.44639665921251
-3.59032617898582,0,-4.32071458318768
-3.65248005649242,0,-4.19175571332804
-3.70683731146656,0,-4.060050846903
-3.75336803683967,0,-3.92613183666219
-3.79210260482439,0,-3.79052367289307
-3.8231221839757,0,-3.65373838503492
-3.84654954236431,0,-3.5162706582912
-3.86254057160301,0,-3.37859498323978
-3.87127683231333,0,-3.24116410562796
-3.87295929789535,0,-3.10440851600735
-3.86780336571678,0,-2.96873671099776
-3.8560351156019,0,-2.83453596614308
-3.83788872517774,0,-2.70217338127073
-3.81360489940054,0,-2.57199699002286
-3.78343013604917,0,-2.44433676305582
-3.74761662856003,0,-2.31950537681721
-3.70642260073552,0,-2.19779866433471
-3.66011287302961,0,-2.07949570862887
-3.6089594756642,0,-1.96485858093928
-3.55324214796342,0,-1.85413176267624
-3.49324859398145,0,-1.747541320074
-3.4292743995274,0,-1.64529392260595
-3.36162255271993,0,-1.54757580947023
-3.29060254690566,0,-1.45455181272061
-3.21652907901877,0,-1.36636454145376
-3.13972038640088,0,-1.28313381979694
-3.06049628936898,0,-1.20495645382928
-2.97917602452966,0,-1.13190638071411
-2.89607596460848,0,-1.06403522900989
-2.81150732455009,0,-1.00137329426784
-2.72577395135389,0,-0.943930910117866
-2.63917028741439,0,-0.891700173504171
-2.55197958508292,0,-0.844656964534571
-2.464472434953,0,-0.802763187301986
-2.37690565313894,0,-0.765969148299228
-2.28952155469736,0,-0.734215983803369
-2.20254762230931,0,-0.707438046669924
-2.11619656222589,0,-0.685565166007911
-2.03066672394145,0,-0.668524699761981
-1.94614284659527,0,-0.656243309802912
-1.86279708405147,0,-0.648648401179601
-1.7807902522355,0,-0.645669181281009
-1.70027323673562,0,-0.647237310283437
-1.6213884960418,0,-0.653287131088195
-1.54427159612517,0,-0.66375548457484
-1.46905271542782,0,-0.678581134156974
-1.39585806572282,0,-0.697703842001061
-1.32481118367354,0,-0.721063157583968
-1.25603406013675,0,-0.748596997251092
-1.18964808901066,0,-0.780240110766808
-1.12577483423595,0,-0.815922547236725
-1.06453663161308,0,-0.855568247893977
-1.00605706024596,0,-0.899093906777459
-0.950461335058266,0,-0.946408252014493
-0.897876684870867,0,-0.997411910075237
-0.848432787362992,0,-1.05199802289545
-0.802262329790094,0,-1.11005379330503
-0.75950174907607,0,-1.17146313797028
-0.720292173045648,0,-1.23611062939893
-0.684780532177642,0,-1.30388690956981
-0.65312073448101,0,-1.37469575689298
-0.625474691321456,0,-1.44846298334193
-0.602012846290686,0,-1.52514732506043
-0.582913690668273,0,-1.60475345861874
-0.568361548057544,0,-1.68734721176642
-0.558541681904911,0,-1.7730729200917
-0.553631534788839,0,-1.8621726793809
-0.553786672021553,0,-1.95500692027775
-0.559119817938017,0,-2.05207524611068
-0.569671311995018,0,-2.15403579112582
-0.58536947737335,0,-2.26172046141549
-0.605979923828371,0,-2.37614234895012
-0.631043853455777,0,-2.49849047629126
-0.659807135420574,0,-2.63010606704858
-0.69114430374604,0,-2.77243410725993
-0.723484562794482,0,-2.92694452625101
-0.754749931674177,0,-3.09501932887871
-0.782318096353777,0,-3.27780568634702
-0.803023470390097,0,-3.47604011721292
-0.813208641451384,0,-3.68985463759461
-0.8088346322285,0,-3.91858081636563
-0.785652974975222,0,-4.16057072486554
-0.73943707007767,0,-4.41305426740414
-0.66626640908678,0,-4.67205118502833
-0.562855700296442,0,-4.93235550008378
-0.426920143593129,0,-5.18761325160596
-0.257563427264221,0,-5.43052250045632
-0.0556595168475403,0,-5.65319450779207
0.175832552686403,0,-5.84771530101036
0.431725550219283,0,-6.00691766091649
0.704768030509896,0,-6.12529695570792
0.986222809320841,0,-6.19989042375928
1.26684624511949,0,-6.23085111763229
1.53807344334231,0,-6.22147536477525
1.79308361321733,0,-6.17761725093768
2.02744107520442,0,-6.106656477013
2.2391735782617,0,-6.01633450403609
2.42835577136446,0,-5.91376715678668
2.59640679774489,0,-5.80481730067028
2.74534477024768,0,-5.69385517202905
2.87718434432213,0,-5.58381796843377
2.99356503163105,0,-5.47643528280894
3.09560794257381,0,-5.37250380960482
3.18394654365352,0,-5.27214154818073
3.25886346697209,0,-5.17499727618142
3.32047419268921,0,-5.080419276779
3.36891299089837,0,-4.98759683888874
3.40448882956821,0,-4.89568486945455
3.42778907138555,0,-4.80391339187884
3.43971974926491,0,-4.71167599897952
3.44148415387943,0,-4.61858857295477
3.43451379897663,0,-4.52451272961955
3.42037331802564,0,-4.42954521955475
3.40066120473635,0,-4.3339811297134
3.37692287334617,0,-4.23826232110621
3.3505848566292,0,-4.1429224976758
3.32291235206554,0,-4.04853774895482
3.29498826174332,0,-3.95568789925601
3.26771016705289,0,-3.8649306252338
3.24180135511447,0,-3.77678756790475
3.21783209845388,0,-3.69173972893285
3.19624733667256,0,-3.61022839196241
3.17739666816866,0,-3.5326577150854
3.1615624248365,0,-3.45939594849675
3.14898195252275,0,-3.39077367157783
3.13986126827658,0,-3.32707904898875
3.13437892024752,0,-3.26855137152457
3.1326807679622,0,-3.2153747369563
3.1348680445167,0,-3.16767359308919
3.14098205650272,0,-3.12551123401002
3.15098904284449,0,-3.08889156374256
3.16476812400603,0,-3.05776382799274
3.18210419303489,0,-3.03202971455065
3.20268637612523,0,-3.01155221204004
3.22611164160643,0,-2.99616576234668
3.25189247473401,0,-2.98568739705928
3.27946733197968,0,-2.97992862039179
3.30821278038347,0,-2.97870777181383
3.33745666173918,0,-2.98186250288485
3.36649211066812,0,-2.98926188002686
3.39459263023783,0,-3.00081751215783
3.42102856948634,0,-3.01649301813887
3.44508519834734,0,-3.03631110880814
3.46608214568381,0,-3.06035758474248
3.48339332581717,0,-3.08878167605229
3.49646575607214,0,-3.12179240321051
3.50483503470932,0,-3.15965101981935
3.50813488851923,0,-3.2026600608175
3.506098252263,0,-3.2511499563248
3.49854784703541,0,-3.3054644356229
3.48537509249503,0,-3.36594589376895
3.46650723392268,0,-3.43292143298819
3.4418635979039,0,-3.50668941485819
3.41130281935047,0,-3.58750515010254
3.37456378600878,0,-3.6755629738762
3.33120416004709,0,-3.77097065284372
3.28054194805942,0,-3.87371120954343
3.22160786021744,0,-3.98358735166025
3.15311893400558,0,-4.10014542538239
3.07348636062393,0,-4.22257982243958
2.98087131609338,0,-4.34962532950374
2.87330018997639,0,-4.47945341620059
2.74884348136248,0,-4.60959705987324
2.60585037784375,0,-4.73693432102663
2.44321498845969,0,-4.85775982917903
2.26063389632386,0,-4.96796253359062
2.05880377458043,0,-5.0633067522837
1.83950889657593,0,-5.13978524781105
1.60556606652674,0,-5.1939866860969
1.36062692794175,0,-5.22340751386934
1.10887405711571,0,-5.22664867515047
0.854672287501283,0,-5.20346851893311
0.602239852540828,0,-5.15470115018725
0.355386706165445,0,-5.08207792177777
0.117341053448646,0,-4.98799995918445
-0.109338031873074,0,-4.87530365555496
-0.322777597584093,0,-4.74704721548871
-0.521757258162453,0,-4.6063323629513
-0.705643218481129,0,-4.45616529559651
-0.874304069086746,0,-4.29935539915547
-1.02801869619243,0,-4.13844789017586
-1.16738373336333,0,-3.97568588824623
-1.29322595834157,0,-3.81299729953938
-1.40652352297283,0,-3.65200175646094
-1.5083385327507,0,-3.49403258949772
-1.59976210065169,0,-3.34016856707341
-1.68187166253352,0,-3.19127018908905
-1.7556992995437,0,-3.0480158689595
-1.82220931126865,0,-2.91093441736265
-1.88228338493445,0,-2.7804316537778
-1.9367122055546,0,-2.65681037861
-1.98619287177986,0,-2.54028402971576
-2.03133169682516,0,-2.43098499504755
-2.07265179155321,0,-2.3289688307183
-2.11060439731715,0,-2.23421570364916
-2.14558251228884,0,-2.14663036434627
-2.17793513873553,0,-2.06604189056651
-2.20798054936192,0,-1.99220429813004
-2.23601729747125,0,-1.92479886285454
-2.26233218501746,0,-1.86343865104552
-2.28720494239585,0,-1.80767537329948
-2.31090986087129,0,-1.7570083347667
-2.33371497594172,0,-1.71089501804642
-2.35587958715398,0,-1.66876272982544
-2.37765091527727,0,-1.63002075608567
-2.39926057246673,0,-1.59407256195281
-2.42092130677833,0,-1.56032769139179
-2.44282423743078,0,-1.52821312860312
-2.46513657508856,0,-1.49718395555677
-2.48799966350975,0,-1.46673317644028
-2.51152711021819,0,-1.436400591649
-2.53580280094423,0,-1.40578060838333
-2.56087870281565,0,-1.37452888661797
-2.58677252460821,0,-1.34236774543317
-2.61346547640407,0,-1.30909029374071
-2.64090051016794,0,-1.27456329312472
-2.66898148956917,0,-1.23872879832245
-2.69757371307789,0,-1.201604645003
-2.72650610435105,0,-1.16328386247498
-2.75557521590724,0,-1.12393308364387
-2.78455100692351,0,-1.08379001138479
-2.81318419471315,0,-1.04315998392632
-2.84121487125618,0,-1.00241166286584
-2.86838203134027,0,-0.961971843736971
-2.89443366831635,0,-0.922319357570703
-2.91913713375049,0,-0.883977992699907
-2.94228949872723,0,-0.847508325697986
-2.96372766999437,0,-0.813498323348629
-2.98333798609355,0,-0.78255258518758
-3.00106494485731,0,-0.755280162075884
-3.01691860996557,0,-0.732281028890657
-3.03098014380372,0,-0.714131512593799
-3.04340486146785,0,-0.701369261033411
-3.05442224114426,0,-0.694478635837248
-3.06433248754058,0,-0.693877656137571
-3.07349952349536,0,-0.699907736176126
-3.08234063630435,0,-0.712827398409997
-3.09131335277435,0,-0.732810898733904
-3.10090037274087,0,-0.759952319006609
-3.11159348404077,0,-0.79427525008832
-3.12387728017661,0,-0.83574779894573
-3.13821321515212,0,-0.884302370426086
-3.15502409845462,0,-0.939859509483083
-3.17467860811847,0,-1.00235499618907
-3.1974748297402,0,-1.0717692692708
-3.22362126194491,0,-1.14815799127686
-3.25321323107082,0,-1.23168203071816
-3.28620235001353,0,-1.32263421526935
-3.32235674854259,0,-1.42145885809265
-3.36121061416425,0,-1.52875835451503
-3.40200351116423,0,-1.64527938397496
-3.44361334493674,0,-1.7718700442438
-3.4844917749868,0,-1.90939956557778
-3.52261677963407,0,-2.05863531717977
-3.55548239889468,0,-2.220078666498
-3.58014790337167,0,-2.39377199578098
-3.59336487878022,0,-2.57910215437052
-3.59178915770551,0,-2.77463703463575
-3.57226609071783,0,-2.97803673700655
-3.53215677947898,0,-3.18607480291714
-3.46965641245397,0,-3.39478758898911
-3.38404998065699,0,-3.59974495290347
-3.27585805197542,0,-3.79641010399487
-3.14684394592117,0,-3.98053787086381
-2.99987826695516,0,-4.14855318195432
-2.83868114616289,0,-4.29785602215629
-2.66748160578379,0,-4.42701332633675
-2.49064406509305,0,-4.53581830275145
-2.31231315555524,0,-4.62521912893314
-2.13612063096812,0,-4.69713788105146
-1.96498452174549,0,-4.75421416636818
-1.80101368690321,0,-4.79951481091893
-1.64551354759146,0,-4.83625078095783
-1.49907394709571,0,-4.86753576721461
-1.36171041880606,0,-4.8962089426644
-1.23302740574006,0,-4.92472990427109
-1.11237613263208,0,-4.95514017865001
-0.998988775103189,0,-4.98907607458652
-0.892080949363776,0,-5.02781366185686
-0.790923282460123,0,-5.07232771907328
-0.694888256667158,0,-5.12335065727393
-0.603480569120126,0,-5.18142245630065
-0.516358800182821,0,-5.24692693515901
-0.433354350840588,0,-5.32011249521065
-0.354491236327519,0,-5.40109681172372
-0.280007854449067,0,-5.48985517569323
-0.210379403043933,0,-5.58619181764625
-0.146337149416037,0,-5.6896931253306
-0.0888781766722336,0,-5.79966176436046
-0.0392565637951489,0,-5.91503193744344
0.00105558435859043,0,-6.03426905769444
0.0304507071865667,0,-6.1552627151484
0.0473255058670341,0,-6.27523069652918
0.050287654587467,0,-6.39066423064218
0.0384284537482276,0,-6.49735912633244
0.0116378905796257,0,-6.59058826278464
-0.0290974784559277,0,-6.66546463964879
-0.0815140175364007,0,-6.71750143493501
-0.142123978686912,0,-6.74328684009615
-0.206568918560165,0,-6.74108831673349
-0.27021904229614,0,-6.71116395698439
-0.328837380673881,0,-6.65565287661896
-0.379095999734946,0,-6.57809915305378
-0.418819768240167,0,-6.48280359972994
-0.446964008563284,0,-6.37421036700273
-0.463416584586177,0,-6.25645308189897
-0.468729123469919,0,-6.13308981102662
-0.463854430258617,0,-6.00699676241187
-0.449931086207749,0,-5.88037072112065
-0.428128470445239,0,-5.75479366966325
-0.399549024182764,0,-5.63132505190018
-0.365176964549541,0,-5.51059961379646
-0.325860574556588,0,-5.39291865066373
-0.28231611679417,0,-5.27832927778235
-0.235143677042816,0,-5.16669046673145
-0.184847843145581,0,-5.05772676885342
-0.131858534021557,0,-4.95107156783053
-0.0765492879492402,0,-4.84630190870095
-0.0192518480351934,0,-4.74296680691018
0.0397330258572854,0,-4.64061064824788
0.10012789306186,0,-4.53879292085335
0.16167316074652,0,-4.43710507358564
0.224122866886636,0,-4.33518476692962
0.287241094577509,0,-4.23272722957004
0.35079889337975,0,-4.12949299898391
0.414572077706159,0,-4.025311192755
0.478340559272248,0,-3.92007774479934
0.541889831405533,0,-3.81374869021154
0.605014893181518,0,-3.70632935784374
0.667526450567553,0,-3.59786093387757
0.729258861595568,0,-3.48840609493457
0.790079128622118,0,-3.37803526526206
0.849896288835061,0,-3.26681467331425
0.908670730300957,0,-3.15479696212271
0.966423153677686,0,-3.04201479048733
1.02324302165964,0,-2.9284777016534
1.07929634693485,0,-2.8141725024851
1.13483256562548,0,-2.69906741057649
1.19019005854965,0,-2.58312020125954
1.24579966742548,0,-2.46629045454565
1.30218536614484,0,-2.34855573588367
1.35996114709921,0,-2.22993115973451
1.41982321864699,0,-2.11049133373346
1.48253681283932,0,-1.99039324007218
1.54891727579332,0,-1.86989826459373
1.61980562702354,0,-1.74939141069819
1.69603936575361,0,-1.62939579017558
1.7784198823909,0,-1.51058078836872
1.86767830047971,0,-1.39376283500873
1.9644418356426,0,-1.27989840884381
2.06920275147504,0,-1.17006966070922
2.18229170552531,0,-1.06546373445489
2.30385675498859,0,-0.967347383606219
2.43384862341762,0,-0.877038742013066
2.5720121354859,0,-0.795878078189759
2.7178831248717,0,-0.725199069181201
2.87078970352621,0,-0.666301638540462
3.02985660212415,0,-0.620426806135387
3.1940113639442,0,-0.588733389489128
3.36199147938688,0,-0.57227585832651
3.53235205065004,0,-0.571982239428101
3.70347423497259,0,-0.58863074755182
3.87357548663832,0,-0.622823828373016
4.04072344627775,0,-0.674958598507761
4.20285612015177,0,-0.745193325859663
4.35781159757157,0,-0.83341067773552
4.50337073061085,0,-0.939179994991593
4.63731562930043,0,-1.06172272696078
4.75750519028243,0,-1.19988707422074
4.86196602737835,0,-1.35213926783368
4.94899335271572,0,-1.51657901873697
5.01725236858205,0,-1.69098484397588
5.06586784158186,0,-1.87289106298101
5.0944890182899,0,-2.0596929279804
5.10331951466651,0,-2.24877103201535
5.09310675728732,0,-2.437622422681
5.0650915076306,0,-2.62398472613003
5.02092329523317,0,-2.80594098996276
4.96255116280554,0,-2.98199598852053
4.89210084214818,0,-3.15111833072566
4.8117497989167,0,-3.31274620486934
4.72361101548547,0,-3.46675785696755
4.62963509852171,0,-3.61341104540695
4.53153816050353,0,-3.75325870208147
4.43075979434247,0,-3.88705045273255
4.3284515465806,0,-4.01563086147868
4.22549226303115,0,-4.13984475027909
4.12252343880614,0,-4.26045767572528
4.01999599450348,0,-4.37809619494899
3.91821996201906,0,-4.49320887436312
3.81741007220572,0,-4.60604602656307
3.71772251885357,0,-4.71665447702654
3.61928053407479,0,-4.82488335634381
3.52218837985834,0,-4.93039769541784
3.42653477298521,0,-5.03269799516056
3.33238768705769,0,-5.13114545587066
3.23978309695466,0,-5.22499375217188
3.14871071066866,0,-5.31342876206671
3.0591001187858,0,-5.39561720710099
2.97081095969324,0,-5.47076357484716
2.88363036947346,0,-5.53817211422661
2.79727984900722,0,-5.59730774660533
2.71143163670813,0,-5.64784755981095
2.6257320805389,0,-5.68971443824231
2.53982720535051,0,-5.72308704928293
2.45338467234174,0,-5.74838535373699
2.36610721375684,0,-5.76623634124751
2.27773519048974,0,-5.77742877195489
2.1880392783115,0,-5.78286703079294
2.09680736278024,0,-5.78353270734429
2.0038316731921,0,-5.78045906905535
1.9089025166297,0,-5.77471934062229
1.81181343035284,0,-5.76742562892352
1.71237912230023,0,-5.75973224927136
1.61046261511952,0,-5.7528358312654
1.50600265226897,0,-5.74796540172504
1.3990284399608,0,-5.74635850957676
1.28964809108289,0,-5.74922325198511
1.17800094666865,0,-5.75768893616937
1.06417233552671,0,-5.77274845708899
0.948081118710335,0,-5.79519310591724
0.829363107221364,0,-5.82553730923458
0.707283094361203,0,-5.86393000292613
0.580709532911859,0,-5.91005357769484
0.448175024625315,0,-5.96301994286766
0.30802477680624,0,-6.02128157489181
0.158633026909193,0,-6.08257789103617
-0.00134523421288268,0,-6.14393255299962
-0.172718936168433,0,-6.20170993867241
-0.35552429081875,0,-6.25173574235294
-0.548821628133681,0,-6.28949070192026
-0.750543900107494,0,-6.31039434236475
-0.957432273799552,0,-6.31019673843278
-1.16511767653311,0,-6.28547483434581
-1.36841429020797,0,-6.23417394155789
-1.56184987907846,0,-6.15605790851163
-1.74035792785773,0,-6.05288911021197
-1.89994876030022,0,-5.9282199961674
-2.03815449892115,0,-5.78683680866243
-2.15414246156093,0,-5.63404395337882
-2.24853738692356,0,-5.4750060937859
-2.32307959414141,0,-5.31428083961731
-2.3802442880063,0,-5.15556668165931
-2.42289841344651,0,-5.00162522643465
-2.4540234407096,0,-4.85432075887825
-2.47650500309778,0,-4.71473042001373
-2.49298132601882,0,-4.58329323954926
-2.50574286201548,0,-4.45997606319313
-2.51667777971128,0,-4.34443841438905
-2.52725797187132,0,-4.23618015037479
-2.5385577913609,0,-4.13465913437045
-2.55129495538836,0,-4.03937222833158
-2.56588239571468,0,-3.94990008070032
-2.58248211626954,0,-3.86592185146704
-2.60105627438122,0,-3.78720871683965
-2.62141474638154,0,-3.71360499315118
-2.6432607509687,0,-3.64500421787444
-2.66623612954916,0,-3.58132562983022
-2.68996617953584,0,-3.52249473042279
-2.71410176211382,0,-3.46843004213464
-2.73835505944785,0,-3.4190367330495
-2.76252554639716,0,-3.37420648221468
-2.78651431242334,0,-3.33382199733726
-2.81032702838307,0,-3.29776414689054
-2.83406770039632,0,-3.26591977398422
-2.8579263304241,0,-3.23818877895544
-2.88216362996533,0,-3.21448975083086
-2.90709526832459,0,-3.19476407267522
-2.93307714694439,0,-3.17897889569445
-2.96049217626697,0,-3.16712964700402
-2.98973815626729,0,-3.15924284349857
-3.02121567138721,0,-3.15537997668479
-3.05531438872128,0,-3.1556431260522
-3.09239578642349,0,-3.16018270872665
-3.1327702000564,0,-3.16920727281421
-3.17666633372324,0,-3.18299434250018
-3.22419232080694,0,-3.20189992007891
-3.27528931310901,0,-3.22636245265678
-3.32968145007198,0,-3.25689541839277
-3.38682934119293,0,-3.29406222750336
-3.44589655842832,0,-3.33842905647456
-3.50573842515987,0,-3.39049593347592
-3.56491874117803,0,-3.45061252814948
-3.62175402704834,0,-3.5188898082876
-3.674379181072,0,-3.59511945189739
-3.72082595153336,0,-3.6787094605074
-3.75910734773317,0,-3.76863926916367
-3.78730578377491,0,-3.86343412857864
-3.80366786216708,0,-3.96115882461033
-3.80671171520864,0,-4.05943510661543
-3.79535160180683,0,-4.15549391490903
-3.76903734557577,0,-4.24627930353399
-3.72789280756437,0,-4.32862066192307
-3.67282104888829,0,-4.39947752703147
-3.60553304114184,0,-4.45623480216081
-3.52846403785622,0,-4.49699402644613
-3.44457256267672,0,-4.52078863390485
-3.35705919938472,0,-4.52766632005666
-3.26907040921823,0,-4.51862641247901
-3.18344918110372,0,-4.49544768804726
-3.10256596557578,0,-4.46046533254625
-3.02823144754344,0,-4.41634926705071
-2.96167365898876,0,-4.36591369298496
-2.90355847720092,0,-4.31196580082879
-2.85403878197851,0,-4.25718837744283
-2.81282637836556,0,-4.20404688858277
-2.77928732809917,0,-4.15471343883541
-2.75256276784226,0,-4.1110044284923
-2.73171238530638,0,-4.07433293266045
-2.71586743809079,0,-4.04567872877432
-2.7043688740413,0,-4.02557762526843
-2.69686075458291,0,-4.01412841861829
-2.69331527876737,0,-4.01101324004228
-2.6939822560119,0,-4.01552770295583
-2.69927527863759,0,-4.02662106656745
-2.70962075580243,0,-4.04295101787413
-2.7253010630151,0,-4.06295956275615
-2.74632117249881,0,-4.08497414872007
-2.77232233189307,0,-4.10733162169393
-2.8025580003458,0,-4.12851373736353
-2.83593621172205,0,-4.14727484564404
-2.87111932126463,0,-4.16273875861248
-2.90665935587097,0,-4.1744454181797
-2.94113919606126,0,-4.1823387357312
-2.97329009053421,0,-4.18670137844854
-3.00206484947879,0,-4.18805482060369
-3.02665999483074,0,-4.18704903720627
-3.04649374563873,0,-4.18436440212059
-3.06115553042197,0,-4.18064075615742
-3.07034514937223,0,-4.17643908980155
-3.07381695513833,0,-4.172233262553
-3.07133904410508,0,-4.16842435964213
-3.0626718295473,0,-4.16536864825862
-3.0475658780876,0,-4.16341066244315
-3.02577589336887,0,-4.16291460529327
-2.99708600377271,0,-4.16428923133902
-2.96134070302534,0,-4.16800330117115
-2.91847568110605,0,-4.17459049331349
-2.86854330318704,0,-4.1846442906963
-2.81172861938022,0,-4.19880474338197
-2.74835338344994,0,-4.21773998308593
-2.67886732197471,0,-4.24212577445549
-2.60382742414102,0,-4.27262618851936
-2.52386696476474,0,-4.30987778125451
-2.43965616574902,0,-4.35447866006001
-2.35185591650874,0,-4.40698271725031
-2.26106507550326,0,-4.46789818213698
-2.16776093634759,0,-4.53768841411709
-2.0722318925742,0,-4.61677133168973
-1.9745016578709,0,-4.70551185117484
-1.87424614141212,0,-4.80419919970626
-1.77070778759594,0,-4.91299843713809
-1.6626181497371,0,-5.03186414023837
-1.5481471829884,0,-5.16040585200968
-1.42490534542051,0,-5.29770164074576
-1.29002873287812,0,-5.44206895401903
-1.14037439777106,0,-5.59081940939332
-0.972840914284348,0,-5.74004203751559
-0.784810140729758,0,-5.88447318856846
-0.574684152406942,0,-6.0175196655641
-0.342466806491009,0,-6.13150749096213
-0.090303640496095,0,-6.21823047997712
0.177163743386419,0,-6.26984837117675
0.452834857530948,0,-6.28008643495709
0.727773567550091,0,-6.24549130880385
0.992424890133027,0,-6.16629749083781
1.23810614950298,0,-6.0464838920896
1.45824876783176,0,-5.89295771917284
1.64900981341225,0,-5.71423583006835
1.8092313572233,0,-5.51913487086183
1.9399819193289,0,-5.31579865727411
2.04394377254776,0,-5.11113361225465
2.12481399681161,0,-4.91057511124877
2.18679002922509,0,-4.71807728779491
2.23415749877783,0,-4.53624153804105
2.27098017108841,0,-4.36652641834858
2.30088803415254,0,-4.209498140119
2.32695682765449,0,-4.06508885065473
2.35166717805902,0,-3.93283588370164
2.37692589681593,0,-3.81208296886761
2.40412878079551,0,-3.70213390612681
2.4342446331443,0,-3.60235822837173
2.46790351380035,0,-3.51225481296753
2.50547689717664,0,-3.43148251708259
2.54714215289983,0,-3.35986723617761
2.59292791806391,0,-3.29739343514867
2.64274032117235,0,-3.2441862010478
2.69637261176259,0,-3.2004878468804
2.75350247045528,0,-3.16663134663785
2.81368205117858,0,-3.14301153567085
2.87632568170877,0,-3.13005416603435
2.94069929938116,0,-3.12818261199825
3.00591438110804,0,-3.137782191139
3.07092761242976,0,-3.15916243696824
3.13454612244173,0,-3.19251784346798
3.19543715167852,0,-3.23788724425971
3.25214096529577,0,-3.29511095736566
3.30308714432035,0,-3.363783375549
3.34661744185467,0,-3.44319754043107
3.38102323759183,0,-3.5322786258004
3.40461172004339,0,-3.62950686788141
3.41582051494419,0,-3.73283934993962
3.41340149293161,0,-3.83965577802046
3.39668350561863,0,-3.9467746947237
3.36589159516732,0,-4.05060446251915
3.32244468259467,0,-4.14748694247465
3.26909661001378,0,-4.23423590146196
3.2097788967443,0,-4.30876696330919
3.14909444588976,0,-4.37061823385806
3.09157340451153,0,-4.42115844907682
3.04092769754583,0,-4.46339969317043
2.99954029687593,0,-4.50149317344876
2.96831952762987,0,-4.54007862335934
2.94692761750467,0,-4.58364567421298
2.93431158602788,0,-4.63599478383288
2.92940618535629,0,-4.69981783339824
2.93180575112416,0,-4.77638819235995
2.94214507845603,0,-4.86535876617225
2.9620005230388,0,-4.96469023508826
2.99335503918019,0,-5.07073099059047
3.03788285841843,0,-5.17842876886807
3.09630604967428,0,-5.28161413038101
3.16791402369882,0,-5.37331607578961
3.25021545200104,0,-5.44615219606822
3.3387113878238,0,-5.49292639385768
3.42691392329066,0,-5.50758196430445
3.50687178015551,0,-5.48648251714244
3.57038435246445,0,-5.42959436103706
3.61063902212514,0,-5.34083873328292
3.62353275598559,0,-5.22721362549755
3.60807641641497,0,-5.09712574641454
3.56594795613125,0,-4.95879639548591
3.50069189130428,0,-4.81925682976441
3.41696860261076,0,-4.68392637797935
3.31997311732575,0,-4.55655224494065
3.21496454030296,0,-4.4393396339547
3.10682264692449,0,-4.333209819978
2.99962201582049,0,-4.2381680874906
2.89630520999341,0,-4.15372410617804
2.79855804235736,0,-4.07925393366969
2.70691529687037,0,-4.01421024407441
2.62102546486072,0,-3.95817062313289
2.53996301585692,0,-3.91078320122284
2.46250454797476,0,-3.87167987793598
2.38733452103962,0,-3.8404013472053
2.31318154546268,0,-3.81635057352222
2.23890151191193,0,-3.79877743112825
2.16352719275805,0,-3.78679518453431
2.0863022664235,0,-3.77943170537652
2.00671238012501,0,-3.77571593009447
1.92451539149299,0,-3.77478745310495
1.83975984789838,0,-3.77600061682074
1.75277466039395,0,-3.77899232819902
1.6641206091062,0,-3.7837036058966
1.57450869158265,0,-3.79036997836951
1.48469878372607,0,-3.79950135436282
1.39539231296324,0,-3.81185845446735
1.30713111594177,0,-3.82841885981738
1.22021525234461,0,-3.85032325845152
1.13465367131353,0,-3.87879975859683
1.05016065998591,0,-3.91507359482922
0.966207333138429,0,-3.96027531591344
0.882131821630188,0,-4.01536043752072
0.797304465575936,0,-4.08104807804566
0.711333719826349,0,-4.15777715913085
0.624282851243132,0,-4.24566912856344
0.536849345289305,0,-4.34447989824208
0.450449631198578,0,-4.45352574136126
0.367167114687761,0,-4.57158046959929
0.289563682272621,0,-4.69675835720426
0.220398920771779,0,-4.8264070733072
0.162313877963445,0,-4.95703307958099
0.117511010847427,0,-5.08428060062641
0.0874271517550754,0,-5.20300113080765
0.0723891946800437,0,-5.30748434153943
0.0712857720710474,0,-5.3919440901169
0.0813740800763681,0,-5.45130458764239
0.0984030364892752,0,-5.48216147285731
0.117159931051023,0,-5.48357143245136
0.132315206356687,0,-5.4572848166994
0.139240945797232,0,-5.40731718759091
0.134525643237404,0,-5.3391249376587
0.116132908507394,0,-5.25876443994555
0.0833195291599912,0,-5.17225882706839
0.0364427876450958,0,-5.08519715307625
-0.0232844907813271,0,-5.00249110002264
-0.094103461731598,0,-4.92820906415764
-0.174120695662524,0,-4.8654409395115
-0.261819729481528,0,-4.8161767662196
-0.356573899016423,0,-4.78119045164779
-0.458962814390204,0,-4.75991650053367
-0.570690193145302,0,-4.75032673486087
-0.694036806202303,0,-4.74887069595787
-0.830985173269564,0,-4.75059641438622
-0.982295494800841,0,-4.74955359915853
-1.14683032624947,0,-4.73948268437342
-1.32133002229136,0,-4.71466059487482
-1.50067710562799,0,-4.67068873770353
-1.67852323409526,0,-4.60502829600182
-1.84806405701051,0,-4.51719948722027
-2.00276864199604,0,-4.40868665746922
-2.13696049675825,0,-4.28265396900771
-2.24623143526615,0,-4.14356485858088
-2.32770439959774,0,-3.99675581708377
-2.38015636945216,0,-3.84798736321347
-2.40400131706719,0,-3.70299550150693
-2.401138013175,0,-3.5670798077372
-2.37468670240447,0,-3.44476887685807
-2.32865711628953,0,-3.33959250308023
-2.26759606239957,0,-3.25396935637549
-2.19625519607182,0,-3.18920029643125
-2.11930561272632,0,-3.14554719038529
-2.04111292034144,0,-3.12237456735583
-1.96557758930428,0,-3.11833249759217
-1.89603975093837,0,-3.13156020726699
-1.83524297594674,0,-3.15989027252989
-1.78534678697683,0,-3.20103419603016
-1.74797367912088,0,-3.25273377111426
-1.72427540122243,0,-3.31286988316414
-1.71500675937524,0,-3.37953057189582
-1.72060253902036,0,-3.45105114518252
-1.74126072538234,0,-3.52604822852523
-1.77703752832653,0,-3.60347472572303
-1.82795169170825,0,-3.68272270596578
-1.89407529928274,0,-3.76379535539918
-1.97555919446804,0,-3.84755422640098
-2.07251337087395,0,-3.93601675304902
-2.18465523302673,0,-4.03262265502959
-2.31068057651773,0,-4.14230960700638
-2.44743151514056,0,-4.27117801443933
-2.58911642215986,0,-4.42556969484463
-2.72696328778272,0,-4.61060957329745
-2.84958688604152,0,-4.82857635728522
-2.94400931753271,0,-5.07759755159354
-2.99697785141929,0,-5.35092459185124
-2.99628812426835,0,-5.63665242325575
-2.93222067512117,0,-5.91763962143771
-2.79958688337041,0,-6.1718264422521
-2.60070377421127,0,-6.37405224933096
-2.34819501861748,0,-6.50090447716001
-2.06450316266889,0,-6.53796758928007
-1.7762605775278,0,-6.48467037374299
-1.50700065681995,0,-6.35268534293212
-1.27310055643303,0,-6.16028556588604
-1.08345696525708,0,-5.92734690212884
-0.940684898310981,0,-5.67257557436917
-0.842362824682699,0,-5.41216480999609
-0.782126360423268,0,-5.15894086007206
-0.750922612239057,0,-4.9217149104468
-0.738584347528473,0,-4.70506774150624
-0.735470110806129,0,-4.50984092100125
-0.733691321780417,0,-4.33426562717318
-0.727624506052802,0,-4.175314014005
-0.7137773116154,0,-4.02982546447519
-0.690307102838763,0,-3.89518700291468
-0.656484019105017,0,-3.76958902516719
-0.612262657657384,0,-3.65199630046969
-0.558004575752885,0,-3.54198264012657
-0.494326137601479,0,-3.43953673714586
-0.422026751132666,0,-3.34489875525156
-0.342059500155801,0,-3.25844890561018
-0.255521112877491,0,-3.18064400804729
-0.163650526820688,0,-3.11198514497238
-0.0678315105890775,0,-3.05299671126093
0.0304040815745061,0,-3.00420112867678
0.129377081958428,0,-2.966080592945
0.227271648918443,0,-2.93902452666083
0.322161429997107,0,-2.92326726271087
0.412054984730671,0,-2.91882432067906
0.494960707008419,0,-2.92543743243663
0.568966897152472,0,-2.94253820672145
0.63232782670116,0,-2.969237828171
0.683542968200694,0,-3.00434540280437
0.721415597274618,0,-3.04641101744507
0.745079797472537,0,-3.09378265045788
0.753991393949546,0,-3.14466062252652
0.747887165479769,0,-3.19713083100187
0.726726163930773,0,-3.2491591658911
0.690636290048299,0,-3.29853438335684
0.639898706411866,0,-3.34275653615271
0.575011667432107,0,-3.37888686744751
0.49687785455383,0,-3.40340904322709
0.407138107244929,0,-3.41220103705888
0.308604739125218,0,-3.40075716919882
0.205629472338402,0,-3.36476658153843
0.104153332672381,0,-3.30098832912061
0.0112651538244742,0,-3.20813097292032
-0.0656434719002322,0,-3.08736550449578
-0.119815416720005,0,-2.94229661328544
-0.145867371497059,0,-2.77850209548493
-0.140227366594291,0,-2.60286736621442
-0.101304393673267,0,-2.42288155141937
-0.029445634529095,0,-2.24597555186853
0.0732854199293567,0,-2.07895493654721
0.203474381197479,0,-1.92758589752796
0.356799589039867,0,-1.79637997582191
0.528466212540502,0,-1.68857920922808
0.713553690409239,0,-1.60629277708275
0.907237598510618,0,-1.55070941109707
1.10488864687535,0,-1.52231484411337
1.302077918265,0,-1.52106707465471
1.49452603948293,0,-1.54650706620101
1.67803214646133,0,-1.59779971747412
1.84841451566598,0,-1.67370944345165
2.00149292560674,0,-1.77252093929393
2.13314261989015,0,-1.89192383616536
2.23944584193295,0,-2.02889319642332
2.31695053241851,0,-2.17961414331343
2.36301031984999,0,-2.33950788203256
2.37613241289121,0,-2.50340109402689
2.35622894377053,0,-2.6658326190844
2.30468718588251,0,-2.82142989528289
2.2242468901278,0,-2.96525608799393
2.11875226942976,0,-3.093054800271
1.99287709195647,0,-3.20138319497586
1.85189186201514,0,-3.2876799218811
1.7014827973103,0,-3.35033152802213
1.54757974335301,0,-3.38878021870217
1.39612459654949,0,-3.40367134990935
1.25272143305053,0,-3.39698623469099
1.12215791105814,0,-3.3720630085116
1.00786759800977,0,-3.33340161146805
0.91148327097351,0,-3.28620285936587
0.832657912056795,0,-3.23570135992503
0.769262019841159,0,-3.18646423144185
0.717922785934123,0,-3.14186574611248
0.674735684838358,0,-3.10387776700684
0.63593409221249,0,-3.07318225322283
0.598360476276358,0,-3.0495005910989
0.559688048936353,0,-3.03199792500989
0.51842887587523,0,-3.01965043342684
0.473803911861294,0,-3.01151846231373
0.425549976365082,0,-3.00691468782714
0.373719466434248,0,-3.00548235697338
0.318506818550141,0,-3.00720768164649
0.260118357485483,0,-3.01239015482299
0.198690316874822,0,-3.02159052795782
0.134252548910854,0,-3.03557127797689
0.0667316093123128,0,-3.05523967825349
-0.00401450856742747,0,-3.08159934651661
-0.0781376845151697,0,-3.1157123701034
-0.155724168515537,0,-3.15867077759485
-0.236709045758557,0,-3.21157332084356
-0.32078762021406,0,-3.27550149188163
-0.407331282810554,0,-3.35148775506245
-0.495316118967271,0,-3.44046940546947
-0.583272841350563,0,-3.54322334632453
-0.669266337094473,0,-3.66028019982368
-0.750912183168349,0,-3.79182007403859
-0.825436101663058,0,-3.9375564797283
-0.889780717775468,0,-4.09661895436794
-0.940762143696099,0,-4.26744882812573
-0.975276348328386,0,-4.44772637763121
-0.990550844659297,0,-4.63435124160876
-0.984429369234059,0,-4.82350033950378
-0.955664927238604,0,-5.01078597983142
-0.904181155605542,0,-5.19152747304881
-0.831248739644026,0,-5.36112948089971
-0.739521283642677,0,-5.51553141160903
-0.632890952481564,0,-5.6516632997977
-0.51615800076221,0,-5.76782740780764
-0.394550160234629,0,-5.86392932193396
-0.273164914495937,0,-5.94150567138285
-0.156432077306849,0,-6.00352981821912
-0.0477026595375828,0,-6.05401610223175
0.0509425878643627,0,-6.09748432359456
0.138613700634148,0,-6.13838060957495
0.215281209120775,0,-6.18056140259897
0.281294089439682,0,-6.22691994555946
0.336893801499202,0,-6.2791765836311
0.381863456615642,0,-6.33779629862712
0.41539262573013,0,-6.40197181731661
0.436168252829008,0,-6.46962823987555
0.442656178405213,0,-6.53745082519077
0.433521278633453,0,-6.60098979021328
0.408123871693676,0,-6.65493635981241
0.366997250416514,0,-6.69366806193334
0.31215404931006,0,-6.7120877631569
0.247041733025133,0,-6.70660773234928
0.17605989959031,0,-6.67593912527263
0.103772104954581,0,-6.62133436678587
0.0341278548589964,0,-6.54618945763661
-0.030021345441095,0,-6.45524411538822
-0.0870293089767109,0,-6.35373876947969
-0.136281446517627,0,-6.24677209963862
-0.177891088914045,0,-6.13892562386501
-0.21238591506698,0,-6.03411109528115
-0.240451110805699,0,-5.9355625322759
-0.262750463770143,0,-5.84590057466115
-0.279814649594276,0,-5.76721447212322
-0.29196864134683,0,-5.70112551833386
-0.299269772995751,0,-5.64881186833822
-0.30144338451763,0,-5.61098667840204
-0.29782677454599,0,-5.58782964394892
-0.287353170851653,0,-5.57887965146114
-0.268614743462875,0,-5.58290704631545
-0.240030871484143,0,-5.59779681498369
-0.200117834785498,0,-5.62048164202168
-0.147823266126048,0,-5.64695946988044
-0.0828709120296687,0,-5.67241623760225
-0.00606419924618629,0,-5.69146305390274
0.0804927433986369,0,-5.69849809860237
0.173301754261017,0,-5.6882098245877
0.267573483234706,0,-5.65622106056956
0.357608230823073,0,-5.59980128437957
0.437482095789022,0,-5.51845701408013
0.501919070192567,0,-5.41414326863509
0.547080488540469,0,-5.29094371405902
0.571006990572301,0,-5.15431973145025
0.573630465817063,0,-5.0102235467884
0.556473063621971,0,-4.86435491744914
0.522219304214263,0,-4.72168357572941
0.474294501256715,0,-4.5862183149363
0.41649769334674,0,-4.46094928216081
0.352679924878561,0,-4.34790018902756
0.286440201640336,0,-4.24825592542304
0.220821905664917,0,-4.16254746545228
0.15801929882198,0,-4.09086828052013
0.0991338195943093,0,-4.03307155992398
0.0440385767054141,0,-3.98887971884645
-0.00859457044697942,0,-3.95785475063254
-0.0610788643506706,0,-3.93923503148306
-0.11632369526918,0,-3.93171223460732
-0.177334041306805,0,-3.93325940418107
-0.246694350977236,0,-3.94110542004111
-0.326144504680706,0,-3.95189068784988
-0.41633304751698,0,-3.96196511349359
-0.516779218747434,0,-3.96773874354259
-0.626012604021401,0,-3.96599003229582
-0.74181700891775,0,-3.95407177656692
-0.861499272431099,0,-3.93000448395271
-0.982127600932363,0,-3.89248440994763
-1.10071810883859,0,-3.84084669505443
-1.21437533397125,0,-3.77501665235317
-1.32040496972287,0,-3.69546501613256
-1.41641571616137,0,-3.60316580051173
-1.50041702423787,0,-3.49954463818713
-1.57090696960641,0,-3.38640380721932
-1.62693565191098,0,-3.26581702033771
-1.66812843466141,0,-3.13999863501416
-1.69466021158788,0,-3.01116249359819
-1.70718288323454,0,-2.88139030859499
-1.70671795746532,0,-2.75252711170313
-1.69453102585813,0,-2.6261142171525
-1.67200452769917,0,-2.5033622445818
-1.64052175462228,0,-2.38516074045953
-1.60137082031912,0,-2.27211755774109
-1.55567359865174,0,-2.16461978509503
-1.50434154475635,0,-2.06290783667035
-1.44805755472118,0,-1.96715496409254
-1.38728063383525,0,-1.87754597603859
-1.3222688042585,0,-1.79435122827295
-1.25311635708788,0,-1.71799410308512
-1.17980477188066,0,-1.64911033159182
-1.10227158508176,0,-1.58859295605684
-1.02050490420137,0,-1.53760533902961
-0.934666295124399,0,-1.49752861454798
-0.845223153434698,0,-1.46980303987358
-0.753035774665636,0,-1.45565219417114
-0.659325564378516,0,-1.45575983439562
-0.565496143068293,0,-1.47005051095662
-0.472878086614605,0,-1.4977024928062
-0.382523936113155,0,-1.53737956855591
-0.295130649873203,0,-1.58754300508068
-0.211075292351425,0,-1.6467066989499
-0.130504294700855,0,-1.71358201448226
-0.0534262740402223,0,-1.78712826561791
0.020214303956992,0,-1.8665472623809
0.0904858706092471,0,-1.95125369924931
0.157436244949531,0,-2.04083964096901
0.221071132801501,0,-2.13504094559407
0.281340343836067,0,-2.23370761709552
0.338129240988087,0,-2.33677748038316
0.391254344835578,0,-2.44425179899671
0.440462847122995,0,-2.55617160024421
0.485436015751528,0,-2.67259402287125
0.525796111964769,0,-2.79356862513319
0.56111559231546,0,-2.91911398923338
0.590926323140467,0,-3.04919484898473
0.614725806837837,0,-3.18369917140364
0.631977630400894,0,-3.32241319457576
0.642104972453756,0,-3.46499071606822
0.644479124626247,0,-3.61091149645038
0.63840926928881,0,-3.75942306058957
0.623144787617671,0,-3.90946094781576
0.597907052435591,0,-4.05954531539322
0.561974231950059,0,-4.20765851219519
0.514849544010115,0,-4.35112275193616
0.456545951715365,0,-4.48652576408761
0.388003329438101,0,-4.60978990050952
0.31158759179408,0,-4.7165323481756
0.231479617613957,0,-4.80285591273937
0.153600064499345,0,-4.86652630255165
0.0847464171069217,0,-4.90811410070107
0.0310380130399665,0,-4.93141747619851
-0.00367955929929709,0,-4.9427780831576
-0.0187405381970189,0,-4.94961711867337
-0.0166534416203863,0,-4.95892822436959
-0.00247341902453801,0,-4.9762658355144
0.017073065857355,0,-5.00536415466949
0.0345788523106275,0,-5.04831735315885
0.0432212651235295,0,-5.10625770723069
0.0385279223997346,0,-5.18041303045507
0.0203810824394783,0,-5.27299166907101
-0.00590253469938562,0,-5.38685900011584
-0.0305531138666494,0,-5.52368570855133
-0.0419118129007087,0,-5.68185807958411
-0.0289643989903917,0,-5.8554970449893
0.0170513264020832,0,-6.03455985008947
0.101704250018458,0,-6.20537428774613
0.226446835262835,0,-6.35141825028658
0.387391470479911,0,-6.45489420235351
0.574331506432734,0,-6.49993361231241
0.771530955510276,0,-6.47718420374328
0.96131211165888,0,-6.38718644777771
1.1287963615134,0,-6.23964738438296
1.26478388101809,0,-6.04930287121386
1.3659205860391,0,-5.83160930389891
1.4334499320448,0,-5.60011222656973
1.47174520273121,0,-5.36530315224697
1.48689379205903,0,-5.13428038984962
1.48515644666286,0,-4.91094457904784
1.47137039007536,0,-4.69681927982645
1.44793103212402,0,-4.49239844016602
1.41501704716663,0,-4.29838060088718
1.37181442266916,0,-4.11607692690038
1.31765695332664,0,-3.94700583156957
1.25234994044247,0,-3.79237742103749
1.17590745199596,0,-3.65303985595348
1.08830928608337,0,-3.52986613154612
0.989586168310766,0,-3.42421926974172
0.880166715435708,0,-3.33819337977708
0.761281690846377,0,-3.27454101050255
0.635268079091905,0,-3.23635314308658
0.505707492552106,0,-3.22660688808991
0.377394839889139,0,-3.24767857292599
0.256155738953306,0,-3.30088636467516
0.148532876291009,0,-3.38610340641238
0.061360659027802,0,-3.50147441272706
0.00125399251589464,0,-3.64326832905787
-0.0259490551628767,0,-3.80589615783723
-0.0157371437601258,0,-3.98210969106476
0.0345899569881538,0,-4.16337556489711
0.125552354545051,0,-4.3403985394158
0.255270719723585,0,-4.50375663860332
0.419418340427362,0,-4.64460987452133
0.611363826855288,0,-4.75544628316367
0.822530803456063,0,-4.83082255397417
1.04300736674405,0,-4.86803290183011
1.26242645071848,0,-4.86759885807694
1.4710877384243,0,-4.83342949644344
1.66119084673057,0,-4.7724931603202
1.82792177511131,0,-4.69391865094844
1.97005748321563,0,-4.6076281450836
2.08982237485311,0,-4.52283148545052
2.19196458976257,0,-4.44683544787125
2.28230882293507,0,-4.38452215965225
2.3662225373784,0,-4.33855200712855
2.44741782507159,0,-4.31001639559338
2.52733441015085,0,-4.29910730375794
2.60511306419096,0,-4.30547809730768
2.67798782990466,0,-4.3282368290116
2.74187352396162,0,-4.36571930000922
2.79199285938151,0,-4.41522591078346
2.82350046229023,0,-4.47284804748882
2.83213884968514,0,-4.53347004369613
2.81495316611548,0,-4.59103862175905
2.77098314015911,0,-4.63917877664078
2.70169983201535,0,-4.67211540010664
2.6109191922551,0,-4.68564466718355
2.50413284090001,0,-4.67777616622899
2.38751721082741,0,-4.64881627930875
2.2670112965639,0,-4.60097180293723
2.14770802963014,0,-4.53773210541526
2.03358671457613,0,-4.46324520999607
1.92750025105299,0,-4.38177140309625
1.83132170030789,0,-4.29721074435814
1.74617372563916,0,-4.21268836989596
1.67266467922039,0,-4.13020998624122
1.61104319936449,0,-4.05042577898336
1.561190252748,0,-3.9725420061284
1.52240841176406,0,-3.89440576568561
1.49303125023492,0,-3.81278462019057
1.46995060441425,0,-3.72387585109669
1.44825106361322,0,-3.62407893971435
1.42122716362845,0,-3.51098965888382
1.38102838173071,0,-3.38439691887466
1.31990328738525,0,-3.24689353659857
1.23161862196837,0,-3.1037750105139
1.11249800986676,0,-2.96223951851794
0.961791302994936,0,-2.83022600667885
0.781430826978464,0,-2.71529123282405
0.575398303991611,0,-2.62380219331597
0.348954858396344,0,-2.5605528742478
0.107951854211653,0,-2.5287593085453
-0.141646675798477,0,-2.53028540672865
-0.394006163007068,0,-2.56593539980292
-0.643480929559909,0,-2.63569396779845
-0.884574531180798,0,-2.73885480492111
-1.11188456509087,0,-2.87402751639574
-1.32009860860769,0,-3.0390490385147
-1.50408058833936,0,-3.23084876795165
-1.65905715017437,0,-3.44532227507007
-1.78089333443438,0,-3.67725882815518
-1.86644192094267,0,-3.92035534574544
-1.91395382903494,0,-4.16734811395823
-1.92353040660577,0,-4.4103081771806
-1.89756340168113,0,-4.64116493303299
-1.84103669758707,0,-4.85251457978809
-1.76147907771879,0,-5.03869217234701
-1.66833674825467,0,-5.19691519218381
-1.57168474561288,0,-5.32810570984637
-1.48053700184298,0,-5.43693991583851
-1.40135927184553,0,-5.53090931345682
-1.3374375323334,0,-5.61862444504869
-1.28938660958146,0,-5.70793674388216
-1.25650156935786,0,-5.80445204591535
-1.23821742099003,0,-5.91071406350159
-1.2349380686559,0,-6.02600346836919
-1.24794025709999,0,-6.1465348080219
-1.27858897678466,0,-6.26585765302687
-1.32729687776117,0,-6.37538973558074
-1.39253206836704,0,-6.46517328785117
-1.47007091304963,0,-6.52510159103442
-1.55281245132422,0,-6.54682780823331
-1.63161450874025,0,-6.52606410235316
-1.69725437699251,0,-6.46415963652461
-1.74270194937808,0,-6.36777440243044
-1.76447871753377,0,-6.24676755886063
-1.76264324073874,0,-6.11166046797297
-1.73987625553311,0,-5.97182817751526
-1.70029432459633,0,-5.83465836009619
-1.64832311212309,0,-5.70539613326914
-1.58776072037133,0,-5.58734007087292
-1.52114453531504,0,-5.48213979368269
-1.44953598359474,0,-5.39003107100937
-1.37275336071813,0,-5.30995386742026
-1.28995687906399,0,-5.23963761518302
-1.20039018257452,0,-5.17584332431175
-1.1040142876844,0,-5.11493027576859
-1.00175909342292,0,-5.05370388722249
-0.895262344157939,0,-4.99020179367221
-0.786265816829462,0,-4.92398698670162
-0.676054557160809,0,-4.85580779732765
-0.565239934554972,0,-4.78688716609847
-0.453913904470253,0,-4.71824234240219
-0.342005970231951,0,-4.65028566887649
-0.229652291390302,0,-4.58274207860923
-0.117461827606271,0,-4.51479406279659
-0.00664538161815653,0,-4.44533973315691
0.100978787052899,0,-4.37327671371386
0.203074967390972,0,-4.29776321351381
0.296954089691877,0,-4.21843583385442
0.379801346797389,0,-4.13557396455805
0.448959031691768,0,-4.0501962414657
0.50224298910868,0,-3.96406652267978
0.538246697452297,0,-3.87958926139417
0.556568271688539,0,-3.79959549363779
0.557902402292774,0,-3.7270546994169
0.543976364128854,0,-3.66477435047556
0.517357849140561,0,-3.61514975192936
0.481194134800537,0,-3.58000238331994
0.438943187161839,0,-3.56051331824125
0.394135768677843,0,-3.55723782879527
0.350180646734281,0,-3.57018405862134
0.310204273678733,0,-3.59894719890685
0.276903862075716,0,-3.64290059461534
0.252384984533059,0,-3.70144579684666
0.237948950782871,0,-3.77430478884993
0.233796280536579,0,-3.86179327310822
0.238638035500127,0,-3.96495066283368
0.249279362933256,0,-4.08535441143025
0.260355589693131,0,-4.22448009366114
0.264486351564411,0,-4.38264282438704
0.253039200108544,0,-4.5578225259303
0.217421384798045,0,-4.74483273580428
0.150532841980913,0,-4.93515200880438
0.0479843969412089,0,-5.11739258370063
-0.0910636342858474,0,-5.27816460964443
-0.263334416989945,0,-5.40320548081391
-0.46106918445877,0,-5.47893156446264
-0.672157065618111,0,-5.49462807341786
-0.88136568931671,0,-5.44494495258375
-1.0728620054779,0,-5.33148712805026
-1.23307030320896,0,-5.16231936793176
-1.35242316703318,0,-4.94967048032
-1.42552231824655,0,-4.70734531155485
-1.45037226694417,0,-4.44899612983971
-1.42753742137858,0,-4.18737043696562
-1.35964008173289,0,-3.93408402621371
-1.25119101810036,0,-3.69944653314073
-1.1085118456326,0,-3.49207842488369
-0.939451866828595,0,-3.31832749620035
-0.752720717741776,0,-3.18172500078934
-0.556912011125532,0,-3.08279344057856
-0.359517028657861,0,-3.01936473618456
-0.166244778576089,0,-2.98730967762242
0.0192118533959923,0,-2.98142773578856
0.195016456049447,0,-2.99627091402975
0.360773325197522,0,-3.02677585708737
0.516993372016783,0,-3.06865603154651
0.664559957858767,0,-3.11855461955207
0.804290512646996,0,-3.17400335029678
0.93665441206217,0,-3.23326823937803
1.06166108973821,0,-3.29517025790283
1.17889097474953,0,-3.35894298514268
1.2876205717614,0,-3.42414794898919
1.38699348827031,0,-3.49063547720475
1.47620046836929,0,-3.55852579932393
1.55464162668601,0,-3.62818795515698
1.6220496072289,0,-3.70020407065341
1.67855721913526,0,-3.7753177261582
1.72470159000478,0,-3.8543740672537
1.76136861763704,0,-3.93826358649156
1.78969160714351,0,-4.02788012987636
1.8109215763668,0,-4.12409796610007
1.82628288594773,0,-4.22776557668756
1.83681984978084,0,-4.33970757153501
1.84323271555202,0,-4.46072123298783
1.84569919492271,0,-4.59154935183696
1.84368361661057,0,-4.73280504505996
1.83575143961469,0,-4.88481855564586
1.81943131186486,0,-5.04737648644215
1.79119352945392,0,-5.21933972326153
1.74662874107952,0,-5.39816400337385
1.68089801817072,0,-5.57940182868093
1.5894802571704,0,-5.75631856911935
1.46917926394721,0,-5.9197940555746
1.31928286244921,0,-6.05870836468393
1.14266249923243,0,-6.16102575863022
0.946418095344708,0,-6.21570294741336
0.741503698288994,0,-6.21516259426557
0.540982591456044,0,-6.1574121418444
0.357378080488015,0,-6.04662228646058
0.200333365377898,0,-5.89180063426594
0.075522694375457,0,-5.70443521441051
-0.0152043921545488,0,-5.49631008864855
-0.0730371759479884,0,-5.27808660960436
-0.101292501427478,0,-5.05861299594988
-0.1046046454795,0,-4.84470647890701
-0.0882544553748286,0,-4.6412007802002
-0.0576215627576063,0,-4.4511494881497
-0.0177532373713144,0,-4.27613154908797
0.0269410056413579,0,-4.11661627390921
0.0728620894242721,0,-3.97233878904594
0.117271413772657,0,-3.84263608781784
0.158246491667711,0,-3.72670683313346
0.194578957354683,0,-3.62377970248364
0.22564859258322,0,-3.53319583871674
0.251296875997049,0,-3.45442438282232
0.271712481914812,0,-3.38703480148262
0.287333065738744,0,-3.33064795328183
0.298763619597363,0,-3.28488271981177
0.306710791958978,0,-3.24930911785008
0.311933260267411,0,-3.22341356515083
0.315208985169333,0,-3.20657790459129
0.317319746924568,0,-3.19807085785512
0.319051081579204,0,-3.19704862010768
0.321201811037742,0,-3.20256035899386
0.32459330677681,0,-3.21355472206213
0.330066964689774,0,-3.22888527698524
0.338461143037071,0,-3.24731571003597
0.350565664741518,0,-3.26752844931619
0.367059789775775,0,-3.28814185482636
0.388444602959528,0,-3.3077406552098
0.41498146628643,0,-3.32492235859692
0.446645771147136,0,-3.33835977135535
0.483102023462575,0,-3.34687697378956
0.52370379110057,0,-3.34953299361198
0.567520226457236,0,-3.34570376278359
0.613388834102803,0,-3.335149099073
0.659991147633153,0,-3.31804867380668
0.705944323834036,0,-3.29499101132911
0.749898855329337,0,-3.26690400899439
0.790632511583084,0,-3.23492474870485
0.827134143714112,0,-3.2002197627341
0.858677155722307,0,-3.16378219727039
0.884888551866876,0,-3.1262450019613
0.905822347371739,0,-3.08775318604056
0.922044039180374,0,-3.04792952737615
0.934726611124048,0,-3.00595031411448
0.945750349757753,0,-2.96073046090312
0.957789080189442,0,-2.91120906102023
0.974351660983191,0,-2.85672675336264
0.99972634084511,0,-2.7974845642418
1.0387494931443,0,-2.73505279480371
1.09630786945017,0,-2.67284266598441
1.17652484987007,0,-2.61636914573841
1.28171561817622,0,-2.57307727661655
1.41139491246043,0,-2.55157812969204
1.56173427134572,0,-2.56039085500403
1.72572628343641,0,-2.60657458253386
1.89396567014576,0,-2.69470269370817
2.05567836951338,0,-2.82640194371649
2.1996290045346,0,-3.00035596587095
2.31474976747469,0,-3.21250039729313
2.39056737762609,0,-3.45616841671517
2.41764726776083,0,-3.72209663406383
2.38830815230668,0,-3.9983978537424
2.29776006013428,0,-4.27081202370131
2.14551464406123,0,-4.52365769217377
1.93645817061814,0,-4.74169010769238
1.68078162809549,0,-4.91242888176509
1.39250946148965,0,-5.02795828846721
1.08729985537906,0,-5.08547098927511
0.780496285506807,0,-5.0867070038284
0.485894159466217,0,-5.03696449388161
0.215082477127429,0,-4.9442012543888
-0.0229782862545405,0,-4.81834059584005
-0.222352896490339,0,-4.67062856504832
-0.380485390949336,0,-4.51284189532105
-0.498315935270821,0,-4.35627056257948
-0.579937379644684,0,-4.21061369255738
-0.631729061006925,0,-4.083098863764
-0.661169072163707,0,-3.9781188305629
-0.675696392062984,0,-3.89745927996764
-0.681937215177861,0,-3.84092834062359
-0.685390024753943,0,-3.80708183435832
-0.690458068478138,0,-3.79380573937496
-0.700636072216903,0,-3.79866727480981
-0.718689027826601,0,-3.81906871155029
-0.746739277003605,0,-3.85229212023161
-0.786251937124072,0,-3.89552180166862
-0.837956628966742,0,-3.9459021307671
-0.901763537563128,0,-4.00065306732953
-0.976729037748317,0,-4.05723454857778
-1.06110672989459,0,-4.11352958212152
-1.15249083749283,0,-4.16800773585506
-1.24802964950289,0,-4.21983813677694
-1.34466865718741,0,-4.26894187954597
-1.43938803400637,0,-4.31599885645241
-1.52943416741236,0,-4.36243920107755
-1.61260574803606,0,-4.41043958855372
-1.68771236409634,0,-4.462895059292
-1.75529526603768,0,-4.52324029797965
-1.81845541873892,0,-4.59489565793602
-1.88320253653042,0,-4.68018832816858
-1.95763397779055,0,-4.77902053236659
-2.0499913802574,0,-4.88800589003437
-2.166563573096,0,-5.00059481875124
-2.31036347915001,0,-5.10798787151649
-2.4807254285936,0,-5.20025176412058
-2.67342307480652,0,-5.2672548996883
-2.88089293325543,0,-5.29942501121803
-3.09242845042215,0,-5.28859580876341
-3.29458664402118,0,-5.22925733417328
-3.4723681325444,0,-5.12023503524074
-3.61160167270082,0,-4.9661168226501
-3.70198749254107,0,-4.77717296899315
-3.73916792573123,0,-4.56720317910939
-3.72465857254468,0,-4.35042185346388
-3.6641755081326,0,-4.13905251405374
-3.5656861700979,0,-3.94225082362257
-3.43795785455943,0,-3.76594933272693
-3.28963719547953,0,-3.61305649246926
-3.12858827384997,0,-3.48376013205296
-2.96127292478359,0,-3.37603782644521
-2.79221695007464,0,-3.28662699370508
-2.62388489228062,0,-3.21244070562258
-2.45723348623161,0,-3.15182532507342
-2.29270706900264,0,-3.10487608329734
-2.13102632266677,0,-3.07272587399985
-1.97335170447114,0,-3.05654166688217
-1.82098507042861,0,-3.05697826119558
-1.67506503544967,0,-3.07424423450798
-1.53656535918963,0,-3.10846432423786
-1.40660755920351,0,-3.15995476183321
-1.28689420203884,0,-3.22919935778714
-1.18002089562399,0,-3.31652183136742
-1.08949957669902,0,-3.42159287633039
-1.01945649271717,0,-3.54296015086225
-0.974085940678716,0,-3.67775925465831
-0.957004915659493,0,-3.82169045179997
-0.970662962281374,0,-3.96926433615593
-1.01593113368813,0,-4.11424875212857
-1.09193528215011,0,-4.25020010276755
-1.1961223720007,0,-4.37094786735607
-1.32447421425565,0,-4.47093101837043
-1.47173609049084,0,-4.54535338377625
-1.63152486863792,0,-4.59021437198301
-1.79623166268794,0,-4.6023666150473
-1.95675978926125,0,-4.57983548300333
-2.10237318722965,0,-4.52263687173522
-2.22120921710431,0,-4.4340737582309
-2.30196980698782,0,-4.32186961457266
-2.33648992500634,0,-4.19799498832183
-2.32177279051252,0,-4.07665799832928
-2.26017693611469,0,-3.97146491310091
-2.15791211214943,0,-3.89339277044915
-2.02308889660523,0,-3.85031025630064
-1.864400663137,0,-3.847682702549
-1.69087594631364,0,-3.88969289300041
-1.51265705023302,0,-3.97996757732937
-1.34223000576152,0,-4.12105620104339
-1.19471652664975,0,-4.31222513051758
-1.08573126673588,0,-4.54673953099169
-1.02740678374357,0,-4.81124112458094
-1.02554928204569,0,-5.0881706069037
-1.07969034712752,0,-5.35904291440536
-1.18478946201984,0,-5.60622177193567
-1.33253999154537,0,-5.81298862915768
-1.51133823443442,0,-5.96313407710929
-1.70520097124782,0,-6.04162989777757
-1.89308637401975,0,-6.03769291921938
-2.05104139523328,0,-5.9497985800938
-2.15797468846472,0,-5.7886724086361
-2.2011282261998,0,-5.57427782391105
-2.17678593375866,0,-5.32923681007034
-2.08726516536046,0,-5.07419029420604
-1.937783705897,0,-4.82670246276426
-1.73491989220686,0,-4.60215489378913
-1.48667737796971,0,-4.41497790922426
-1.20370658489055,0,-4.27915731842283
-0.90096931037389,0,-4.2072218776691
-0.598529183562151,0,-4.20743565328417
-0.319980277618739,0,-4.28034306937289
-0.0885140273360603,0,-4.41696628164098
0.0775134151153409,0,-4.5997361056609
0.168040885393935,0,-4.80526321192163
0.183397156126608,0,-5.00827141080117
0.134029083391395,0,-5.18637990832247
0.0370555568002415,0,-5.32389839595681
-0.0885945293875189,0,-5.41255481381193
-0.22555080608427,0,-5.44967253776661
-0.359002545014684,0,-5.43604399841952
-0.476470913970795,0,-5.37482222663907
-0.567582831224826,0,-5.27127257706912
-0.624249397223375,0,-5.13268380865159
-0.641013692526416,0,-4.96795787546747
-0.615182788524413,0,-4.78684795922894
-0.546567686349939,0,-4.59912205327231
-0.436936512740005,0,-4.41394740744232
-0.289417939696744,0,-4.23961530282443
-0.108052139848412,0,-4.08354267043204
0.102424734527054,0,-3.95239399806813
0.336580999602084,0,-3.85215572675691
0.588171148665506,0,-3.78803270236876
0.850046907136932,0,-3.76410845265159
1.11426024932102,0,-3.78281259881293
1.37248061948255,0,-3.84434873652319
1.61674981454252,0,-3.94631564451128
1.84045395316153,0,-4.08376984151382
2.03919240568099,0,-4.24991800667953
2.21096833736689,0,-4.43740596430543
2.35521366681153,0,-4.63960722661959
2.47116922370961,0,-4.85091798764585
2.55696254213521,0,-5.06586365064747
2.6098859216158,0,-5.27788772847209
2.62734185755337,0,-5.47853892146434
2.60802463053014,0,-5.65721529001934
2.5532873394178,0,-5.80163039507513
2.46850882267714,0,-5.89941774215878
2.36369366990171,0,-5.94101528121915
2.25231263145997,0,-5.92276846396754
2.14848314376524,0,-5.84821826418134
2.06412594315639,0,-5.72670422291019
2.00754988896096,0,-5.57062718063316
1.98339224943379,0,-5.39313961382604
1.99302087545837,0,-5.20684465904441
2.03472603285918,0,-5.02312550797369
2.10353015022348,0,-4.85151900756467
2.1908725252863,0,-4.69875974817062
2.28481255817742,0,-4.56758211853244
2.3716157948135,0,-4.456040910808
2.43902354430885,0,-4.35847124908781
2.47972467124723,0,-4.26813211929942
2.49238870912001,0,-4.17963089676502
2.47971596426545,0,-4.08952275058163
2.44579740042267,0,-3.99567651054221
2.39469556532235,0,-3.89657233858297
2.33030970577858,0,-3.79090015821544
2.25683777611722,0,-3.67740185672823
2.17925887751236,0,-3.55492586104958
2.10349286130408,0,-3.42271541559304
2.03608907454574,0,-3.28087953773
1.98350128816067,0,-3.13086148162633
1.95119451111368,0,-2.97566962113041
1.9429027521982,0,-2.81974508543193
1.96025718465291,0,-2.66852733479592
2.00279952827236,0,-2.52789160599988
2.06823911900434,0,-2.40361024375607
2.1527939252329,0,-2.30090378727542
2.25152886595322,0,-2.22408763647446
2.35867556330383,0,-2.17630588087043
2.46794563583767,0,-2.15934882480778
2.57284662002822,0,-2.17355524824359
2.66699604753998,0,-2.21780130272464
2.74441614693708,0,-2.28957452580601
2.79978597453008,0,-2.38512176625392
2.82863558316255,0,-2.49964692360971
2.82748770681685,0,-2.62752882990099
2.79397437317154,0,-2.76254128089382
2.72696008434392,0,-2.89808402221405
2.6266781279371,0,-3.02745760250537
2.49484112154557,0,-3.1442130625638
2.33465082906301,0,-3.24256986661579
2.15063713245209,0,-3.31783994994528
1.94830836493293,0,-3.36675841147042
1.7336684118794,0,-3.38762949589566
1.51271053420584,0,-3.38024835071217
1.29100874696075,0,-3.3456300752351
1.07349143423981,0,-3.28564243857703
0.864404850408625,0,-3.20267568043295
0.667381668970538,0,-3.09945461172152
0.485495889993278,0,-2.97898792410526
0.321259338830829,0,-2.84455127362308
0.176606380748929,0,-2.69962586647138
0.0529157230789068,0,-2.54780458269235
-0.0489333151616217,0,-2.39271342911292
-0.12850110833465,0,-2.237971910075
-0.185750968976054,0,-2.08718509307329
-0.22104719326062,0,-1.94394582343007
-0.235187953058881,0,-1.81182303595299
-0.229463700013085,0,-1.69431450801159
-0.205722029383707,0,-1.59474897422828
-0.166410724566003,0,-1.51613607925569
-0.114567792036495,0,-1.46098360879533
-0.05373800734358,0,-1.43112257746519
0.0121794464110253,0,-1.42758816318602
0.079119740079588,0,-1.45058840483958
0.14303161403087,0,-1.49955932646696
0.200010291826229,0,-1.57327443985666
0.246371277074594,0,-1.66996466211772
0.278676101421041,0,-1.78741251368672
0.293735816271359,0,-1.9230021366068
0.288623351696222,0,-2.07372482581769
0.260725171225822,0,-2.23615529382248
0.207856970496377,0,-2.40642806362483
0.128454126998437,0,-2.58025664095711
0.0218202729995105,0,-2.75304538396706
-0.11162246082894,0,-2.92013397491164
-0.270176935014047,0,-3.07717571809518
-0.450918159696011,0,-3.22058106886894
-0.650016465986305,0,-3.34786927159446
-0.863284529335361,0,-3.45771991656745
-1.086706059123,0,-3.54963546782145
-1.31665813289126,0,-3.62342440362462
-1.54978671382516,0,-3.67884274629644
-1.78273542139749,0,-3.71550991539899
-2.01189722344358,0,-3.73299716997457
-2.23323075691542,0,-3.73098812427764
-2.442139349045,0,-3.70949134310255
-2.63344062788062,0,-3.66912405402377
-2.80150303192059,0,-3.61147131795565
-2.94065332525012,0,-3.53946484966391
-3.04591511451472,0,-3.45763231326542
-3.11397213125047,0,-3.37200175547409
-3.14401546387671,0,-3.28952248818767
-3.13805547350222,0,-3.21712038299809
-3.10053289747814,0,-3.1607479579665
-3.03746031922178,0,-3.12476506390932
-2.95549522977608,0,-3.11173327998204
-2.86121470952256,0,-3.12248923720151
-2.76064603908212,0,-3.15631568602161
-2.65898083534936,0,-3.21109544050265
-2.56037880891642,0,-3.28342075581872
-2.46780492393463,0,-3.36870469435184
-2.38290902199146,0,-3.46140278621146
-2.30603129458902,0,-3.55548593775461
-2.23645127770392,0,-3.64523851688541
-2.17290500832666,0,-3.72622609870315
-2.11418120648685,0,-3.79602028711126
-2.0594944615354,0,-3.85431107201378
-2.00849417906738,0,-3.90242804688715
-1.96102209548446,0,-3.94261131008001
-1.91682778163698,0,-3.97734669916744
-1.87539251549524,0,-4.00888924905838
-1.83591374107169,0,-4.03897374617031
-1.79742447016,0,-4.06868033708921
-1.75897729213864,0,-4.09842446866412
-1.71981567168384,0,-4.12803781933284
-1.67948129996309,0,-4.15690041669141
-1.6378464213374,0,-4.18408390804292
-1.59509192358,0,-4.20847558207536
-1.55166407853948,0,-4.22886857359949
-1.50823724066533,0,-4.24402040623605
-1.46569525323819,0,-4.25269657901344
-1.42512889441848,0,-4.25372724545437
-1.38783509216767,0,-4.24611121228222
-1.35529746385331,0,-4.22919697606862
-1.32912663277648,0,-4.20294792712579
-1.3109411003438,0,-4.16825738420502
-1.30217377275071,0,-4.1272332784034
-1.30379764690266,0,-4.08334663011258
-1.3159835921504,0,-4.04134905036136
-1.33773767048179,0,-4.00691247367167
-1.36660271696594,0,-3.98601705799959
-1.39852142843818,0,-3.9841854004758
-1.42792931741281,0,-4.00569928744591
-1.44809153282856,0,-4.05292320464577
-1.4516503897374,0,-4.12581607064312
-1.43132582191227,0,-4.22167353438234
-1.38069884237101,0,-4.33512364186872
-1.29499491313696,0,-4.4583877039644
-1.1717726904496,0,-4.58179762172531
-1.01142922499836,0,-4.69452884172609
-0.817462166813412,0,-4.7854831195698
-0.596465653025709,0,-4.84425710980387
-0.357847269259712,0,-4.86215427960285
-0.113227118943791,0,-4.83319426107471
0.124537271093044,0,-4.75499716969887
0.342674727289608,0,-4.62929649670499
0.52994236778868,0,-4.46180744209865
0.677781001095072,0,-4.26138460117265
0.78085214537273,0,-4.03874330335209
0.836929354840533,0,-3.80519778241706
0.846392216317517,0,-3.57175282009513
0.811635508207122,0,-3.3486332055086
0.736609716430977,0,-3.14515187912199
0.62658670016742,0,-2.96975562471803
0.488162997840707,0,-2.83009026220973
0.329461991624921,0,-2.73293521527615
0.160430791599213,0,-2.68385464434929
-0.00698635279711651,0,-2.68643963410798
-0.159150786372771,0,-2.74115978988613
-0.281869141940833,0,-2.84415690672674
-0.362409689809779,0,-2.98665442119899
-0.391814347724432,0,-3.15564122990702
-0.36649023000091,0,-3.33587630564627
-0.288353271626881,0,-3.51244413833145
-0.163649234117231,0,-3.67282353347655
-0.00121038396964845,0,-3.80790791843522
0.189126878988589,0,-3.91206689353591
0.397619897227283,0,-3.98263897005043
0.615227004178288,0,-4.01920912584178
0.83383443551856,0,-4.02290193547329
1.04623429052279,0,-3.99583058806528
1.24599075930927,0,-3.94077104681324
1.42732817714339,0,-3.86105843584827
1.58514794873755,0,-3.76063630814785
1.71522540488857,0,-3.64414118023871
1.81455195413451,0,-3.51688813727905
1.88169275720907,0,-3.38465951589832
1.91698182759328,0,-3.25329519482852
1.92243099184154,0,-3.12819570843248
1.90136625476223,0,-3.01389760634647
1.85792409950983,0,-2.9138295997485
1.79656267986748,0,-2.83025988060247
1.72168419300135,0,-2.7643746529356
1.63739012309419,0,-2.7164125377225
1.54734340066738,0,-2.68580054174004
1.45469507190447,0,-2.67126954355544
1.36203605430708,0,-2.6709602467132
1.27135004579292,0,-2.68256375962757
1.18397371416809,0,-2.70356393646398
1.10061039943795,0,-2.73162070943772
1.02145633733219,0,-2.76501054295393
0.946431108789436,0,-2.80288987562723
0.87539081034033,0,-2.84518870619768
0.808190398554659,0,-2.89223379084837
0.744595924575856,0,-2.94441171472154
0.684164109242716,0,-3.00206613537948
0.626193830357769,0,-3.06559506600386
0.569786104954781,0,-3.13562374970023
0.514012910112713,0,-3.21315833581028
0.458190362163518,0,-3.29966719293366
0.402241007864689,0,-3.39704824694183
0.347089758361458,0,-3.50743867516878
0.294979191358129,0,-3.63284228243581
0.249560660922461,0,-3.77460998603397
0.215667014698941,0,-3.93288633363447
0.19878789143747,0,-4.10617117607176
0.20436980135669,0,-4.29110815832965
0.237085568081391,0,-4.48253469791554
0.300173700304852,0,-4.67377176916018
0.394896805188585,0,-4.85712042023917
0.520151651366307,0,-5.02454401377411
0.672283148347187,0,-5.16851379521257
0.845181337162389,0,-5.28295849907093
1.0307379779026,0,-5.36419487281837
1.21968864264644,0,-5.41166070248704
1.40277897947783,0,-5.42826014539156
1.57209337549727,0,-5.42017086876194
1.72228026046344,0,-5.39604919367641
1.85132163418586,0,-5.36571760524414
1.96050699559065,0,-5.33862525721356
2.05348141938348,0,-5.32253047926485
2.13461456718297,0,-5.32279073715617
2.20727414146468,0,-5.34231945894023
2.27264113049829,0,-5.38190521905116
2.32940933058241,0,-5.4404961995532
2.37427416231204,0,-5.51527189552848
2.40285400061872,0,-5.60158503503574
2.41072437478798,0,-5.6929527079257
2.3944288562959,0,-5.78126618509287
2.35243683722556,0,-5.85739228122536
2.28593568663867,0,-5.91231662211262
2.19914201085278,0,-5.93876253667516
2.09877323858648,0,-5.93278003732162
1.99269903139449,0,-5.89453553435123
1.88834288341911,0,-5.82791223134789
1.79151670471321,0,-5.73926539623626
1.70596872357943,0,-5.63600205649712
1.63351570406654,0,-5.52542438249579
1.57450630864927,0,-5.41393367600208
1.52840444118062,0,-5.30653241426133
1.49432453371549,0,-5.20655844758369
1.47137513525909,0,-5.11562250429752
1.45872874739915,0,-5.03374041232736
1.45544977061673,0,-4.95965575537079
1.46022848967727,0,-4.89134278328137
1.47122459895293,0,-4.82664509289101
1.48617805516788,0,-4.7639266033141
1.5027915977437,0,-4.70252959428213
1.51920211792619,0,-4.64285606311911
1.53428982504413,0,-4.58606386047703
1.54769797074619,0,-4.53357273653868
1.55962711426849,0,-4.48662657571161
1.5705565487822,0,-4.4460457073411
1.58100865468025,0,-4.4121646325365
1.59139618512337,0,-4.38488433789387
1.60194404077952,0,-4.36377100030242
1.61266416338814,0,-4.34816104672037
1.6233668289029,0,-4.33725672711626
1.63369804166195,0,-4.33020854406812
1.64319467903195,0,-4.32618418619184
1.65134741203124,0,-4.3244236469829
1.65766002780395,0,-4.32428073647184
1.66169547461326,0,-4.32525275797364
1.66310359772051,0,-4.32700115642153
1.66163070845302,0,-4.32936518809552
1.65711458209532,0,-4.332368643435
1.64946973755348,0,-4.3362180535087
1.63866775121676,0,-4.34129083079944
1.62471672497164,0,-4.34811330485962
1.60764305233483,0,-4.35733054179321
1.58747719978735,0,-4.36967111988143
1.56424348503771,0,-4.38591025214943
1.53795227821328,0,-4.40683402408281
1.50859218141009,0,-4.43320652613061
1.4761197484984,0,-4.46574066806903
1.44044501845438,0,-4.50507259828721
1.40141220189906,0,-4.55173889825417
1.35877597707511,0,-4.60615503766671
1.31217487721411,0,-4.66859296436102
1.26110420510717,0,-4.73915523771453
1.20489189417894,0,-4.81774292923849
1.142681835734,0,-4.90401479678978
1.07343039841391,0,-4.99733621835509
0.995923011209406,0,-5.09671829101432
0.90881841475543,0,-5.20075056412334
0.810727973912204,0,-5.30753516578398
0.700335591039921,0,-5.41463545119984
0.57655942425021,0,-5.51905820686906
0.438748874073275,0,-5.61729363897448
0.286898444223589,0,-5.70543939585713
0.121844572485413,0,-5.77942957784233
-0.0546040584807435,0,-5.83537186895962
-0.239659252386197,0,-5.86996283266814
-0.429711861949503,0,-5.8809094997174
-0.620657481010613,0,-5.86725493840869
-0.808332256679382,0,-5.82951259206752
-0.988957039411499,0,-5.76956789191106
-1.15948578206869,0,-5.69038187915962
-1.317795463293,0,-5.59558787815531
-1.46271232281027,0,-5.48908287965205
-1.59391204175203,0,-5.3746875612066
-1.71174734499392,0,-5.25590819292062
-1.81705129446216,0,-5.13580067744841
-1.91095018546677,0,-5.01691867046439
-1.99470519359107,0,-4.90132172168387
-2.06959047914191,0,-4.79062059451551
-2.13680787748754,0,-4.68604128064569
-2.19743390535733,0,-4.58849434079328
-2.25239272182585,0,-4.49864091653055
-2.30244814710452,0,-4.41695058515302
-2.34820826677061,0,-4.34374902831495
-2.3901370778372,0,-4.27925530033175
-2.42856874458904,0,-4.22360946276545
-2.46372113516489,0,-4.17689169521641
-2.49570632819335,0,-4.13913390187565
-2.52453672290245,0,-4.11032449588728
-2.55012631772683,0,-4.09040662180004
-2.57228771646318,0,-4.07926971531231
-2.59072652729647,0,-4.07673413658905
-2.60503602494882,0,-4.0825287845249
-2.61469613700815,0,-4.09626223114202
-2.61908175545212,0,-4.11738909647731
-2.61748570542727,0,-4.14517511191402
-2.60916099655198,0,-4.1786664277278
-2.59338485068751,0,-4.21667081086375
-2.56954327183271,0,-4.25775979527758
-2.5372298406204,0,-4.30030073927315
-2.4963468010739,0,-4.34252527448219
-2.44719180006704,0,-4.38263534327197
-2.39051166697836,0,-4.41894030206472
-2.32750700592603,0,-4.45000996955973
-2.25977868249109,0,-4.47482156953637
-2.18921834864374,0,-4.49287592706939
-2.11785713312561,0,-4.50426153212317
-2.04769608474363,0,-4.50965365059758
-1.98054626349524,0,-4.51024716631491
-1.91790459239974,0,-4.50763319512925
-1.86088438677399,0,-4.50363811770946
-1.81020855847919,0,-4.50014796977748
-1.7662610867288,0,-4.49894062919172
-1.72918101752571,0,-4.50154349674643
-1.69897557523345,0,-4.5091269271285
-1.67562686101345,0,-4.52243578428515
-1.65917052323811,0,-4.5417554104708
-1.64973327732482,0,-4.56690535017181
-1.647526339308,0,-4.59725434347889
-1.65280061172855,0,-4.63175232282814
-1.66577485387051,0,-4.66897805054143
-1.68654991667843,0,-4.70720360292073
-1.71502170968685,0,-4.74447854814546
-1.7508046040934,0,-4.77873688149636
-1.79317653913592,0,-4.80792786772215
-1.84105696831758,0,-4.83016715456851
-1.89302741363615,0,-4.84389688442088
-1.94739973583778,0,-4.84803490901924
-2.00232836906081,0,-4.84208763993364
-2.05595160777714,0,-4.82620309505514
-2.10653822563151,0,-4.80115198582678
-2.15261394553243,0,-4.76824155127457
-2.19304872904014,0,-4.72918184977931
-2.2270971111357,0,-4.68593115024368
-2.25439454109877,0,-4.6405448034177
-2.27491926286573,0,-4.59504406008404
-2.28893123237299,0,-4.55131251334794
-2.29689864192014,0,-4.5110212861039
-2.2994208369033,0,-4.4755805129584
-2.29715494298108,0,-4.44611334802146
-2.29075249080159,0,-4.42344858749566
-2.28081121057021,0,-4.40812826832393
-2.26784540178889,0,-4.40042697468029
-2.25227570566869,0,-4.4003799913599
-2.23443611397531,0,-4.40781784622017
-2.21459339665257,0,-4.42240506536533
-2.19297256702292,0,-4.44368100259272
-2.16978192662112,0,-4.47110040474902
-2.14523255871122,0,-4.50407112625315
-2.11954938279314,0,-4.54198639933417
-2.09297335749153,0,-4.58424952812429
-2.06575648102096,0,-4.63028983115549
-2.03815246698789,0,-4.67956991041903
-2.01040625851418,0,-4.73158554939596
-1.98274505363408,0,-4.78586043120246
-1.95537257722257,0,-4.84193825304894
-1.92846729317691,0,-4.89937469826874
-1.9021843592216,0,-4.95773124262568
-1.87666051064238,0,-5.01657209455056
-1.85202073358679,0,-5.07546485439164
-1.82838550502145,0,-5.13398482563791
-1.80587746823297,0,-5.19172236777694
-1.78462662169194,0,-5.24829225988158
-1.76477338281429,0,-5.30334375101325
-1.74646921401922,0,-5.35656981819214
-1.72987483312144,0,-5.40771415107035
-1.71515633247816,0,-5.4565745458606
-1.70247975389891,0,-5.50300171158291
-1.69200476439745,0,-5.54689293299365
-1.6838780228128,0,-5.58818053583595
-1.6782266178078,0,-5.62681559328666
-1.67515162387378,0,-5.66274774661817
-1.6747214218946,0,-5.69590237372009
-1.67696404340771,0,-5.72615665311055
-1.68185751586705,0,-5.75331639214303
-1.68931711300305,0,-5.77709586506216
-1.69917865766205,0,-5.79710334254216
-1.71117768129984,0,-5.81283540866222
-1.72492536493637,0,-5.82368336918155
-1.7398837167349,0,-5.82895478321384
-1.75534415829467,0,-5.82791210318686
-1.77041516720625,0,-5.81982838538718
-1.784025264636,0,-5.8040570784929
-1.79494683703046,0,-5.7801094207387
-1.80184367409313,0,-5.74772978469849
-1.80334084845957,0,-5.70695746942578
-1.79811050942994,0,-5.65816394645654
-1.78496275646391,0,-5.60205787014946
-1.76292855780683,0,-5.53965577421501
-1.73132265741606,0,-5.47222282986034
-1.6897783949138,0,-5.40119339695497
-1.63825202368298,0,-5.32808379391347
-1.5769995986384,0,-5.25440925208222
-1.50653330151948,0,-5.18161408551899
-1.42756556231378,0,-5.11102004822447
-1.34094880907397,0,-5.04379398992897
-1.24761692601154,0,-4.98093307785499
-1.14853235234704,0,-4.92326425270655
-1.04464079963011,0,-4.87145404534591
-0.93683408391223,0,-4.82602504018837
-0.825920607435995,0,-4.78737578785513
-0.712602502824804,0,-4.75580159289741
-0.597458252957955,0,-4.73151418689247
-0.480929614435505,0,-4.71465877846052
-0.363311823718239,0,-4.70532733643301
-0.244746304351606,0,-4.70356722497573
-0.125215395172711,0,-4.70938449756977
-0.00453897003735582,0,-4.72274130480734
0.117626789590364,0,-4.7435470173038
0.241787789711343,0,-4.77164285072438
0.368606485036596,0,-4.80678004666103
0.498890918237402,0,-4.84859204826331
0.633576555080993,0,-4.89656163814558
0.773699005239483,0,-4.94998468036451
0.920355836066669,0,-5.00793289665684
1.07465611946672,0,-5.0692189378274
1.23765713815088,0,-5.13236777536598
1.41028880348317,0,-5.19559900742182
1.59326772981462,0,-5.25682492870273
1.78700445224101,0,-5.31366908171863
1.99150884428043,0,-5.36350947619017
2.20630031600663,0,-5.40354976936821
2.4303308617996,0,-5.43092045430282
2.66193054291158,0,-5.44281038589614
2.89878651083265,0,-5.43662643697048
3.13796784345675,0,-5.41017515617204
3.37600830261731,0,-5.36185448390064
3.6090559681514,0,-5.29083601010196
3.83309071415115,0,-5.19721052209301
4.04419695214348,0,-5.08206517845109
4.23886212329082,0,-4.94746409158908
4.41425684052985,0,-4.79631838091862
4.56844784132839,0,-4.63215508139589
4.70050477979013,0,-4.458819149073
4.81048451081755,0,-4.28015925075336
4.89930371339654,0,-4.09974945034379
4.96853261941484,0,-3.92068574136593
5.02015298615559,0,-3.74547500509194
5.05632162156649,0,-3.57601250586465
5.07917028734487,0,-3.41362850454762
5.09065870901091,0,-3.25917744019316
5.09248414041184,0,-3.11314371582216
5.0860412351274,0,-2.97574386306932
5.07242079974228,0,-2.84701266839331
5.05243480435198,0,-2.72686818190492
5.02665646831919,0,-2.61515594992166
4.99546687735684,0,-2.5116759502078
4.95910232009789,0,-2.41619692153002
4.91769875585388,0,-2.3284627050233
4.87133136586552,0,-2.24819445749547
4.82004808865618,0,-2.17509158667808
4.76389659465817,0,-2.10883324650209
4.70294451324471,0,-2.04908134108643
4.63729302454136,0,-1.99548527426267
4.56708423023977,0,-1.9476881699411
4.49250301797142,0,-1.90533398162959
4.41377439067071,0,-1.86807479329562
4.33115739791779,0,-1.83557765510129
4.24493685163372,0,-1.80753044690402
4.1554139346437,0,-1.78364646391879
4.06289664481704,0,-1.76366762199676
3.96769080099724,0,-1.74736634809946
3.87009211107907,0,-1.73454633593552
3.77037959876774,0,-1.72504240424835
3.66881052122767,0,-1.71871970360701
3.56561678953308,0,-1.71547248974476
3.46100282303947,0,-1.71522263166689
3.35514471833809,0,-1.71791796337995
3.24819058330214,0,-1.72353052919958
3.14026186840934,0,-1.7320547213267
3.0314555153297,0,-1.74350526948819
2.92184673393891,0,-1.75791501841466
2.81149221311133,0,-1.77533242024684
2.70043356899762,0,-1.79581867427687
2.58870083847765,0,-1.81944446278575
2.47631583588083,0,-1.84628625514941
2.36329520718533,0,-1.87642217852132
2.24965303534942,0,-1.90992747865029
2.13540286952587,0,-1.94686961690715
2.02055906571137,0,-1.98730306950834
1.90513733424238,0,-2.03126391481985
1.7891543904701,0,-2.0787643178586
1.67262660243974,0,-2.12978705021383
1.5555675297643,0,-2.18428021762014
1.4379842573405,0,-2.24215239956723
1.31987244715985,0,-2.30326842339229
1.2012100504899,0,-2.36744598530483
1.08194961404827,0,-2.43445328832877
0.962009037672293,0,-2.50400781576656
0.841260467667457,0,-2.57577637452115
0.719516773480375,0,-2.6493767723535
0.596514941149106,0,-2.72438214125951
0.471896153470708,0,-2.80033015740688
0.345183973337362,0,-2.87674115919774
0.215765475704246,0,-2.95315077143957
0.0828850566680429,0,-3.02916261992165
-0.054335313001519,0,-3.10452309523254
-0.196836754085651,0,-3.17921194438545
-0.345522251369345,0,-3.25353208222532
-0.501126747060767,0,-3.32817561024434
-0.664083954113999,0,-3.40424645171031
-0.834413950193185,0,-3.48323219125062
-1.01164223996498,0,-3.56693021677479
-1.19474723699851,0,-3.6573386014676
-1.38212842372925,0,-3.75652062290986
-1.57159120678894,0,-3.86644879815982
-1.7603501795536,0,-3.98883356169363
-1.94505520634861,0,-4.12494272416712
-2.12184418992452,0,-4.27541803795192
-2.28642568195985,0,-4.4400930447063
-2.43419749448715,0,-4.61781319064525
-2.5604165617655,0,-4.80625923151216
-2.66044970893789,0,-5.00178469901988
-2.73014838899264,0,-5.19930481214473
-2.76638694810946,0,-5.39232079564262
-2.76775575504584,0,-5.57321647691799
-2.73528226686913,0,-5.73397337501914
-2.67289286334436,0,-5.86733422850886
-2.58726235599989,0,-5.96817563718461
-2.48689338007789,0,-6.03458929281069
-2.38067394619777,0,-6.06819897720708
-2.2764497354587,0,-6.0736048402805
-2.18008249596158,0,-6.05723991480167
-2.09517053838058,0,-6.02606708295565
-2.0233310045807,0,-5.98646005973177
-1.96479580850744,0,-5.94345264825778
-1.91904972081051,0,-5.90039414327024
-1.88531137409674,0,-5.85894282338744
-1.86277867326798,0,-5.81927970446658
-1.85066687942681,0,-5.78043079794052
-1.8481212552917,0,-5.74062362307653
-1.85408958192126,0,-5.69764209706272
-1.86721832652364,0,-5.64916565206516
-1.88581056178155,0,-5.59308160462479
-1.90786112710013,0,-5.52775162686684
-1.93116410329615,0,-5.45220432969597
-1.95346900965334,0,-5.36622654779373
-1.97264920641175,0,-5.27034038204287
-1.98684447295605,0,-5.16567654446205
-1.99455110952954,0,-5.05377546955827
-1.99465197001093,0,-4.93635618748965
-1.98639729533751,0,-4.81508786842378
-1.96935921558579,0,-4.69138683107896
-1.9433868267054,0,-4.5662511540236
-1.90858558285183,0,-4.44014118950068
-1.86533456143469,0,-4.31291760757809
-1.81433740459154,0,-4.18385404848221
-1.7566804782388,0,-4.05173871391787
-1.69385907966919,0,-3.91505734742195
-1.62775316976231,0,-3.77221310464706
-1.56059063242602,0,-3.62172194882264
-1.49496761937124,0,-3.46236394063464
-1.43392882095461,0,-3.29333734992982
-1.38100207011776,0,-3.11446086387644
-1.34007685568901,0,-2.92639343566191
-1.31512050077579,0,-2.73079076414598
-1.30981297635849,0,-2.53033884650534
-1.32719224448574,0,-2.3286549590935
-1.36937120125103,0,-2.13008146414273
-1.43735450649878,0,-1.93941146933696
-1.53096083348838,0,-1.76158610372093
-1.64884166723584,0,-1.60139768333561
-1.78857911159149,0,-1.46322444560768
-1.94684120575417,0,-1.35081273400248
-2.11957339275431,0,-1.26711325261053
-2.30220799976641,0,-1.21417070317519
-2.48987850095762,0,-1.19306154555355
-2.67763056662275,0,-1.20387290500964
-2.86062633591849,0,-1.24571641821009
-3.03434116691347,0,-1.3167733971905
-3.1947527706884,0,-1.41437123768096
-3.33852082885777,0,-1.53509446637961
-3.46315095327723,0,-1.67493594251389
-3.56713076699727,0,-1.82949300254808
-3.6500195051096,0,-1.99420829855205
-3.71246857362973,0,-2.16464505001933
-3.75615244155124,0,-2.33677266211713
-3.78359978701526,0,-2.5072252270608
-3.79793362961156,0,-2.67348863614295
-3.80255130394594,0,-2.83397777440517
-3.80079205919559,0,-2.9879851857184
-3.79564380183177,0,-3.13551172834748
-3.78952834999379,0,-3.27701793212159
-3.78418127911393,0,-3.41315144680681
-3.78061778984098,0,-3.54450545212779
-3.77915947210536,0,-3.67144702444195
-3.77949275534444,0,-3.79403121788821
-3.7807364165905,0,-3.91199573799928
-3.78150743547876,0,-4.02481913438868
-3.77998669898571,0,-4.13182328945778
-3.77399572587984,0,-4.23230460775232
-3.76110117793098,0,-4.32568170013924
-3.73876321891029,0,-4.41164566274713
-3.70453333525069,0,-4.49029129878401
-3.65628551942983,0,-4.56219869617208
-3.59243791614038,0,-4.6284343375702
-3.51210593753807,0,-4.69045752245134
-3.41513816627714,0,-4.74994773797335
-3.30202230912368,0,-4.80859482042667
-3.17368952594611,0,-4.86789949894161
-3.03126931543048,0,-4.92901568767916
-2.87584846381786,0,-4.99264078065861
-2.70827705486887,0,-5.0589408908119
-2.52905429901865,0,-5.1274919075609
-2.33832000567632,0,-5.19722527851683
-2.13596811814794,0,-5.26638672417034
-1.92187897825938,0,-5.33253981988577
-1.69623444768497,0,-5.39266241182384
-1.45984227387364,0,-5.44337787360643
-1.21437015385445,0,-5.4813272729623
-0.962395513344394,0,-5.50363008300527
-0.707224543389771,0,-5.50832555159856
-0.452512608127349,0,-5.49466761023695
-0.201793591946908,0,-5.46318340626226
0.0419422228303961,0,-5.41548704270663
0.276511541799778,0,-5.35392406224902
0.500603824946983,0,-5.28116528324541
0.713682002435319,0,-5.19985650671162
0.915789528330947,0,-5.11238295713432
1.10733572706694,0,-5.02075626365504
1.28890883427558,0,-4.92659882746585
1.46113922275954,0,-4.83118935100012
1.6246152578268,0,-4.73553699479368
1.77984359937272,0,-4.64046116702945
1.9272423340039,0,-4.54666344023804
2.06715581730399,0,-4.45478514037055
2.19988206656594,0,-4.36544857575698
2.32570563121626,0,-4.279282349797
2.44493058307279,0,-4.19693250992349
2.55790956939438,0,-4.11906199856134
2.66506589354946,0,-4.04634130923219
2.7669064812359,0,-3.97943353400203
2.86402444204269,0,-3.91897711845006
2.95709074978899,0,-3.86556956969376
3.04683527517852,0,-3.8197550474799
3.13401791660491,0,-3.78201819147092
3.21939081315622,0,-3.75278570732849
3.30365256981684,0,-3.73243615883362
3.3873951447181,0,-3.72131707780708
3.47104370668034,0,-3.71976686457063
3.5547896375461,0,-3.72813697410833
3.63851729503692,0,-3.74680762961092
3.72172658872827,0,-3.77618806877473
3.80345620899894,0,-3.81669076214965
3.88221656074562,0,-3.86866918877441
3.95594662406108,0,-3.93231185023744
4.02201392432656,0,-4.00749222450445
4.07727975885938,0,-4.09358544284486
4.11825068082541,0,-4.18927654630783
4.14132971218818,0,-4.29239991136899
4.14316437768086,0,-4.39986102849828
4.12106153620344,0,-4.50769407491793
4.07340349494955,0,-4.61129266006428
3.99996882619412,0,-4.70580940760107
3.90205875294783,0,-4.78665874783461
3.78237548473933,0,-4.85000506966648
3.64468126142461,0,-4.8931129392909
3.49334035796455,0,-4.9144890239104
3.33286717324996,0,-4.91382456807006
3.16756898092859,0,-4.89180488412009
3.00131538872957,0,-4.84986579093805
2.83742216474474,0,-4.78995740158046
2.67861727002913,0,-4.71434645325123
2.52705618822339,0,-4.6254652777673
2.38436156769192,0,-4.52580278059096
2.25167137511386,0,-4.41782814332456
2.12968705643902,0,-4.30393769245387
2.01871818772529,0,-4.18641678722219
1.91872337685114,0,-4.06741037453476
1.82934934269992,0,-3.94889772807394
1.74997133831389,0,-3.83266892128317
1.67973823188214,0,-3.72030278110138
1.61762442159085,0,-3.6131481065655
1.56248849102672,0,-3.51231124436253
1.51313577533302,0,-3.41865320544137
1.46837979631174,0,-3.33279831959951
1.42709671105907,0,-3.25515442328808
1.38826782748687,0,-3.18594253578389
1.35100750013431,0,-3.12523259754711
1.31457648648632,0,-3.07298143314216
1.27838322540738,0,-3.02906953030433
1.24197691858789,0,-2.99333410242079
1.205036618785,0,-2.96559681343919
1.16735996412621,0,-2.94568523673512
1.12885410390474,0,-2.93344753220234
1.08953008275825,0,-2.92876003674767
1.04950074026862,0,-2.93152760103516
1.00898119544385,0,-2.94167667767272
0.968290294836484,0,-2.95914142388813
0.927851024204258,0,-2.98384341652004
0.888187781201732,0,-3.01566594379814
0.849918501806986,0,-3.05442419227766
0.813739822035431,0,-3.09983298196251
0.78040364680745,0,-3.15147407434816
0.750683662275471,0,-3.20876560477384
0.725330561098385,0,-3.27093701390072
0.705015310119931,0,-3.33701405661619
0.690261092767073,0,-3.40581994260637
0.681367074291028,0,-3.47599994707217
0.678331123086852,0,-3.54607697521172
0.680783668569122,0,-3.61454322349122
0.687949441855237,0,-3.67998703674124
0.698655205079761,0,-3.74124427902409
0.711396790992095,0,-3.79755230019504
0.72446674782886,0,-3.84867658310677
0.736127311512001,0,-3.89498054054999
0.744798604915128,0,-3.93741981531818
0.749225546437866,0,-3.97746054719912
0.748591673990841,0,-4.01693901407066
0.742561060382039,0,-4.05789072031773
0.731244536904285,0,-4.1023775780525
0.715098375502522,0,-4.15233443118076
0.694771032933774,0,-4.20944546923578
0.670918694184313,0,-4.27505133188365
0.644016109378327,0,-4.35008132772669
0.614195701056583,0,-4.43500289213795
0.581150297875506,0,-4.52978185009112
0.544125927074664,0,-4.63385095029573
0.50200897012395,0,-4.74608802323486
0.45348590490542,0,-4.86480622448317
0.397239038599343,0,-4.98775660102427
0.332145940397305,0,-5.11214075374589
0.257467664906803,0,-5.23463333764717
0.173027921456158,0,-5.351423344459
0.0793910502264746,0,-5.45829906565416
-0.0219646781414077,0,-5.55082028325779
-0.128511922243074,0,-5.62463218166296
-0.236653290813815,0,-5.67595737314405
-0.34191944332219,0,-5.70222850903919
-0.439456348698007,0,-5.70269703513376
-0.524741292814642,0,-5.67875599342208
-0.594307081139198,0,-5.63377646713612
-0.646213500666838,0,-5.57249159767191
-0.680142663721544,0,-5.50018385172806
-0.697183489830263,0,-5.42196039232522
-0.699459494131419,0,-5.34226963934076
-0.689728213385316,0,-5.26466963459924
-0.671015510767746,0,-5.19178949750073
-0.646302958904197,0,-5.12541735384023
-0.618273995362086,0,-5.06666132960719
-0.589130613434259,0,-5.01614077610103
-0.560497711675566,0,-4.9741709476322
-0.533424348723476,0,-4.94091364276305
-0.508470308667878,0,-4.91648240636412
-0.485843657510117,0,-4.90100796897033
-0.465542911256562,0,-4.89467882687578
-0.447461091458065,0,-4.89777018243405
-0.431423876946304,0,-4.91066581301804
-0.417151445797196,0,-4.93386723738984
-0.404147877240836,0,-4.96797523415175
-0.391535213820278,0,-5.01362064887348
-0.377868590052648,0,-5.07131704874508
-0.360996923942095,0,-5.14121523550064
-0.338057119215558,0,-5.22276905326236
-0.305678762988199,0,-5.31437149600207
-0.260411856974153,0,-5.4130624305217
-0.199300614135815,0,-5.51440594435488
-0.120476806879967,0,-5.61258137003489
-0.0236702666232892,0,-5.70067369323903
0.0894062951029261,0,-5.77113900375669
0.214817159401098,0,-5.81646198964929
0.346378826435038,0,-5.83005725539852
0.47601492428025,0,-5.80740169009004
0.594665226139977,0,-5.74716546027203
0.693701811781636,0,-5.65185675160383
0.766419996307465,0,-5.5275372482464
0.809010426549121,0,-5.38264537510819
0.820730779476432,0,-5.22647026094282
0.803465546240798,0,-5.06785894009151
0.761050632555462,0,-4.91440091558176
0.698622863054689,0,-4.77202788349326
0.62206451867694,0,-4.64487720953937
0.537498505532343,0,-4.53532628046379
0.450768922780775,0,-4.44419380804665
0.366886660806964,0,-4.37114372144713
0.289493253952976,0,-4.31527455384035
0.220448598128665,0,-4.27574979716046
0.159635545140279,0,-4.25222741415967
0.105007094947591,0,-4.24489395421986
0.0528443602575863,0,-4.25408393290781
-0.00180928281150083,0,-4.27963450472234
-0.0645451026215819,0,-4.3202013505289
-0.140826987254265,0,-4.37276012795915
-0.235143810082174,0,-4.43246933450187
-0.350237868264133,0,-4.49296800243094
-0.486600948933995,0,-4.54703337594469
-0.642348391531499,0,-4.58740443884025
-0.813442337712834,0,-4.60757121699991
-0.994152869517644,0,-4.60242121930657
-1.17766129169252,0,-4.56871403268522
-1.35675036601773,0,-4.50535619655505
-1.52451499785789,0,-4.41342151274798
-1.67498288057309,0,-4.29589092410113
-1.80353292739883,0,-4.15717341882388
-1.90706543329247,0,-4.0025401831565
-1.98396287578708,0,-3.83760303890457
-2.03392691989689,0,-3.6679107958996
-2.05777330762176,0,-3.49867345803486
-2.05723506452957,0,-3.33458660411566
-2.03479172385471,0,-3.17971959513693
-1.99352073153441,0,-3.03743999080887
-1.93695832651783,0,-2.91036089092373
-1.86895775338327,0,-2.80031051341334
-1.79353864665954,0,-2.70833065962263
-1.7147292309639,0,-2.63471166541006
-1.63640960655024,0,-2.57906664884999
-1.56216772115897,0,-2.54043972466717
-1.49517898403325,0,-2.51743509470498
-1.4381169189485,0,-2.50835032351212
-1.39309808477529,0,-2.51129955329866
-1.36166190896193,0,-2.52431960909313
-1.34478575114229,0,-2.54546012742899
-1.34293614993582,0,-2.57286423811588
-1.35615640848823,0,-2.60484745668602
-1.38418644819494,0,-2.63998050351819
-1.42660287287168,0,-2.67717913429486
-1.48295719018059,0,-2.71580225046497
-1.55288140948656,0,-2.75575793208665
-1.63612637523619,0,-2.79761306677298
-1.73250206325009,0,-2.84269312172464
-1.84170257031267,0,-2.8931436468517
-1.9630229403868,0,-2.95190830413128
-2.09500980765686,0,-3.02256989763169
-2.23512623567868,0,-3.10901572268528
-2.37953468424142,0,-3.2149359739637
-2.52308573059402,0,-3.34323193744205
-2.65953482376132,0,-3.49545967655954
-2.78192431211551,0,-3.67142252811667
-2.88301946131403,0,-3.8689498941841
-2.95571172778627,0,-4.08381045194693
-2.99338695150448,0,-4.30966756198983
-2.99035510836151,0,-4.53802688185489
-2.94250178024601,0,-4.75825431053066
-2.84828300376763,0,-4.95793433694306
-2.70994257528206,0,-5.12398474026138
-2.53436968865168,0,-5.24475549538962
-2.33272806398436,0,-5.31258477499274
-2.118546844582,0,-5.32550908142199
-1.90512826897283,0,-5.28717433192212
-1.70352704717001,0,-5.20531599369392
-1.52160336614354,0,-5.08990037843172
-1.36385945938609,0,-4.95163498338576
-1.23163337143106,0,-4.80092497693741
-1.12346884154318,0,-4.64709546295195
-1.03569012187416,0,-4.49777495590078
-0.963224390688004,0,-4.35849751746883
-0.900579358227927,0,-4.23264155477643
-0.842753757636392,0,-4.12173096820667
-0.785863996766654,0,-4.02597307486721
-0.727403632694412,0,-3.94483409893668
-0.666199388121835,0,-3.87749954148069
-0.602198078584583,0,-3.82316748503996
-0.536209083318959,0,-3.78119647353583
-0.469679000860209,0,-3.75114824110735
-0.404524115597081,0,-3.73275127162176
-0.3430069813519,0,-3.72579852697838
-0.28762032036855,0,-3.72999860223205
-0.240937080271471,0,-3.74481697125837
-0.205400669077466,0,-3.769356375431
-0.183060928782139,0,-3.80232262816074
