-4.62904603816185,0,-4.49579709934603
-4.62807651724508,0,-4.49769471555173
-4.62613485644442,0,-4.50148870610177
-4.6232157560536,0,-4.5071766977669
-4.61931138104657,0,-4.51475488251861
-4.61441122155573,0,-4.52421826095644
-4.60850223947197,0,-4.53556032168804
-4.60156870650275,0,-4.54877330899392
-4.59359243427886,0,-4.56384773239605
-4.5845524871254,0,-4.58077285506119
-4.5744256336297,0,-4.59953578661574
-4.56318572959684,0,-4.62012256687568
-4.55080472532192,0,-4.6425162558755
-4.53725118565281,0,-4.66669955327565
-4.52249274201973,0,-4.69265036463999
-4.50649228452314,0,-4.7203484468374
-4.48921433129924,0,-4.74976435003714
-4.47061472771157,0,-4.78087689989595
-4.45065804533048,0,-4.81364414709848
-4.42928861295885,0,-4.84805078581362
-4.40647997833841,0,-4.88402886765897
-4.38215081122492,0,-4.92158983761985
-4.35631009871025,0,-4.9606018131149
-4.32880658024247,0,-5.00116530134689
-4.2997657214619,0,-5.04297418333394
-4.26883096470787,0,-5.08639834511234
-4.23648635748296,0,-5.13064625512953
-4.20184236655452,0,-5.17676567232305
-4.16616853844365,0,-5.22298316382748
-4.12834300702592,0,-5.27060765606306
-4.08848275864627,0,-5.31933743387149
-4.04626872697953,0,-5.36938718220571
-4.00215908131434,0,-5.42007532107596
-3.95529010152406,0,-5.47219470463845
-3.90700137912408,0,-5.52416046298836
-3.85594263899361,0,-5.57724108875978
-3.80292813871727,0,-5.63045940641978
-3.74668714672584,0,-5.68486844884726
-3.68906422446958,0,-5.73860488230888
-3.62900508756803,0,-5.79251353824792
-3.56506828480135,0,-5.84762129383715
-3.49959386371554,0,-5.90182340830076
-3.43130382609579,0,-5.95602113647878
-3.35866715532167,0,-6.01114150007065
-3.28437699248695,0,-6.06504541856621
-3.20701845947885,0,-6.11860004008264
-3.12511732947641,0,-6.17254624076607
-3.04149024612573,0,-6.22492582242036
-2.95462325819746,0,-6.27653727434451
-2.86357230151825,0,-6.32771263713019
-2.77056102203657,0,-6.37708516808757
-2.67382516418243,0,-6.42544117669689
-2.57515320116912,0,-6.47177572537852
-2.47301736994286,0,-6.51669798778414
-2.36948280064375,0,-6.5592021853398
-2.26347448570876,0,-6.59970051476497
-2.15504212148373,0,-6.63810351070045
-2.04485510745616,0,-6.67410642170968
-1.93258049088428,0,-6.7078151098349
-1.81935267519188,0,-6.73880465299486
-1.70456063115501,0,-6.76733451458326
-1.58907655884432,0,-6.7931067223548
-1.47252635790171,0,-6.81634970113283
-1.35562374255031,0,-6.8368175461384
-1.23821557264269,0,-6.85472861160424
-1.12067294838127,0,-6.86997684924398
-1.00309287379524,0,-6.88276736954
-0.885684630234909,0,-6.89291840480987
-0.768674060254417,0,-6.90066092690322
-0.652247930117163,0,-6.90607381293464
-0.536553094221856,0,-6.90922480584115
-0.421767711809165,0,-6.91021884103608
-0.307963724659196,0,-6.90911282195944
-0.195364362397696,0,-6.90605069780335
-0.0838998926057038,0,-6.90104337209585
0.0260644478068042,0,-6.89430715472295
0.134852212227105,0,-6.88575466453929
0.24186429557812,0,-6.87570787513308
0.347681073771292,0,-6.86397532338231
0.451554306470992,0,-6.85094779459835
0.554062033535122,0,-6.83643703615527
0.654480423736519,0,-6.82083488541501
0.753442231487523,0,-6.80392384089082
0.850226298250425,0,-6.78610578422559
0.945449145858196,0,-6.76716246909575
1.03844757294426,0,-6.7474809874566
1.12979873764308,0,-6.72685168201838
1.218919311438,0,-6.70563435024118
1.30631868803554,0,-6.68364221679736
1.39151641454527,0,-6.66119323427128
1.47493247449382,0,-6.63813658351748
1.55620361623081,0,-6.61473670885367
1.63564878877296,0,-6.59088817839312
1.71302387650308,0,-6.56679591179093
1.78854874955092,0,-6.54240269003859
1.86208528746189,0,-6.51785619769551
1.93377051970723,0,-6.4931419378513
2.00354629798593,0,-6.46836107863429
2.0714923917212,0,-6.44352965552936
2.13760015367061,0,-6.41871748305436
2.20191770429045,0,-6.39395718035639
2.26446086136507,0,-6.3693008856428
2.32526412229072,0,-6.34478702737757
2.38435268195825,0,-6.32045873918849
2.44175642266678,0,-6.29635432485638
2.49750301320462,0,-6.27251188305984
2.55162075291074,0,-6.24896721287521
2.60413720396525,0,-6.22575467698816
2.65507952824902,0,-6.20290685349877
2.70447420531547,0,-6.18045464218741
2.75234697253414,0,-6.15842721409826
2.79872270875434,0,-6.13685201137015
2.84362534550404,0,-6.1157547350892
2.88707778286928,0,-6.09515933925318
2.9291018154864,0,-6.0750880272283
2.96971806732869,0,-6.05556125219751
3.00894593534122,0,-6.03659772192783
3.04680354169327,0,-6.01821440832669
3.0833076944491,0,-6.00042656215815
3.11847385644688,0,-5.98324773323613
3.15231612216866,0,-5.96668979636408
3.1848472024101,0,-5.95076298322267
3.21607841655824,0,-5.93547592036785
3.2460196923115,0,-5.92083567344468
3.27467957270001,0,-5.90684779766841
3.30206523027806,0,-5.89351639457976
3.32818248838517,0,-5.88084417502539
3.35303584940128,0,-5.86883252824915
3.37662852991087,0,-5.85748159694452
3.39896250273829,0,-5.84679035802086
3.42003854577757,0,-5.83675670880753
3.43985629755435,0,-5.82737755832937
3.45841431944378,0,-5.81864892321017
3.47571016442859,0,-5.81056602769283
3.49174045224007,0,-5.80312340718537
3.50650095068221,0,-5.79631501465071
3.51998666285256,0,-5.79013432909557
3.532191919926,0,-5.7845744653071
3.54311047904468,0,-5.77962828394203
3.55273562578311,0,-5.77528850098423
3.56106028053842,0,-5.77154779554136
3.56807710809047,0,-5.76839891490303
3.57377862946434,0,-5.76583477575543
3.57815733511964,0,-5.76384856043792
3.58120579838422,0,-5.76243380714228
3.58291678796158,0,-5.76158449298699
3.583283378271,0,-5.76129510895171
3.5822990563046,0,-5.76156072575337
3.57995782367066,0,-5.76237704983217
3.57625429247797,0,-5.76374046874556
3.57118377372529,0,-5.76564808541782
3.5647423569195,0,-5.76809774083899
3.55692697972216,0,-5.77108802497083
3.5477354865269,0,-5.77461827578755
3.53716667501236,0,-5.77868856653332
3.52522032985112,0,-5.78329968145101
3.51189724296401,0,-5.78845308034699
3.49719921988631,0,-5.79415085248906
3.48112907200767,0,-5.80039566043419
3.46369059469053,0,-5.80719067441919
3.44488853145368,0,-5.8145394980056
3.42472852465094,0,-5.82244608564114
3.40321705325593,0,-5.83091465278637
3.38036135858088,0,-5.83994957917148
3.35616935893044,0,-5.84955530566425
3.33064955436283,0,-5.85973622511184
3.3038109228918,0,-5.87049656737922
3.27566280958099,0,-5.88184027868079
3.24621481012587,0,-5.89377089513522
3.21547665061029,0,-5.90629141034663
3.18345806523629,0,-5.91940413667147
3.15016867390287,0,-5.9331105597308
3.11561786159328,0,-5.94741118564445
3.07981466163266,0,-5.96230538039612
3.04276764493691,0,-5.97779120075324
3.00448481748519,0,-5.99386521618343
2.96497352833707,0,-6.01052232130633
2.92424039062674,0,-6.0277555385602
2.88229121806399,0,-6.04555581098458
2.83913097960099,0,-6.06391178528073
2.7947637750159,0,-6.08280958567607
2.74919283428463,0,-6.10223257951807
2.70242054366811,0,-6.12216113603999
2.65444850150907,0,-6.14257238028819
2.60527760671722,0,-6.16343994485366
2.55490818285952,0,-6.18473372275237
2.50334014061739,0,-6.2064196255692
2.45057318112134,0,-6.2284593517912
2.39660704228924,0,-6.25081017110784
2.34144178976591,0,-6.27342473131935
2.28507815337169,0,-6.29625089534226
2.22751790909148,0,-6.31923161660874
2.16876430555646,0,-6.34230486189105
2.10882253270677,0,-6.36540359117098
2.04770022883245,0,-6.3884558046096
1.98540802053188,0,-6.41138466684291
1.92196008825625,0,-6.43410871873909
1.85737474815231,0,-6.45654218623804
1.79167503882431,0,-6.47859539498966
1.72488929955627,0,-6.50017529806558
1.6570517245346,0,-6.52118612200449
1.58820287577768,0,-6.54153013384386
1.51839013599034,0,-6.56110852852114
1.44766808152768,0,-6.57982243214917
1.3760987552661,0,-6.59757401220707
1.30375181956951,0,-6.61426768078382
1.23070457088416,0,-6.62981137180625
1.15704179989965,0,-6.64411786793297
1.08285548473935,0,-6.65710614780687
1.00824430930592,0,-6.66870271996492
0.933313004602106,0,-6.67884290630217
0.858171517390046,0,-6.68747203594958
0.782934017647015,0,-6.69454651009545
0.707717763536172,0,-6.70003469990623
0.632641849575229,0,-6.70391764341862
0.557825869862045,0,-6.70618951304806
0.483388533123593,0,-6.70685783298081
0.409446269579674,0,-6.70594343480469
0.336111870851278,0,-6.70348014974869
0.263493203253584,0,-6.69951424621287
0.191692031818272,0,-6.69410363118854
0.120802987492786,0,-6.68731684304417
0.0509127035299073,0,-6.67923187043014
-0.0179008604371129,0,-6.66993483730807
-0.0855688961797117,0,-6.65951859712909
-0.152032024116989,0,-6.64808127990744
-0.217240375164032,0,-6.63572483451332
-0.281153488975365,0,-6.62255360522377
-0.343740045811718,0,-6.60867297681042
-0.404977453331659,0,-6.59418811664276
-0.464851312239863,0,-6.57920283591207
-0.523354785983884,0,-6.56381858554146
-0.580487899714959,0,-6.54813359600187
-0.63625679268172,0,-6.53224216440888
-0.690672946371854,0,-6.51623408710601
-0.74375240824045,0,-6.50019423161146
-0.795515028045643,0,-6.48420223832827
-0.845983720792647,0,-6.46833233984447
-0.895183767300271,0,-6.45265328388254
-0.943142160553737,0,-6.43722834495008
-0.989887003401025,0,-6.42211540939872
-1.03544696088423,0,-6.40736711878561
-1.07985076857541,0,-6.39303105708161
-1.1231267967601,0,-6.37914996824277
-1.16530266914687,0,-6.36576199189005
-1.20640493395534,0,-6.35290090624289
-1.24645878473162,0,-6.34059636893336
-1.28548782798746,0,-6.3288741478586
-1.32351389471825,0,-6.31775633575466
-1.36055689299195,0,-6.3072615436411
-1.39663469903512,0,-6.2974050697024
-1.43176308454865,0,-6.28819904150174
-1.46595567834891,0,-6.27965253062637
-1.49922396075825,0,-6.27177164000342
-1.53157728949825,0,-6.26455956512574
-1.56302295611419,0,-6.25801663133225
-1.59356627217074,0,-6.2521403100895
-1.62321068460289,0,-6.24692521791866
-1.65195791967369,0,-6.2423631022094
-1.67980815497545,0,-6.23844281866446
-1.7067602188102,0,-6.23515030552983
-1.73281181610468,0,-6.23246856007641
-1.75795977975021,0,-6.2303776230145
-1.78220034591142,0,-6.22885457663556
-1.80552945142534,0,-6.22787356247638
-1.82794305091754,0,-6.22740582418156
-1.84943745070106,0,-6.22741978098862
-1.87000965591624,0,-6.22788113685377
-1.88965772671392,0,-6.22875302967944
-1.90838113861757,0,-6.22999622436355
-1.92618114153637,0,-6.23156935246579
-1.9430611112723,0,-6.23342920017138
-1.95902688680439,0,-6.23553104492769
-1.97408708618591,0,-6.23782903964013
-1.98825339358676,0,-6.24027664167286
-2.00154080990749,0,-6.24282708212951
-2.01396785950769,0,-6.24543386905486
-2.02555674598087,0,-6.24805131634356
-2.03633345057311,0,-6.25063508836912
-2.0463277678145,0,-6.25314274871646
-2.055573274188,0,-6.25553430002904
-2.06410722718283,0,-6.25777270094706
-2.07197039381726,0,-6.25982434551231
-2.07920680960678,0,-6.26165949031062
-2.08586347090841,0,-6.26325261507678
-2.0919899654999,0,-6.26458270350999
-2.09763804804171,0,-6.26563343264697
-2.10286116862908,0,-6.26639326125389
-2.10771396386604,0,-6.26685541027371
-2.11225172071278,0,-6.26701773129304
-2.11652982372204,0,-6.26688246215123
-2.12060319615996,0,-6.26645587208392
-2.12452574491243,0,-6.26574780204293
-2.12834981804912,0,-6.26477110894214
-2.13212568251621,0,-6.26354102545482
-2.13590102775007,0,-6.26207444954424
-2.13972049915221,0,-6.2603891801043
-2.14362526346189,0,-6.25850311688686
-2.14765260623126,0,-6.25643344428762
-2.1518355599676,0,-6.25419581956938
-2.15620256017652,0,-6.25180358671835
-2.16077712561834,0,-6.24926703737599
-2.16557755865964,0,-6.24659274016984
-2.17061666172607,0,-6.24378295926561
-2.17590146657322,0,-6.24083518205818
-2.18143297438599,0,-6.23774177457999
-2.18720590656287,0,-6.23448978136131
-2.1932084683541,0,-6.23106088409422
-2.19942213018461,0,-6.22743153046214
-2.20582143433781,0,-6.2235732408681
-2.21237383749936,0,-6.21945309651772
-2.21903960223134,0,-6.21503440740226
-2.22577175250941,0,-6.21027755327247
-2.23251610975835,0,-6.20514098481376
-2.23921142613503,0,-6.19958236612152
-2.24578963093909,0,-6.19355983348495
-2.2521762038634,0,-6.1870333397159
-2.25829068529472,0,-6.17996604814814
-2.26404732910521,0,-6.17232573634384
-2.269355897536,0,-6.16408616681052
-2.27412259114298,0,-6.15522838097761
-2.27825109975466,0,-6.14574187352378
-2.28164375345051,0,-6.1356256070066
-2.28420274619887,0,-6.12488883161569
-2.28583139949333,0,-6.11355168158433
-2.28643542953051,0,-6.10164552803376
-2.28592417951413,0,-6.08921307733809
-2.28421177874166,0,-6.07630821392923
-2.28121819225644,0,-6.0629955961994
-2.27687012889311,0,-6.04935002318941
-2.2711017812079,0,-6.03545559752276
-2.26385537765986,0,-6.02140471610995
-2.25508153498405,0,-6.00729692422482
-2.244739406474,0,-5.99323767050995
-2.23279662936523,0,-5.97933700036145
-2.21922908128212,0,-5.96570822316158
-2.20402046144097,0,-5.95246658531168
-2.18716171682542,0,-5.93972797633519
-2.16865033676606,0,-5.92760768992502
-2.14848954132469,0,-5.91621925609113
-2.12668738969267,0,-5.90567335493359
-2.10325583467678,0,-5.89607681730304
-2.07820974845582,0,-5.8875317129743
-2.05156594336879,0,-5.88013452311291
-2.02334220976331,0,-5.87397539083029
-1.99355639105062,0,-5.86913744155261
-1.96222551424473,0,-5.8656961637237
-1.92936499247654,0,-5.8637188400029
-1.89498791435817,0,-5.86326401948544
-1.85910443361715,0,-5.86438102250425
-1.8217212711255,0,-5.86710947114433
-1.78284134025481,0,-5.87147884063381
-1.7424635053427,0,-5.8775080291519
-1.70058248187188,0,-5.88520494623115
-1.65718888565333,0,-5.89456612274503
-1.61226943681175,0,-5.90557634833705
-1.56580732260155,0,-5.91820834500468
-1.51778272096316,0,-5.93242248832738
-1.46817348427068,0,-5.94816659035056
-1.41695597982338,0,-5.96537576042228
-1.36410608036832,0,-5.98397236211024
-1.30960029426214,0,-6.0038660856957
-1.25341702087776,0,-6.02495415646722
-1.1955379125645,0,-6.04712169906204
-1.13594931999961,0,-6.0702422772689
-1.07464379321413,0,-6.09417862694559
-1.01162160610236,0,-6.11878359688631
-0.946892267999874,0,-6.14390130852515
-0.880475982146272,0,-6.16936854022909
-0.812405007798848,0,-6.19501633556601
-0.74272488067112,0,-6.22067182741833
-0.671495445587566,0,-6.24616026117661
-0.59879165602442,0,-6.27130719077569
-0.524704097891563,0,-6.29594081126021
-0.44933919972607,0,-6.31989438136102
-0.372819098610455,0,-6.34300867974308
-0.295281140634602,0,-6.36513442982673
-0.216877006482692,0,-6.38613462111226
-0.137771466432352,0,-6.405886650503
-0.0581407841444462,0,-6.42428420597182
0.0218291956627029,0,-6.44123881763166
0.101945225198078,0,-6.45668100825687
0.182009032880895,0,-6.47056098665578
0.261819828272832,0,-6.4828488427843
0.34117684941499,0,-6.49353422248134
0.419881866306264,0,-6.50262548122541
0.497741556373239,0,-6.51014833908303
0.57456967516713,0,-6.51614408156043
0.650188957837559,0,-6.52066737187588
0.724432703363445,0,-6.52378375779921
0.797146012828124,0,-6.5255669694885
0.868186673668063,0,-6.52609611286772
0.937425702110386,0,-6.52545286564379
1.00474757426559,0,-6.52371878013147
1.07005019111613,0,-6.52097278909518
1.13324463280062,0,-6.51728899865728
1.19425476252292,0,-6.5127348369549
1.25301673996341,0,-6.50736960977087
1.30947849862933,0,-6.5012434958778
1.3635992319598,0,-6.49439699627228
1.41534892036746,0,-6.48686083359869
1.46470791710601,0,-6.47865628145056
1.51166659630709,0,-6.46979588830824
1.55622505311222,0,-6.46028454789426
1.59839283465906,0,-6.45012085694724
1.63818867269472,0,-6.43929869301781
1.6756401843168,0,-6.42780893910861
1.7107835070075,0,-6.41564127903401
1.74366283755355,0,-6.40278598748035
1.77432985114575,0,-6.38923564203845
1.80284298616704,0,-6.37498669094182
1.82926659091023,0,-6.36004081968858
1.85366993967491,0,-6.34440607169402
1.87612613628811,0,-6.32809769196226
1.89671093217075,0,-6.3111386775972
1.91550149287579,0,-6.29356003383982
1.93257515113788,0,-6.27540074822258
1.94800818573431,0,-6.25670750749878
1.96187466402468,0,-6.23753419153408
1.97424538227807,0,-6.21794118491158
1.98518693236352,0,-6.1979945504446
1.99476091669142,0,-6.17776510923327
2.00302332606556,0,-6.1573274696955
2.01002408789832,0,-6.13675904366192
2.01580678549688,0,-6.11613908176109
2.02040854316675,0,-6.09554775357179
2.02386006689214,0,-6.0750652909879
2.02618582642373,0,-6.05477120645382
2.02740436172647,0,-6.03474359161013
2.02752869484226,0,-6.01505849674961
2.02656682722019,0,-5.99578938749663
2.02452230232228,0,-5.97700667238075
2.02139481373359,0,-5.95877729343212
2.01718083996477,0,-5.94116437148871
2.01187428854377,0,-5.92422689839273
2.00546713374799,0,-5.90801946946184
1.99795003435052,0,-5.89259205130545
1.98931291995211,0,-5.87798978198369
1.97954553675761,0,-5.86425280245369
1.96863794594625,0,-5.8514161200161
1.95658096999734,0,-5.8395095059073
1.94336658439011,0,-5.82855743016548
1.92898825392058,0,-5.81857903738283
1.91344121444139,0,-5.809588166901
1.8967227020742,0,-5.80159342047191
1.87883213288196,0,-5.79459827942891
1.8597712366137,0,-5.78860127210855
1.83954414848545,0,-5.7835961907319
1.81815746309428,0,-5.77957235530444
1.79562025450307,0,-5.77651492047726
1.77194406638072,0,-5.77440521979252
1.74714287585919,0,-5.77322114044609
1.72123303454138,0,-5.77293752069247
1.69423318989286,0,-5.77352656135113
1.66616419010218,0,-5.77495824257234
1.63704897539656,0,-5.77720073710081
1.60691245875588,0,-5.7802208117097
1.57578139895642,0,-5.78398420923168
1.54368426886538,0,-5.78845600464798
1.51065112187445,0,-5.79360092993705
1.47671345928128,0,-5.7993836637566
1.44190410126291,0,-5.80576908348242
1.40625706384332,0,-5.81272247854541
1.36980744390411,0,-5.82020972536718
1.33259131385549,0,-5.82819742539082
1.29464562706469,0,-5.83665300872622
1.25600813457168,0,-5.8455448067132
1.21671731302598,0,-5.85484209725177
1.17681230319195,0,-5.86451512703993
1.13633285782,0,-5.87453511492183
1.09531929720705,0,-5.88487424038693
1.05381247038844,0,-5.89550562092522
1.01185371963791,0,-5.90640328147138
0.969484845812278,0,-5.91754211860782
0.926748072066026,0,-5.92889786159084
0.883686003574051,0,-5.94044703165404
0.840341581122279,0,-5.952166900485
0.796758026742943,0,-5.9640354482809
0.752978779960039,0,-5.97603132139666
0.709047423646669,0,-5.98813378933
0.665007598957573,0,-6.00032270064138
0.620902909263789,0,-6.01257843737498
0.576776813461454,0,-6.02488186764036
0.532672509438543,0,-6.03721429620563
0.488632808846325,0,-6.0495574132057
0.444700004634621,0,-6.06189324141027
0.400915733060547,0,-6.07420408283047
0.357320832077505,0,-6.08647246580471
0.313955198154407,0,-6.09868109403205
0.270857643671782,0,-6.11081279930019
0.228065757103155,0,-6.12285049987292
0.185615768219801,0,-6.13477716662248
0.143542420571032,0,-6.14657579902609
0.101878853487839,0,-6.15822941305933
0.0606564958523641,0,-6.1697210428395
0.0199049738569844,0,-6.18103375757062
-0.0203479650424739,0,-6.1921506949564
-0.0600765098101209,0,-6.20305511176974
-0.0992568230293901,0,-6.21373045173327
-0.137867055577905,0,-6.22416043028394
-0.175887336852395,0,-6.23432913520354
-0.213299738781826,0,-6.24422114152065
-0.250088212096164,0,-6.25382163855049
-0.286238493609595,0,-6.26311656648159
-0.321737983648508,0,-6.27209275955465
-0.356575593201312,0,-6.28073809264146
-0.390741560891471,0,-6.28904162793098
-0.424227240468796,0,-6.29699375848007
-0.457024860164999,0,-6.30458634558743
-0.489127255952601,0,-6.31181284729446
-0.520527581462216,0,-6.31866843578747
-0.551218998029617,0,-6.32515010204499
-0.581194349035416,0,-6.33125674670925
-0.610445823339642,0,-6.33698925682025
-0.638964613185273,0,-6.34235056868136
-0.666740572409457,0,-6.34734571769296
-0.693761881155204,0,-6.35198187643147
-0.720014723489399,0,-6.35626838253423
-0.745482984389645,0,-6.3602167580395
-0.770147972465825,0,-6.36384072168728
-0.793988174497895,0,-6.36715619532073
-0.816979047422995,0,-6.37018130491722
-0.839092852775897,0,-6.37293637595304
-0.860298537785716,0,-6.37544392179717
-0.880561666375386,0,-6.37772862267799
-0.899844402214548,0,-6.3798172915346
-0.91810554476575,0,-6.38173882182214
-0.935300617978458,0,-6.38352411115883
-0.951382009964929,0,-6.38520595366564
-0.966299160701964,0,-6.38681889302264
-0.979998793585612,0,-6.38839902773802
-0.992425185616686,0,-6.38998375993631
-1.00352047016283,0,-6.39161147918857
-1.01322496572037,0,-6.39332117354808
-1.02147752394151,0,-6.39515196104606
-1.02821589046353,0,-6.39714253644102
-1.03337707281571,0,-6.39933052998907
-1.03689771091153,0,-6.40175177737952
-1.03871444733406,0,-6.40443950273708
-1.03876429677278,0,-6.40742341966439
-1.03698501647287,0,-6.41072875865468
-1.03331548229285,0,-6.4143752327932
-1.02769607779956,0,-6.41837595741514
-1.02006910653984,0,-6.42273634325776
-1.01037924000123,0,-6.42745298655669
-0.998574015561068,0,-6.43251258340619
-0.984604399666023,0,-6.43789089941835
-0.968425431306014,0,-6.44355182915487
-0.949996959343067,0,-6.44944658276591
-0.92928448422318,0,-6.45551303954874
-0.906260109934144,0,-6.46167530946305
-0.88090360575701,0,-6.46784354371523
-0.853203569519257,0,-6.47391403401701
-0.823158674942192,0,-6.4797696367226
-0.790778975705214,0,-6.48528055246175
-0.756087228604845,0,-6.49030548389874
-0.719120188363197,0,-6.49469318378207
-0.679929818082481,0,-6.49828439256857
-0.638584352894236,0,-6.50091414991396
-0.595169150883459,0,-6.5024144477326
-0.549787265606895,0,-6.50261717512252
-0.502559679017152,0,-6.50135728822234
-0.453625142605849,0,-6.49847612218725
-0.403139587984512,0,-6.49382474920147
-0.351275085408782,0,-6.48726727703552
-0.298218349020196,0,-6.47868397817721
-0.244168809534846,0,-6.4679741408217
-0.1893362972201,0,-6.45505854036235
-0.133938398595378,0,-6.43988144336366
-0.0781975677586098,0,-6.42241207465729
-0.0223380861806892,0,-6.40264550101888
0.0334170277867506,0,-6.38060291030648
0.0888490570894294,0,-6.3563312911611
0.143746473889832,0,-6.32990254353286
0.197907589375962,0,-6.30141207269448
0.251142892122569,0,-6.27097693763885
0.303277019263349,0,-6.2387336378912
0.354150323934051,0,-6.20483563035102
0.403620021789382,0,-6.16945066987443
0.451560917574594,0,-6.1327580644185
0.497865728724836,0,-6.09494592850771
0.542445036052472,0,-6.05620850859065
0.58522690140937,0,-6.0167436416185
0.626156198708261,0,-5.9767503949654
0.665193708060014,0,-5.93642692254747
0.702315023405598,0,-5.89596855944248
0.737509322388019,0,-5.85556616601034
0.770778043861066,0,-5.81540472281094
0.802133513887461,0,-5.7756621696902
0.831597555834856,0,-5.7365084762603
0.85920011464331,0,-5.69810492654259
0.884977919825197,0,-5.66060359762597
0.908973206540307,0,-5.62414701056775
0.931232509312763,0,-5.58886793122376
0.951805538729236,0,-5.55488929900279
0.970744147823555,0,-5.52232426248725
0.988101391817052,0,-5.4912763022556
1.00393068242389,0,-5.4618394229153
1.01828503598112,0,-5.43409839820921
1.03121641318867,0,-5.40812905495426
1.04277514717507,0,-5.38399858343759
1.05300945584631,0,-5.36176586373979
1.06196503402775,0,-5.34148179912363
1.06968472064884,0,-5.32318964922603
1.07620823614878,0,-5.30692535721589
1.0815719853321,0,-5.29271786636832
1.08580892104056,0,-5.28058942266176
1.08894846420161,0,-5.27055586103724
1.09101647605203,0,-5.26262687384522
1.09203527858144,0,-5.25680626079552
1.09202371949124,0,-5.25309216039737
1.09099727818555,0,-5.25147726349391
1.08896820953091,0,-5.25194900997506
1.08594572229035,0,-5.25448977020515
1.08193618929273,0,-5.25907701303004
1.07694338648571,0,-5.26568346255789
1.07096875809339,0,-5.27427724611251
1.06401170511574,0,-5.284822035936
1.05606989438699,0,-5.29727718732058
1.04713958534905,0,-5.3115978758978
1.03721597159341,0,-5.32773523680797
1.02629353409598,0,-5.3456365083911
1.01436640291668,0,-5.36524518288689
1.00142872394979,0,-5.38650116643952
0.987475027128392,0,-5.40934095041015
0.972500592287842,0,-5.43369779566921
0.956501808721763,0,-5.45950193110359
0.939476524284121,0,-5.48668076713258
0.921424379787791,0,-5.51515912443835
0.902347124343911,0,-5.54485947757564
0.882248907278994,0,-5.57570221246487
0.861136542313226,0,-5.60760589612148
0.83901973982038,0,-5.64048755629966
0.815911303205792,0,-5.67426296808721
0.791827285767878,0,-5.70884694385587
0.766787104838882,0,-5.74415362240167
0.740813610512938,0,-5.78009675266166
0.713933106891289,0,-5.81658996703842
0.686175324475851,0,-5.85354703916707
0.657573343101173,0,-5.89088212095907
0.628163465604263,0,-5.92850995395552
0.597985043267651,0,-5.96634605044471
0.567080254890065,0,-6.00430684048199
0.535493842117584,0,-6.04230978189294
0.503272804411549,0,-6.08027343149406
0.470466057647345,0,-6.11811747720651
0.437124060874749,0,-6.15576273234687
0.403298416170836,0,-6.19313109517147
0.369041446797662,0,-6.23014547863924
0.334405759028119,0,-6.26672971729148
0.299443793060775,0,-6.30280846001144
0.264207368403991,0,-6.33830705915838
0.228747229038417,0,-6.37315146801604
0.193112593571227,0,-6.40726815957345
0.157350715537557,0,-6.44058408021527
0.121506459002495,0,-6.47302665183967
0.0856218947075322,0,-6.50452383512136
0.0497359221896372,0,-6.53500426501829
0.0138839235732729,0,-6.56439746712405
-0.0219025449359689,0,-6.5926341600847
-0.0575960175020143,0,-6.61964664508295
-0.0931733324498074,0,-6.64536927846468
-0.128615788707828,0,-6.66973901813944
-0.163909238385072,0,-6.69269602871538
-0.199044109477626,0,-6.7141843247817
-0.234015353609718,0,-6.7341524267415
-0.268822315042905,0,-6.75255399956794
-0.303468518909115,0,-6.76934844223783
-0.337961378654518,0,-6.78450139475966
-0.372311824899647,0,-6.7979851309344
-0.406533860152147,0,-6.80977880838101
-0.44064404587379,0,-6.81986855287543
-0.474660930121979,0,-6.82824736144602
-0.508604425216224,0,-6.83491481752093
-0.542495145537737,0,-6.83987662117533
-0.576353715645985,0,-6.84314394753215
-0.610200058460508,0,-6.84473265595773
-0.644052672454821,0,-6.84466238123816
-0.6779279058416,0,-6.84295554488998
-0.711839234822761,0,-6.83963632975808
-0.745796552356501,0,-6.83472966384717
-0.77980547374359,0,-6.82826025983705
-0.813866665778246,0,-6.82025175500299
-0.847975207281779,0,-6.81072599246729
-0.882119990487456,0,-6.7997024790894
-0.91628317481957,0,-6.78719804815917
-0.950439706885967,0,-6.77322674671089
-0.984556922683159,0,-6.75779995806709
-1.01859424978102,0,-6.74092676049145
-1.05250302827228,0,-6.72261451293695
-1.08622646924829,0,-6.70286964917608
-1.11969976825636,0,-6.68169865246577
-1.1528503884554,0,-6.65910917470715
-1.18559852398402,0,-6.6351112571795
-1.21785774847018,0,-6.60971860471693
-1.24953584687869,0,-6.58294986195686
-1.28053582134372,0,-6.55482983927262
-1.31075705371833,0,-6.52539063734853
-1.34009659981315,0,-6.4946726230867
-1.36845058323111,0,-6.46272521553591
-1.39571565086477,0,-6.42960744853605
-1.42179044796684,0,-6.395388286369
-1.44657706857709,0,-6.36014667937059
-1.46998243718544,0,-6.32397135757621
-1.4919195798605,0,-6.28696037139238
-1.51230874751715,0,-6.24922039838159
-1.53107836024628,0,-6.21086584393925
-1.54816574922375,0,-6.17201777050096
-1.56351768114327,0,-6.13280269464276
-1.5770906588384,0,-6.09335129388698
-1.58885100020651,0,-6.05379706526767
-1.59877470527908,0,-6.0142749759101
-1.60684712790757,0,-5.97492014236239
-1.61306247378904,0,-5.93586657058537
-1.61742315033888,0,-5.8972459827611
-1.61993899617449,0,-5.85918675089217
-1.62062641883041,0,-5.82181295088873
-1.6195074689181,0,-5.78524354484545
-1.61660887750561,0,-5.74959169374006
-1.61196108125399,0,-5.71496419803859
-1.60559725707147,0,-5.68146105975354
-1.59755238493715,0,-5.64917515644752
-1.58786235433689,0,-5.61819201544919
-1.5765631265874,0,-5.58858967513244
-1.56368996236126,0,-5.56043861937389
-1.54927672102407,0,-5.53380177119852
-1.53335523605231,0,-5.50873453198715
-1.5159547688254,0,-5.48528485337739
-1.49710154148894,0,-5.46349333003761
-1.47681834835875,0,-5.44339330273957
-1.45512424445731,0,-5.42501096251676
-1.43203430919111,0,-5.40836544814207
-1.40755948287066,0,-5.39346893060954
-1.38170647369395,0,-5.38032667973691
-1.35447773289353,0,-5.36893710943289
-1.32587149598602,0,-5.35929179950995
-1.29588188838512,0,-5.35137549322283
-1.26449909400717,0,-5.34516607097358
-1.23170958590827,0,-5.34063450179261
-1.1974964183633,0,-5.33774477536992
-1.1618395801493,0,-5.33645381849223
-1.12471640904655,0,-5.33671140083787
-1.08610206775421,0,-5.33846003609496
-1.0459700814515,0,-5.34163488540262
-1.00429293713965,0,-5.346163671095
-0.961042744634026,0,-5.35196660968835
-0.916191958632566,0,-5.35895637396003
-0.869714160623858,0,-5.36703809485901
-0.821584898554139,0,-5.37610941475118
-0.771782581069535,0,-5.3860606042284
-0.720289421819122,0,-5.39677475529753
-0.667092427765254,0,-5.40812806414662
-0.612184423633131,0,-5.41999021692333
-0.555565102587915,0,-5.43222489193916
-0.497242090984374,0,-5.44469039135513
-0.437232012598142,0,-5.45724041467347
-0.375561535120173,0,-5.46972498523574
-0.312268378991785,0,-5.48199153923508
-0.247402265881968,0,-5.49388618450578
-0.181025781424623,0,-5.50525513336688
-0.113215124253198,0,-5.51594631014561
-0.0440607111525,0,-5.52581112946077
0.0263323935706931,0,-5.53470643593044
0.0978442574145809,0,-5.54249658970039
0.170340100652543,0,-5.5490556750649
0.243670590610744,0,-5.55426980152032
0.317672438112336,0,-5.55803945820666
0.392169320218125,0,-5.56028187398944
0.466973146566621,0,-5.56093332699882
0.541885677460774,0,-5.55995133971517
0.616700490390401,0,-5.5573166894661
0.691205278048552,0,-5.55303516017803
0.765184445501265,0,-5.54713896013607
0.838421957693812,0,-5.53968773317862
0.910704371810883,0,-5.53076909750646
0.981823973318187,0,-5.52049865747091
1.05158192103888,0,-5.50901944907729
1.11979129662755,0,-5.49650079884337
1.18627994839651,0,-5.48313659708623
1.25089301943707,0,-5.46914300923275
1.31349505580858,0,-5.45475567066093
1.37397160217124,0,-5.44022643036295
1.43223020917248,0,-5.42581972481517
1.4882007983425,0,-5.41180867477045
1.54183535514625,0,-5.39847100368525
1.59310694803687,0,-5.38608487708925
1.64200809971407,0,-5.37492475789669
1.68854856527059,0,-5.3652573642969
1.73275259949584,0,-5.35733780568325
1.77465582133081,0,-5.35140595936102
1.8143018062812,0,-5.3476831377803
1.8517385562549,0,-5.34636908395741
1.88701500942994,0,-5.34763932240376
1.92017775883928,0,-5.3516428849493
1.95126814595758,0,-5.35850042555259
1.98031988356229,0,-5.36830273550147
2.00735734002052,0,-5.38110966994065
2.03239458529166,0,-5.39694949776724
2.05543525871598,0,-5.41581868872082
2.07647327244575,0,-5.4376821528897
2.09549431523959,0,-5.46247394781184
2.11247807280731,0,-5.49009846573391
2.12740103641927,0,-5.52043210750005
2.14023973415843,0,-5.55332543928886
2.15097419141201,0,-5.58860581367613
2.15959141062219,0,-5.6260804174066
2.16608865582759,0,-5.66553968550697
2.17047633534689,0,-5.70676099626806
2.17278029570389,0,-5.74951253612373
2.1730433706528,0,-5.79355720006606
2.17132606942403,0,-5.83865637491012
2.167706335933,0,-5.88457344253469
2.16227836287583,0,-5.93107684099615
2.15515049792563,0,-5.97794253532254
2.14644232982732,0,-6.02495577784399
2.13628108615885,0,-6.07191207970184
2.12479750846786,0,-6.11861736859676
2.11212139195349,0,-6.16488736920231
2.09837698486056,0,-6.21054630694703
2.08367843796916,0,-6.25542509721925
2.068125479344,0,-6.29935923440755
2.05179946749177,0,-6.34218663291978
2.03475995144612,0,-6.3837456908635
2.01704184304763,0,-6.42387384325791
1.99865328765595,0,-6.46240684404124
1.97957430575966,0,-6.4991789650699
1.95975626837217,0,-6.53402422782633
1.93912226057059,0,-6.56677869348839
1.91756837554089,0,-6.59728373493295
1.89496596113669,0,-6.62539010763402
1.87116480838833,0,-6.65096253465038
1.84599722514448,0,-6.6738844350385
1.81928288018169,0,-6.69406236693186
1.79083423977828,0,-6.71142973727217
1.76046235949612,0,-6.72594935780131
1.72798275018233,0,-6.73761450397754
1.69322101975782,0,-6.74644825519419
1.65601800840621,0,-6.75250104858363
1.61623418569547,0,-6.75584654618224
1.57375315843862,0,-6.75657607497363
1.52848423613681,0,-6.75479203148742
1.48036410124487,0,-6.75060073274497
1.4293577182719,0,-6.74410523655254
1.3754586754596,0,-6.73539864729925
1.31868917696191,0,-6.72455837532748
1.25909988963059,0,-6.71164173861069
1.19676980028116,0,-6.69668319539096
1.13180616535366,0,-6.67969338472465
1.06434454748191,0,-6.66066003561453
0.994548846668383,0,-6.63955068988746
0.922611161297014,0,-6.61631707368999
0.848751267689019,0,-6.59090085198504
0.773215493982261,0,-6.56324041496227
0.696274787417422,0,-6.53327828058772
0.618221830821988,0,-6.50096865923824
0.539367146434233,0,-6.46628471886205
0.460034221830386,0,-6.42922511435992
0.380553790540468,0,-6.38981940161269
0.301257486322246,0,-6.34813204002589
0.222471154719457,0,-6.30426478974489
0.1445081418985,0,-6.25835742092351
0.0676628866166966,0,-6.21058676210656
-0.00779488155714569,0,-6.16116421329886
-0.0816250807541805,0,-6.11033192920577
-0.153621157292932,0,-6.05835793488641
-0.223612783923098,0,-6.00553046825028
-0.291467323117048,0,-5.95215185276953
-0.357090069280981,0,-5.89853219285068
-0.420423341305968,0,-5.84498315807304
-0.481444543140388,0,-5.79181208577671
-0.540163344283732,0,-5.73931658881887
-0.596618154645552,0,-5.68777981044934
-0.650872080095653,0,-5.63746642398428
-0.703008547494092,0,-5.58861943329297
-0.753126782350222,0,-5.54145779222928
-0.801337309712338,0,-5.49617482781171
-0.847757630563486,0,-5.45293742366369
-0.892508203052764,0,-5.41188589722779
-0.935708831548524,0,-5.37313448680455
-0.977475538147897,0,-5.33677235262594
-1.01791796241279,0,-5.30286498995232
-1.05713730729494,0,-5.27145595128564
-1.09522482392621,0,-5.2425687787155
-1.13226080640279,0,-5.21620905543806
-1.16831405076155,0,-5.19236649657252
-1.20344172044108,0,-5.1710170124771
-1.23768955359643,0,-5.15212469173166
-1.27109234526714,0,-5.13564366475619
-1.30367463885609,0,-5.12151982181543
-1.3354515657642,0,-5.10969237033746
-1.36642977842902,0,-5.10009522564277
-1.39660842959675,0,-5.09265823616193
-1.42598015867607,0,-5.08730824920422
-1.4545320539891,0,-5.0839700263982
-1.48224656728465,0,-5.08256701943763
-1.50910236379252,0,-5.0830220171689
-1.53507509732423,0,-5.08525767463443
-1.56013810543886,0,-5.08919693386039
-1.58426302450682,0,-5.0947633452909
-1.60742032865469,0,-5.10188129804357
-1.62957980008394,0,-5.1104761667405
-1.65071094104015,0,-5.12047438282781
-1.67078333985348,0,-5.13180343874393
-1.68976700477526,0,-5.14439183436568
-1.7076326799129,0,-5.15816897636624
-1.72435215726967,0,-5.17306504260769
-1.73989859782947,0,-5.18901082507679
-1.75424687276536,0,-5.2059375661393
-1.76737393334915,0,-5.22377680372828
-1.77925921508579,0,-5.24246024143615
-1.78988507810494,0,-5.26191965930248
-1.79923728218209,0,-5.28208688012621
-1.80730549099964,0,-5.30289380455938
-1.8140837966304,0,-5.32427252594719
-1.8195712518755,0,-5.34615553295279
-1.82377239520905,0,-5.3684760044484
-1.82669775074243,0,-5.39116819717885
-1.82836428401604,0,-5.41416792230923
-1.82879579365353,0,-5.43741310231002
-1.82802321898822,0,-5.4608443949731
-1.82608484487146,0,-5.48440586668127
-1.82302638689969,0,-5.50804569275422
-1.81890094329974,0,-5.53171685886708
-1.81376880363617,0,-5.5553778343848
-1.80769710916022,0,-5.57899318628571
-1.80075936491089,0,-5.60253410123743
-1.79303480931414,0,-5.62597878358538
-1.78460765273674,0,-5.64931269861748
-1.77556620191202,0,-5.6725286335422
-1.76600189200595,0,-5.69562655317339
-1.75600825197232,0,-5.7186132332909
-1.74567983143865,0,-5.74150166186608
-1.73511111836861,0,-5.7643102066169
-1.72439547600198,0,-5.78706155634185
-1.71362412498087,0,-5.80978145286174
-1.70288519223082,0,-5.83249723972536
-1.69226284228233,0,-5.85523626274493
-1.68183649971226,0,-5.87802416544734
-1.67168016375628,0,-5.90088312936889
-1.66186180856523,0,-5.92383011440942
-1.6524428557242,0,-5.94687515804695
-1.64347770023022,0,-5.97001979393784
-1.63501326774242,0,-5.99325565028494
-1.62708858004897,0,-6.01656328639932
-1.61973430761466,0,-6.03991132221139
-1.61297229282132,0,-6.06325591022229
-1.6068150348877,0,-6.08654059260528
-1.60126513701083,0,-6.10969657790107
-1.5963147273576,0,-6.1326434619321
-1.59194487732561,0,-6.15529040605805
-1.58812505203693,0,-6.17753777250743
-1.58481263829082,0,-6.19927920107961
-1.58195260310797,0,-6.22040409397983
-1.57947734050929,0,-6.24080045608428
-1.57730676433202,0,-6.26035801711822
-1.57534869995363,0,-6.278971541077
-1.57349961735295,0,-6.29654420827213
-1.57164573204766,0,-6.31299093864692
-1.56966447976716,0,-6.32824151375179
-1.5674263465901,0,-6.3422433512497
-1.56479701068144,0,-6.35496379186375
-1.56163972719036,0,-6.36639177525673
-1.55781786700324,0,-6.3765388082285
-1.55319750539641,0,-6.38543916424273
-1.54764995010219,0,-6.39314929481265
-1.54105410086194,0,-6.3997464769071
-1.53329854401919,0,-6.40532676217167
-1.52428330482908,0,-6.41000232955827
-1.51392120475148,0,-6.41389836996239
-1.50213879835687,0,-6.41714964797439
-1.48887689181295,0,-6.41989689152767
-1.47409066972481,0,-6.42228315598485
-1.45774947743019,0,-6.42445029686259
-1.43983632047347,0,-6.42653566725186
-1.42034715136981,0,-6.42866913443144
-1.39929001603239,0,-6.43097048732166
-1.37668412896759,0,-6.43354728396673
-1.35255893848004,0,-6.43649316732918
-1.32695323181698,0,-6.43988665900624
-1.29991431667188,0,-6.44379042429955
-1.27149730101205,0,-6.44825098840672
-1.24176447900093,0,-6.45329887219782
-1.21078481791666,0,-6.458949106915
-1.17863353030577,0,-6.46520208001769
-1.14539170778658,0,-6.47204465917986
-1.11114598826788,0,-6.47945153809552
-1.07598822691882,0,-6.48738674623931
-1.04001514275601,0,-6.49580526506612
-1.00332791670731,0,-6.50465469525445
-0.966031722790246,0,-6.51387692339375
-0.928235180851828,0,-6.52340974174689
-0.890049726401664,0,-6.53318838108254
-0.851588899771826,0,-6.54314692368229
-0.812967562647344,0,-6.55321957104967
-0.774301054605057,0,-6.56334174817681
-0.735704305539015,0,-6.57345103308786
-0.697290921763905,0,-6.58348790651169
-0.659172264321498,0,-6.59339632176856
-0.621456537787983,0,-6.60312409925235
-0.584247906932665,0,-6.61262315330479
-0.547645657129835,0,-6.62184956194255
-0.511743412651547,0,-6.63076349199928
-0.476628424985338,0,-6.63932899395934
-0.442380941187812,0,-6.64751368223839
-0.409073660029006,0,-6.65528831802708
-0.376771281302373,0,-6.66262631308467
-0.345530151181927,0,-6.66950317404655
-0.315398003924554,0,-6.67589590781478
-0.286413797604331,0,-6.68178240934457
-0.258607639018522,0,-6.68714085351045
-0.232000790546425,0,-6.69194911264204
-0.206605749720268,0,-6.6961842207046
-0.182426390720142,0,-6.69982190392895
-0.159458156070279,0,-6.70283619599489
-0.137688286586111,0,-6.70519915368688
-0.117096078159915,0,-6.70688068634791
-0.0976531552761983,0,-6.70784850953805
-0.0793237531584811,0,-6.70806823013037
-0.0620650030581509,0,-6.70750356671963
-0.04582721823193,0,-6.70611670571114
-0.0305541814127129,0,-6.70386878983072
-0.0161834378125086,0,-6.7007205320608
-0.0026466006524285,0,-6.69663294418852
0.0101303213685407,0,-6.69156816528364
0.0222265636127808,0,-6.68549037158429
0.0337262003293822,0,-6.67836674557376
0.0447176834847976,0,-6.67016847864992
0.0552933159259797,0,-6.66087177892356
0.0655486519424935,0,-6.65045885357728
0.0755818220316817,0,-6.63891883410271
0.0854927831773375,0,-6.62624861283297
0.0953825009137934,0,-6.61245356064696
0.105352074495323,0,-6.59754809862438
0.115501821225299,0,-6.58155610073094
0.125930340032282,0,-6.56451111016261
0.13673357737604,0,-6.54645635851644
0.148003920264824,0,-6.5274445841175
0.159829341427633,0,-6.50753765320769
0.172292620477504,0,-6.48680599483205
0.185470662335867,0,-6.46532786673356
0.199433930462077,0,-6.44318847500785
0.21424600784045,0,-6.42047897440096
0.229963293563054,0,-6.3972953787947
0.246634837561757,0,-6.37373741255968
0.264302310932389,0,-6.3499073331416
0.283000104636295,0,-6.32590875362593
0.302755545402119,0,-6.30184549135327
0.32358921451464,0,-6.27782046518537
0.345515352951801,0,-6.25393466005269
0.36854233501145,0,-6.23028617322101
0.392673192098543,0,-6.20696935254356
0.417906168628281,0,-6.18407403303308
0.4442352928939,0,-6.16168487451936
0.471650947138775,0,-6.13988080010277
0.500140422791906,0,-6.11873453258563
0.529688448752995,0,-6.09831222408933
0.560277682643926,0,-6.07867317264938
0.591889156965571,0,-6.05986961865341
0.624502674035311,0,-6.04194661348038
0.658097145404148,0,-6.02494195260028
0.6926508730945,0,-6.00888616557058
0.728141771454546,0,-5.99380255577321
0.764547529700054,0,-5.97970728334771
0.801845716275094,0,-5.96660948545006
0.840013827065268,0,-5.95451142875974
0.879029280219585,0,-5.94340868994634
0.91886936091501,0,-5.93329036059774
0.959511119854993,0,-5.92413927389444
1.00093122962955,0,-5.91593225101485
1.04310580332747,0,-5.90864036593868
1.08601017997807,0,-5.90222922791365
1.12961868153211,0,-5.89665928136747
1.17390434620365,0,-5.89188612354348
1.21883864305828,0,-5.88786084047046
1.26439117281556,0,-5.88453036222958
1.31052935990408,0,-5.88183783871783
1.35721814088038,0,-5.87972303723428
1.404419654427,0,-5.87812276332757
1.45209293825516,0,-5.87697130631821
1.50019363837145,0,-5.87620091081276
1.54867373631771,0,-5.87574227533323
1.59748130015127,0,-5.87552507888363
1.64656026508572,0,-5.87547853582218
1.69585024985397,0,-5.87553197890228
1.74528641494996,0,-5.87561546961782
1.79479936894091,0,-5.87566043417047
1.84431512898088,0,-5.8756003224179
1.89375514146566,0,-5.87537128604892
1.94303636841423,0,-5.87491287100218
1.99207144460086,0,-5.87416871783805
2.04076890966926,0,-5.87308726236451
2.08903351839047,0,-5.87162242744756
2.13676663087688,0,-5.86973429556608
2.18386668290719,0,-5.86738975046238
2.23022973458275,0,-5.86456307519837
2.27575009333172,0,-5.86123649320279
2.32032100487132,0,-5.8574006385361
2.36383540319485,0,-5.85305494170793
2.4061867080825,0,-5.8482079180045
2.44726965614741,0,-5.84287734648742
2.48698114916482,0,-5.83709032961031
2.52522110152322,0,-5.83088322575725
2.56189326724022,0,-5.82430144985557
2.59690602617876,0,-5.81739914050618
2.63017310904705,0,-5.81023869560115
2.6616142414546,0,-5.80289018207788
2.69115568881743,0,-5.7954306290393
2.71873068617751,0,-5.78794321681631
2.74427973997758,0,-5.78051637745868
2.76775079240764,0,-5.77324282444593
2.78909924292242,0,-5.76621853102474
2.80828782579882,0,-5.75954167737305
2.82528634691744,0,-5.75331158678056
2.84007128715452,0,-5.74762767021192
2.85262528367855,0,-5.74258839705602
2.86293650388599,0,-5.73829030768953
2.87099792958738,0,-5.73482708081447
2.87680657125964,0,-5.7322886655544
2.88036263368175,0,-5.73076048517048
2.88166865503587,0,-5.73032271618636
2.88072864164101,0,-5.73104964381912
2.87754721992418,0,-5.73300909206751
2.87212882612332,0,-5.73626192469849
2.86447695263375,0,-5.74086161179895
2.85459346797507,0,-5.7468538555484
2.8424780251692,0,-5.75427626843452
2.82812757097748,0,-5.76315809725857
2.81153596602464,0,-5.77351998692148
2.79269372343721,0,-5.78537377904232
2.77158787124781,0,-5.79872234190355
2.74820194153626,0,-5.81355942989838
2.7225160870783,0,-5.82986957250342
2.69450732417099,0,-5.84762799468293
2.66414989827322,0,-5.86680057246191
2.6314157671061,0,-5.88734382909413
2.59627519390962,0,-5.90920497867475
2.55869744160661,0,-5.93232202514402
2.51865155669276,0,-5.9566239253077
2.47610722973782,0,-5.98203082472088
2.4310357175128,0,-6.00845437496043
2.38341080995886,0,-6.03579813995932
2.33320982359263,0,-6.06395809764955
2.28041460155627,0,-6.0928232412102
2.22501249949176,0,-6.12227628176895
2.16699733582762,0,-6.15219445156384
2.10637028502954,0,-6.18245040343152
2.04314069295534,0,-6.21291319919763
1.97732679472361,0,-6.24344937626863
1.90895631745327,0,-6.27392407864687
1.83806695286483,0,-6.30420223585773
1.76470668792246,0,-6.33414977109048
1.68893398535951,0,-6.36363481830671
1.61081780988404,0,-6.3925289272662
1.5304374999088,0,-6.4207082354008
1.44788248863251,0,-6.44805458617915
1.36325188196403,0,-6.47445657502072
1.27665390404601,0,-6.49981050574749
1.18820522381948,0,-6.52402124289228
1.09803017813934,0,-6.54700294771231
1.0062599083856,0,-6.5686796883128
0.913031428375325,0,-6.58898591670156
0.818486641733142,0,-6.60786680776904
0.722771326849397,0,-6.62527845704419
0.626034107282029,0,-6.64118793559271
0.528425425053652,0,-6.6555732016461
0.430096533826518,0,-6.66842286958669
0.331198528494057,0,-6.67973583784938
0.231881427269435,0,-6.68952077830537
0.132293321825834,0,-6.69779549089714
0.0325796103576878,0,-6.70458612878926
-0.067117672587083,0,-6.70992630119102
-0.166660417143569,0,-6.71385606327857
-0.265914879807433,0,-6.7164208052791
-0.36475199840959,0,-6.71767005565214
-0.463047576744925,0,-6.71765621628553
-0.560682339699038,0,-6.71643325050374
-0.657541864874514,0,-6.71405534729273
-0.75351640232471,0,-6.71057558728318
-0.848500599750805,0,-6.70604463757007
-0.942393156034702,0,-6.70050950328818
-1.03509643084857,0,-6.69401236400698
-1.12651604190315,0,-6.68658952247795
-1.21656048378291,0,-6.67827049218712
-1.30514080299158,0,-6.66907724861972
-1.39217036257502,0,-6.65902366727534
-1.47756472643637,0,-6.64811516931801
-1.56124168822115,0,-6.63634859332376
-1.64312146259398,0,-6.6237123087738
-1.72312704807424,0,-6.61018658355808
-1.80118476070155,0,-6.59574421350597
-1.87722492708881,0,-6.5803514165308
-1.95118271436952,0,-6.56396898708425
-2.02299906380802,0,-6.54655369803734
-2.09262168504418,0,-6.52805992686851
-2.16000605989995,0,-6.50844147138623
-2.22511639914124,0,-6.48765350777312
-2.28792649335528,0,-6.46565463145081
-2.34842040076489,0,-6.44240891040525
-2.40659292075707,0,-6.4178878725952
-2.46244981209471,0,-6.39207234532285
-2.51600772873971,0,-6.36495406610434
-2.56729386293385,0,-6.33653699227324
-2.61634530323996,0,-6.30683825019783
-2.66320813293925,0,-6.27588868372114
-2.70793630976692,0,-6.24373298364951
-2.75059037996154,0,-6.21042940369538
-2.7912360869244,0,-6.17604909093061
-2.82994293699953,0,-6.14067507838245
-2.86678278220396,0,-6.10440100223327
-2.90182847288569,0,-6.0673296152226
-2.93515262344452,0,-6.02957117106473
-2.96682652272108,0,-5.99124175248425
-2.99691920874528,0,-5.9524616088203
-3.0254967162975,0,-5.91335355937593
-3.05262149604641,0,-5.87404150708347
-3.07835199625186,0,-5.83464909495025
-3.10274239242387,0,-5.79529852607005
-3.12584244676871,0,-5.75610955751115
-3.14769747752504,0,-5.71719866952241
-3.16834841802552,0,-5.67867840445219
-3.18783194618613,0,-5.64065686449545
-3.20618066671704,0,-5.60323735379169
-3.22342333041822,0,-5.56651814819754
-3.23958507716263,0,-5.53059237506476
-3.25468769141792,0,-5.49554798528239
-3.26874986130352,0,-5.46146780042677
-3.28178743408701,0,-5.42842961897293
-3.29381366269555,0,-5.39650636693045
-3.30483943924183,0,-5.36576627983805
-3.31487351271682,0,-5.33627310472683
-3.32392268894194,0,-5.30808631231312
-3.33199201160116,0,-5.28126131129524
-3.33908492376165,0,-5.25584965810451
-3.34520340970811,0,-5.23189925687088
-3.35034811725564,0,-5.20945454559328
-3.35451846097037,0,-5.18855666557886
-3.35771270689369,0,-5.16924361220853
-3.35992803954585,0,-5.15155036584272
-3.3611606120886,0,-5.13550900237809
-3.36140558063213,0,-5.12114878349798
-3.36065712374859,0,-5.10849622709734
-3.35890844834092,0,-5.09757515866186
-3.35615178307228,0,-5.08840674462366
-3.35237836060436,0,-5.08100950889124
-3.34757838996925,0,-5.07539933378829
-3.34174102039706,0,-5.07158944674617
-3.33485429798329,0,-5.06959039403782
-3.32690511659001,0,-5.06941000283198
-3.3178791643602,0,-5.07105333284922
-3.30776086725559,0,-5.07452261880134
-3.29653333099906,0,-5.07981720478905
-3.28417828279915,0,-5.08693347177494
-3.27067601419862,0,-5.09586475925099
-3.25600532639085,0,-5.10660128216462
-3.24014347929828,0,-5.1191300442167
-3.22306614572293,0,-5.13343474860036
-3.20474737182933,0,-5.14949570734081
-3.18515954524713,0,-5.16728975038217
-3.16427337202943,0,-5.18679013571065
-3.14205786375058,0,-5.20796646180696
-3.11848033601247,0,-5.23078458385294
-3.09350641961627,0,-5.25520653525806
-3.0671000856967,0,-5.28119045614115
-3.03922368613832,0,-5.30869053050448
-3.00983801057611,0,-5.33765693398873
-2.97890236130846,0,-5.36803579415555
-2.94637464748114,0,-5.39976916526136
-2.9122114998194,0,-5.43279501960026
-2.87636840720251,0,-5.46704725738375
-2.83879987631169,0,-5.5024557370317
-2.79945961539614,0,-5.53894632768626
-2.75830074312857,0,-5.57644098539823
-2.71527602326682,0,-5.61485785414955
-2.67033812550587,0,-5.65411139249135
-2.62343991264613,0,-5.69411252592015
-2.57453475365666,0,-5.73476882461581
-2.52357686180219,0,-5.77598470532866
-2.4705216563745,0,-5.81766165547925
-2.41532614600935,0,-5.85969847663393
-2.35794933092338,0,-5.90199154368524
-2.29835262078558,0,-5.94443507524498
-2.23650026443552,0,-5.98692140996198
-2.17235978716391,0,-6.02934128291688
-2.10590243101266,0,-6.0715840958025
-2.03710359344615,0,-6.113538174465
-1.96594325990608,0,-6.15509100754206
-1.89240642615334,0,-6.19612946049479
-1.81648350705218,0,-6.236539960226
-1.73817072933809,0,-6.27620864689533
-1.65747050720502,0,-6.31502149123272
-1.57439180076903,0,-6.35286437790218
-1.48895045900735,0,-6.38962315786081
-1.40116954999559,0,-6.42518367549613
-1.31107968250325,0,-6.45943177916995
-1.21871932369822,0,-6.49225332681318
-1.12413511804596,0,-6.52353420103232
-1.02738221202209,0,-6.55316035084583
-0.928524588163076,0,-6.58101787931561
-0.827635409893551,0,-6.60699319796882
-0.724797375772387,0,-6.63097326965244
-0.620103078050477,0,-6.65284596131032
-0.513655356168716,0,-6.67250052677156
-0.405567630931177,0,-6.68982823702812
-0.295964200206808,0,-6.7047231713685
-0.184980472217646,0,-6.71708317726002
-0.0727631083998299,0,-6.72681099997721
0.04052995517789,0,-6.73381557488781
0.154729640305003,0,-6.7380134663033
0.269656044995957,0,-6.73933042727913
0.385118976990863,0,-6.73770304526407
0.500918726546079,0,-6.73308042962384
0.616847095238541,0,-6.72542588948134
0.732688687963024,0,-6.71471854466291
0.848222464094024,0,-6.70095480937103
0.963223531514736,0,-6.68414968801548
1.07746515468115,0,-6.66433782561411
1.19072093588568,0,-6.64157426143212
1.30276711832114,0,-6.61593484378597
1.41338495113119,0,-6.58751627580711
1.52236305110071,0,-6.55643577570908
1.62949969329707,0,-6.52283034999097
1.73460496413743,0,-6.48685569304632
1.83750271483669,0,-6.44868474098257
1.93803226074531,0,-6.40850592018759
2.03604978209981,0,-6.36652114164432
2.13142939356248,0,-6.32294359962519
2.22406386276148,0,-6.27799543794738
2.31386497108668,0,-6.23190534836274
2.4007635225167,0,-6.18490616403416
2.4847090175418,0,-6.13723250680469
2.56566901886173,0,-6.08911854053938
2.64362824312656,0,-6.04079587479005
2.71858741837006,0,-5.99249165401542
2.79056194997652,0,-5.94442685814779
2.85958043917726,0,-5.89681483092656
2.92568309735514,0,-5.84986004362531
2.98892009724899,0,-5.80375709381736
3.04934989874199,0,-5.75868993197506
3.10703758270146,0,-5.71483130304063
3.1620532216098,0,-5.67234238571296
3.21447031078257,0,-5.63137260903212
3.26436427908534,0,-5.59205962379204
3.31181109338433,0,-5.55452940530845
3.35688596673126,0,-5.5188964638562
3.39966217647944,0,-5.48526413965602
3.44020999533173,0,-5.45372496033004
3.47859573565338,0,-5.42436104025061
3.5148809053236,0,-5.39724450293882
3.54912147186168,0,-5.37243790960298
3.58136723054206,0,-5.34999467890983
3.61166127164466,0,-5.32995948509929
3.64003954181781,0,-5.31236862354086
3.66653049470579,0,-5.2972503347512
3.69115482643732,0,-5.28462507975611
3.71392529226534,0,-5.27450576142959
3.7348466014971,0,-5.26689788814511
3.7539153888152,0,-5.26179967773065
3.77112026114464,0,-5.25920210129995
3.78644192026446,0,-5.25908886814613
3.79985336239798,0,-5.26143635447065
3.81132015693709,0,-5.26621348038566
3.82080080727094,0,-5.27338154129696
3.82824719728935,0,-5.28289400153531
3.83360512748277,0,-5.29469625991942
3.83681494459073,0,-5.30872539880653
3.8378122684183,0,-5.32490993005824
3.8365288186525,0,-5.34316955321881
3.83289334323096,0,-5.36341494297203
3.82683264799982,0,-5.38554758452131
3.81827272499687,0,-5.40945967683525
3.80713997372836,0,-5.43503412455526
3.79336250626663,0,-5.46214463966036
3.77687152298671,0,-5.49065597352245
3.75760274135672,0,-5.52042429865737
3.73549785560544,0,-5.55129775709811
3.7105060005075,0,-5.58311718881923
3.68258518826873,0,-5.61571704893451
3.65170368385035,0,-5.6489265165384
3.6178412814197,0,-5.68257079115405
3.58099044332187,0,-5.71647256500138
3.54115726328709,0,-5.75045365109915
3.49836221786796,0,-5.78433673891027
3.45264067437845,0,-5.81794724143434
3.40404312992498,0,-5.85111519085496
3.35263516428548,0,-5.88367713462814
3.29849709905483,0,-5.91547798074096
3.24172336609908,0,-5.94637274015985
3.18242159935489,0,-5.97622811639085
3.12071147461531,0,-6.0049238966236
3.05672333150249,0,-6.03235410586821
2.99059661973694,0,-6.05842789438385
2.92247821736462,0,-6.08307013908445
2.85252067194,0,-6.10622175051711
2.78088041611604,0,-6.12783968808426
2.70771600721631,0,-6.14789669645212
2.63318643621727,0,-6.16638078512605
2.55744954565819,0,-6.18329448049369
2.48066058883087,0,-6.1986538849762
2.40297095469341,0,-6.21248758122634
2.32452707489327,0,-6.22483542057756
2.24546952147676,0,-6.2357472344221
2.16593229670492,0,-6.24528150514535
2.08604231017368,0,-6.25350402997474
2.00591903327618,0,-6.26048660701909
1.92567431705676,0,-6.26630576815451
1.84541235664415,0,-6.27104157861359
1.76522978366258,0,-6.27477651836776
1.68521586717261,0,-6.27759445588089
1.60545280364713,0,-6.27957972070385
1.52601607709021,0,-6.28081627775788
1.44697487149857,0,-6.28138700306135
1.36839251930811,0,-6.28137305814993
1.29032697112843,0,-6.28085335843722
1.21283127384411,0,-6.27990412930611
1.13595404595682,0,-6.27859854270075
1.05973994079254,0,-6.27700642638695
0.984230089850939,0,-6.27519403779535
0.909462520091395,0,-6.27322389439315
0.835472540315827,0,-6.27115465280554
0.762293093011505,0,-6.26904102936945
0.689955069050635,0,-6.26693375539386
0.618487583530093,0,-6.26487956111277
0.547918211766193,0,-6.26292118307313
0.478273185074029,0,-6.2610973905142
0.409577546455405,0,-6.25944302709961
0.34185526674673,0,-6.2579890651954
0.275129322094012,0,-6.25676267061666
0.209421733960333,0,-6.25578727656924
0.14475357309529,0,-6.25508266611576
0.0811449291987305,0,-6.25466506317448
0.0186148482301935,0,-6.25454723251671
-0.0428187603696566,0,-6.2547385897175
-0.103139244003667,0,-6.25524532230273
-0.162331351911521,0,-6.25607052355924
-0.220381401572198,0,-6.25721434060012
-0.277277462911705,0,-6.25867413818738
-0.333009556277285,0,-6.2604446796958
-0.387569859750451,0,-6.26251832628027
-0.440952920986903,0,-6.26488525486928
-0.493155868415922,0,-6.26753369504884
-0.544178616344126,0,-6.27045018421445
-0.594024058310128,0,-6.27361983957528
-0.64269824294713,0,-6.27702664472259
-0.690210526657711,0,-6.28065374754564
-0.736573697637524,0,-6.28448376529274
-0.781804066141464,0,-6.28849909166032
-0.82592151649632,0,-6.29268219984721
-0.868949517101066,0,-6.29701593472852
-0.910915085598441,0,-6.30148378662378
-0.951848707506271,0,-6.30607013862799
-0.991784207791774,0,-6.31076047922817
-1.03075857616778,0,-6.31554157191695
-1.06881174819782,0,-6.32040157380504
-1.10598634555403,0,-6.32533009585131
-1.14232737992263,0,-6.3303181982634
-1.17788192601903,0,-6.33535831588256
-1.2126987698813,0,-6.3404441099468
-1.24682803902608,0,-6.34557024446517
-1.28032082108619,0,-6.35073208754033
-1.31322877723254,0,-6.35592534022864
-1.34560375597264,0,-6.36114559790708
-1.37749741184863,0,-6.36638785154762
-1.40896083220199,0,-6.37164593868427
-1.44004417359305,0,-6.37691195615485
-1.47079630776951,0,-6.38217564884604
-1.5012644754117,0,-6.3874237906017
-1.53149394437805,0,-6.3926395751381
-1.56152766796755,0,-6.39780203623706
-1.59140593796738,0,-6.40288551761167
-1.62116602707362,0,-6.40785921366377
-1.65084181576855,0,-6.41268680284252
-1.68046339998028,0,-6.4173261954238
-1.71005667784881,0,-6.4217294172137
-1.73964291667214,0,-6.42584264980828
-1.76923830450346,0,-6.42960644651275
-1.79885349478732,0,-6.43295614064762
-1.82849315664278,0,-6.43582245957409
-1.85815554764895,0,-6.4381323531724
-1.887832129926,0,-6.43981003955586
-1.91750725354699,0,-6.44077826341687
-1.94715793343372,0,-6.44095975363547
-1.97675374646656,0,-6.44027885683644
-2.00625687419198,0,-6.43866331287682
-2.03562231296885,0,-6.43604612740426
-2.06479826752528,0,-6.43236748650242
-2.09372673581593,0,-6.42757665000203
-2.12234428312171,0,-6.42163375434853
-2.15058299215959,0,-6.41451145393616
-2.1783715644437,0,-6.40619633227652
-2.20563653730194,0,-6.39669002161007
-2.23230357190416,0,-6.38600998142255
-2.25829876137783,0,-6.37418990209419
-2.28354990532789,0,-6.36127971835955
-2.30798769820235,0,-6.34734523680218
-2.33154678388032,0,-6.33246740049902
-2.35416663710297,0,-6.31674123047564
-2.37579224304307,0,-6.30027449646612
-2.39637455831615,0,-6.28318617769035
-2.41587074890717,0,-6.26560477762815
-2.43424421173772,0,-6.24766655530158
-2.45146439605784,0,-6.22951373005954
-2.46750644794555,0,-6.2112927082849
-2.48235070569013,0,-6.19315236995893
-2.49598207575973,0,-6.17524244178178
-2.50838931873834,0,-6.15771197255178
-2.51956427252882,0,-6.14070791657629
-2.52950103685256,0,-6.12437382257417
-2.5381951392578,0,-6.10884861914493
-2.54564269904619,0,-6.09426548353954
-2.55183960227666,0,-6.08075077806744
-2.55678069868613,0,-6.0684230378208
-2.56045903022205,0,-6.05739199422807
-2.56286510103649,0,-6.04775762091887
-2.56398620015524,0,-6.03960919123724
-2.56380579043352,0,-6.03302434017418
-2.56230298048156,0,-6.02806812733787
-2.55945209957864,0,-6.02479210167171
-2.55522239869466,0,-6.0232333729019
-2.54957790312176,0,-6.02341369909615
-2.54247744342245,0,-6.02533860423996
-2.53387489104401,0,-6.02899654439473
-2.52371962279886,0,-6.03435814572693
-2.51195723432892,0,-6.04137554245418
-2.4985305166817,0,-6.04998184742296
-2.48338070238869,0,-6.06009079241614
-2.46644897818338,0,-6.07159657917647
-2.44767825103248,0,-6.08437398522937
-2.4270151428081,0,-6.09827877054142
-2.40441217700768,0,-6.11314843146302
-2.37983010873398,0,-6.12880334679468
-2.35324033697739,0,-6.14504835663757
-2.3246273264233,0,-6.16167480735826
-2.29399095499561,0,-6.17846308487492
-2.26134869376354,0,-6.1951856430132
-2.22673751856541,0,-6.21161051350337
-2.19021544889175,0,-6.2275052592856
-2.15186261060519,0,-6.24264130371452
-2.11178172642902,0,-6.25679853632938
-2.07009795312785,0,-6.269770063302
-2.02695800775045,0,-6.28136694060486
-1.98252855715332,0,-6.29142270414542
-1.9369938840368,0,-6.29979749758584
-1.89055288630517,0,-6.30638159887206
-1.84341551087066,0,-6.31109816296429
-1.7957987634018,0,-6.31390503131049
-1.74792246719248,0,-6.31479550631539
-1.70000496325033,0,-6.31379804723133
-1.65225894734741,0,-6.31097490657787
-1.60488762765528,0,-6.30641978665846
-1.55808136034802,0,-6.30025464764994
-1.5120148836375,0,-6.29262583720802
-1.46684522763465,0,-6.28369973385129
-1.42271033297806,0,-6.27365810220075
-1.37972836958337,0,-6.26269334926685
-1.33799771130189,0,-6.25100385063456
-1.29759749457137,0,-6.23878948757646
-1.2585886698806,0,-6.22624750482083
-1.22101544360955,0,-6.21356876730721
-1.18490700347805,0,-6.20093446535881
-1.15027942207739,0,-6.18851329292295
-1.11713763839353,0,-6.17645910361137
-1.08547742569859,0,-6.16490903435104
-1.05528726476748,0,-6.15398207612059
-1.02655005343387,0,-6.14377806486967
-0.999244596600715,0,-6.13437706252958
-0.97334683464231,0,-6.12583909721974
-0.948830782419141,0,-6.11820423265236
-0.925669165538273,0,-6.11149293862275
-0.903833754670997,0,-6.10570673684084
-0.883295412225016,0,-6.10082909873449
-0.864023877958324,0,-6.09682657387328
-0.845987330718975,0,-6.09365012907436
-0.829151771949125,0,-6.09123667888354
-0.813480282579564,0,-6.08951078794744
-0.798932208265047,0,-6.08838652480263
-0.785462328553462,0,-6.0877694449096
-0.773020063697464,0,-6.08755867855368
-0.761548768676479,0,-6.08764909668294
-0.750985157990735,0,-6.08793352510619
-0.74125889734598,0,-6.08830497492202
-0.732292389922862,0,-6.08865885483672
-0.724000775929402,0,-6.08889512929688
-0.716292154951011,0,-6.08892038532912
-0.709068031545767,0,-6.08864977074674
-0.702223975848603,0,-6.08800876711273
-0.695650482860457,0,-6.08693476262872
-0.689234006796993,0,-6.08537839303442
-0.682858140529367,0,-6.08330462268935
-0.67640490493525,0,-6.08069354322729
-0.669756109052189,0,-6.07754087344577
-0.66279473943127,0,-6.07385815122946
-0.655406336142598,0,-6.0696726160421
-0.64748031353764,0,-6.06502678855402
-0.638911186134058,0,-6.0599777618772
-0.62959966375228,0,-6.05459622631429
-0.619453585142478,0,-6.04896525607768
-0.608388665539191,0,-6.04317889180723
-0.59632904058026,0,-6.0373405566428
-0.58320759646736,0,-6.03156134600011
-0.568966083805253,0,-6.0259582319829
-0.553555019885798,0,-6.02065222266128
-0.536933391005158,0,-6.0157665143893
-0.519068172468321,0,-6.01142467217057
-0.499933689060307,0,-6.00774886907628
-0.479510842836871,0,-6.00485821112795
-0.457786238026348,0,-6.00286716916602
-0.434751234620492,0,-6.00188413426678
-0.410400962887279,0,-6.00201010844015
-0.384733330620177,0,-6.00333753779397
-0.35774805352097,0,-6.00594929122117
-0.329445736817138,0,-6.00991778402143
-0.299827033169028,0,-6.01530424276789
-0.268891898290359,0,-6.02215810518179
-0.236638961659324,0,-6.03051654678698
-0.203065025411168,0,-6.04040412468701
-0.168164700179644,0,-6.0518325278781
-0.13193018246711,0,-6.06480042305929
-0.0943511742195455,0,-6.07929338491249
-0.0554149418357458,0,-6.09528390018231
-0.0151065089077747,0,-6.11273143563012
0.0265910253201067,0,-6.13158256093614
0.0696960514851204,0,-6.15177111890012
0.114227910424179,0,-6.17321843676265
0.160206259593513,0,-6.19583357411632
0.207650356965212,0,-6.21951360468324
0.256578273455854,0,-6.2441439311387
0.307006044387415,0,-6.26959863418091
0.358946769819058,0,-6.29574085915181
0.412409672944299,0,-6.32242324565979
0.467399125268681,0,-6.3494884078362
0.523913647095295,0,-6.37676947503281
0.581944892057354,0,-6.40409070486239
0.641476625151945,0,-6.43126818242497
0.702483705030083,0,-6.45811062124413
0.764931083224196,0,-6.48442028269642
0.828772835564431,0,-6.50999403138357
0.893951244213942,0,-6.53462454375135
0.96039595243188,0,-6.55810168603675
1.02802321817052,0,-6.5802140750495
1.09673529668278,0,-6.60075083112968
1.16641998605285,0,-6.61950352657669
1.23695037253235,0,-6.63626832481941
1.30818481417598,0,-6.6508482955185
1.3799672009273,0,-6.66305587886228
1.45212752637753,0,-6.67271545894028
1.52448280036589,0,-6.67966599196952
1.59683832204962,0,-6.68376362133556
1.66898931996549,0,-6.68488419917718
1.74072294925917,0,-6.68292562507705
1.81182061745863,0,-6.6778099078165
1.88206059018394,0,-6.6694848574268
1.95122080869582,0,-6.65792532281716
2.01908183411946,0,-6.64313390532435
2.0854298204765,0,-6.62514110005128
2.1500594119702,0,-6.60400484344395
2.21277646038972,0,-6.57980947505561
2.27340046634573,0,-6.55266415123426
2.33176666275475,0,-6.52270077578703
2.38772767919049,0,-6.49007153502116
2.44115474941799,0,-6.45494614006181
2.4919384493201,0,-6.41750888698361
2.53998897623517,0,-6.37795564499727
2.58523600149118,0,-6.33649087550938
2.62762814426042,0,-6.29332477178295
2.6671321260222,0,-6.24867059201517
2.70373167079235,0,-6.20274223986365
2.73742621733196,0,-6.15575212754372
2.76822950655734,0,-6.10790933904528
2.79616810138662,0,-6.05941809576688
2.82127988830642,0,-6.01047651452602
2.84361260103278,0,-5.9612756386385
2.86322239754319,0,-5.91199871648307
2.88017251313393,0,-5.86282069831794
2.89453200440283,0,-5.81390792067047
2.90637459240512,0,-5.76541794789984
2.91577760779718,0,-5.71749954204486
2.92282103653017,0,-5.67029273441401
2.92758666150527,0,-5.62392897519603
2.93015729344051,0,-5.57853134036599
2.93061608283167,0,-5.5342147781891
2.92904590423574,0,-5.49108638045511
2.925528803963,0,-5.44924566619901
2.92014550254944,0,-5.40878486798394
2.91297494397387,0,-5.36978921284539
2.9040938844117,0,-5.33233719170676
2.89357651429031,0,-5.29650081253316
2.8814941085052,0,-5.26234583367268
2.86791470079579,0,-5.22993197483577
2.85290277947886,0,-5.19931310393398
2.83651900289482,0,-5.17053739871074
2.81881993410541,0,-5.14364748261062
2.79985779547733,0,-5.11868053484922
2.77968024484148,0,-5.09566837505726
2.75833017586867,0,-5.07463752327443
2.73584554612444,0,-5.05560923648333
2.71225923697005,0,-5.03859952323004
2.68759894996249,0,-5.023619138348
2.66188714476016,0,-5.01067356014473
2.63514102360434,0,-4.99976295293355
2.60737256735359,0,-4.99088211815265
2.57858862765463,0,-4.98402043781888
2.54879107924031,0,-4.97916181446985
2.51797703552518,0,-4.97628461213861
2.48613912963091,0,-4.97536160329624
2.45326586178728,0,-4.97635992698746
2.41934201272821,0,-4.97924106363362
2.38434912130942,0,-4.98396083211117
2.34826602312424,0,-4.99046941481414
2.31106944548988,0,-4.99871141633762
2.27273465283878,0,-5.00862596122835
2.233236135255,0,-5.02014683608809
2.19254833184134,0,-5.03320268077955
2.15064637961802,0,-5.04771723305459
2.10750687789879,0,-5.06360963024584
2.06310865752344,0,-5.08079477087577
2.01743354395906,0,-5.09918373813127
1.9704671031017,0,-5.11868428618087
1.92219935868392,0,-5.13920138913612
1.87262547042075,0,-5.16063785134499
1.82174636254923,0,-5.18289497635323
1.76956929303791,0,-5.20587329077183
1.71610835467678,0,-5.22947331797907
1.6613849003366,0,-5.2535963954798
1.60542788591052,0,-5.2781455288304
1.54827412584077,0,-5.30302627422971
1.48996845757462,0,-5.32814764135544
1.43056381273859,0,-5.35342300776035
1.37012119417352,0,-5.37877103616788
1.3087095591892,0,-5.40411658617926
1.24640561034402,0,-5.42939161228243
1.18329349571331,0,-5.45453604040858
1.11946442092581,0,-5.47949861554893
1.05501617530291,0,-5.50423771277492
0.990052574261681,0,-5.52872210338666
0.924682819949407,0,-5.55293166656941
0.859020782117434,0,-5.57685803467355
0.793184201794775,0,-5.60050515711594
0.727293821757594,0,-5.62388976388441
0.661472450435071,0,-5.64704170496632
0.595843970025116,0,-5.67000413705278
0.530532305355095,0,-5.69283352409235
0.465660377345168,0,-5.71559941432494
0.401349073476696,0,-5.7383839540134
0.337716276770832,0,-5.76128109783563
0.274876003446065,0,-5.78439547841561
0.21293770634669,0,-5.80784090300811
0.152005804910535,0,-5.83173845396354
0.0921795012970325,0,-5.856214180868
0.0335529348953613,0,-5.88139638549431
-0.0237842872983727,0,-5.90741251488227
-0.0797461694781718,0,-5.93438569188963
-0.13424903006795,0,-5.96243092535296
-0.187209880323425,0,-5.9916510529389
-0.238544570108179,0,-6.0221324785968
-0.288165833681449,0,-6.05394077385075
-0.335981406783158,0,-6.0871162191519
-0.381892417928617,0,-6.12166937000751
-0.425792277724638,0,-6.15757674478494
-0.467566296863293,0,-6.19477674909087
-0.50709225380058,0,-6.23316597720505
-0.544242105641853,0,-6.27259606499505
-0.578884990030365,0,-6.31287131051398
-0.610891602050953,0,-6.35374732567268
-0.640139948634704,0,-6.39493103008429
-0.666522383782543,0,-6.43608233844344
-0.689953711290093,0,-6.4768179139207
-0.710380008915494,0,-6.51671734643742
-0.727787683881976,0,-6.55533204770734
-0.742212125413528,0,-6.59219701581744
-0.753745195971914,0,-6.62684539748006
-0.762540729109404,0,-6.6588254661839
-0.768817214899163,0,-6.68771926225683
-0.772856987505772,0,-6.71316175802754
-0.775001500705102,0,-6.73485909568298
-0.775642671914172,0,-6.75260428585691
-0.775210740558852,0,-6.76628882405746
-0.774159536906996,0,-6.77590900581833
-0.772950396900208,0,-6.78156626019237
-0.772036111459465,0,-6.78346147361235
-0.771846235958325,0,-6.7818839090975
-0.772774832615544,0,-6.77719581742861
-0.775171343256561,0,-6.76981411355327
-0.779334875979766,0,-6.76019054279222
-0.785511809664832,0,-6.74879163096266
-0.793896320698748,0,-6.73607947268138
-0.804633232850637,0,-6.72249413682318
-0.817822478334622,0,-6.70843821391768
-0.833524420440773,0,-6.69426382871604
-0.851765310593895,0,-6.68026230064774
-0.872542225501912,0,-6.66665654742126
-0.895826948472886,0,-6.65359627587739
-0.921568419609889,0,-6.64115597037787
-0.94969357537136,0,-6.62933565559798
-0.980106614538583,0,-6.61806436545301
-1.01268694276708,0,-6.60720618697216
-1.04728623472958,0,-6.59656866757158
-1.08372518560646,0,-6.5859132823832
-1.12179058401993,0,-6.5749675650423
-1.16123332006116,0,-6.56343842207573
-1.20176785144205,0,-6.55102608793579
-1.24307350503557,0,-6.53743814154004
-1.28479781259873,0,-6.52240299833125
-1.32656189078642,0,-6.50568231316485
-1.36796769527205,0,-6.48708177573946
-1.40860682010167,0,-6.46645984908009
-1.44807038494713,0,-6.4437340915355
-1.48595946067909,0,-6.41888481390403
-1.52189543277987,0,-6.39195595513412
-1.55552969721666,0,-6.36305320893343
-1.58655212741162,0,-6.33233959088355
-1.61469784281683,0,-6.30002878729309
-1.63975194223777,0,-6.26637675583694
-1.66155202489434,0,-6.23167213742788
-1.67998849081015,0,-6.19622607713212
-1.69500276964499,0,-6.16036203564247
-1.70658375620611,0,-6.12440610719055
-1.71476282012279,0,-6.08867825739403
-1.71960780238787,0,-6.05348477200561
-1.721216415445,0,-6.01911208168091
-1.71970943401329,0,-5.98582201274033
-1.7152240112453,0,-5.95384841885522
-1.70790738957396,0,-5.92339507819604
-1.69791120676314,0,-5.89463469511242
-1.68538653190181,0,-5.86770882226959
-1.67047970761329,0,-5.84272851411226
-1.65332902571742,0,-5.81977553083647
-1.63406222453552,0,-5.79890392928804
-1.61279476652304,0,-5.7801418995976
-1.58962883395557,0,-5.76349373097901
-1.56465296675321,0,-5.74894181484046
-1.53794225894811,0,-5.73644861675011
-1.50955902757761,0,-5.72595856996979
-1.47955386881598,0,-5.71739986172382
-1.4479670199352,0,-5.71068609890391
-1.41482995132367,0,-5.70571785248547
-1.38016711950766,0,-5.70238408965956
-1.34399781929485,0,-5.70056350966622
-1.30633808025744,0,-5.70012580386616
-1.26720255949222,0,-5.70093286281727
-1.22660638870395,0,-5.70283995341271
-1.1845669391219,0,-5.70569688769472
-1.14110547260823,0,-5.70934920214557
-1.09624865167877,0,-5.71363936238036
-1.05002988517755,0,-5.7184080035868
-1.0024904901763,0,-5.7234952121244
-0.953680654439571,0,-5.72874184868681
-0.903660187561719,0,-5.73399090870219
-0.852499052680584,0,-5.73908891135794
-0.800277674459322,0,-5.7438873050452
-0.747087022770326,0,-5.74824387406059
-0.693028475100772,0,-5.75202412931887
-0.638213464090503,0,-5.75510266436797
-0.582762919732649,0,-5.75736445724507
-0.52680651860474,0,-5.75870609844175
-0.470481755054593,0,-5.75903692546844
-0.413932851579062,0,-5.7582800450189
-0.357309527759161,0,-5.75637322460566
-0.300765649095501,0,-5.75326963662046
-0.244457778982149,0,-5.74893843927016
-0.188543658832192,0,-5.74336518058719
-0.133180643040628,0,-5.73655201406238
-0.0785241168943169,0,-5.72851771720657
-0.0247259266419647,0,-5.71929750778502
0.0280671484904768,0,-5.70894265641727
0.0797148526233234,0,-5.69751989878678
0.130084809123095,0,-5.68511065551877
0.179053749145913,0,-5.67181007291169
0.226508588779522,0,-5.65772590259697
0.272347334514804,0,-5.64297724282356
0.316479801446326,0,-5.62769316787065
0.358828133841775,0,-5.61201127502581
0.399327123320341,0,-5.59607618031264
0.437924325531619,0,-5.58003799459446
0.474579981583154,0,-5.56405081085091
0.509266755226618,0,-5.54827123142143
0.541969300803369,0,-5.53285696089576
0.572683679921659,0,-5.51796548648066
0.60141664676048,0,-5.50375286326919
0.628184822773243,0,-5.49037261714217
0.653013781412296,0,-5.47797477341481
0.675937062519644,0,-5.46670501487743
0.696995134327928,0,-5.45670396887111
0.716234318840969,0,-5.44810661946503
0.733705693832526,0,-5.44104183786304
0.74946398206153,0,-5.43563202172061
0.763566435664232,0,-5.43199283214928
0.776071721194504,0,-5.43023301572095
0.787038808542916,0,-5.43045429767463
0.796525865061045,0,-5.43275133165047
0.804589154698209,0,-5.43721169054595
0.811281940868905,0,-5.44391588240716
0.816653391146982,0,-5.45293737453773
0.820747481744506,0,-5.46434260819528
0.823601900129356,0,-5.47819098524816
0.825246945077756,0,-5.49453480702622
0.825704425001212,0,-5.51341914429369
0.82498655757798,0,-5.53488161585442
0.823094876621741,0,-5.55895205183542
0.82001915579191,0,-5.585652016326
0.815736363257057,0,-5.61499416294504
0.810209666838907,0,-5.64698139624513
0.803387515506952,0,-5.68160581198601
0.795202830403904,0,-5.71884739047342
0.785572346801335,0,-5.75867241982744
0.774396157415423,0,-5.80103163065939
0.761557517186568,0,-5.84585803064649
0.746922979592258,0,-5.89306443756985
0.730342944390679,0,-5.94254072302964
0.711652705714699,0,-5.99415079692453
0.690674096785283,0,-6.04772938542135
0.667217832021303,0,-6.10307868305684
0.641086647501039,0,-6.15996499310263
0.612079334710187,0,-6.2181155093668
0.579995747976351,0,-6.27721543670266
0.544642840202627,0,-6.33690569532507
0.505841741372083,0,-6.39678150309848
0.463435836593553,0,-6.45639217606082
0.417299722297642,0,-6.51524252424958
0.367348818981222,0,-6.57279623825567
0.313549297477994,0,-6.62848165003612
0.255927838343572,0,-6.68170019516445
0.194580602026615,0,-6.73183778830792
0.129680660474445,0,-6.77827913755244
0.0614830562481299,0,-6.82042476265889
-0.00967335354590843,0,-6.85771015818719
-0.0833680111199763,0,-6.88962618531987
-0.159105240642922,0,-6.91573943860074
-0.236325446891233,0,-6.93571108472098
-0.314420612635876,0,-6.94931258170853
-0.392753277160751,0,-6.95643681190196
-0.470677730787923,0,-6.95710351462645
-0.547561856203244,0,-6.95145844563249
-0.622807952803381,0,-6.9397663323861
-0.695871015597945,0,-6.92239832225753
-0.766273273725549,0,-6.89981512440626
-0.833614252803264,0,-6.87254735018745
-0.897576120017256,0,-6.8411746364597
-0.957924518777008,0,-6.80630501547757
-1.01450544448896,0,-6.76855573143585
-1.06723893032537,0,-6.72853636642949
-1.11611040569089,0,-6.68683479047189
-1.16116058266797,0,-6.64400613709054
-1.20247464702316,0,-6.60056475382932
-1.24017140984007,0,-6.55697889455132
-1.27439293783914,0,-6.51366780461886
-1.30529504249493,0,-6.47100079105621
-1.33303888132654,0,-6.42929785538695
-1.35778381532732,0,-6.38883148473697
-1.37968157687383,0,-6.34982923622154
-1.39887173272984,0,-6.31247680169269
-1.41547837559753,0,-6.27692129765946
-1.4296079429069,0,-6.24327458339941
-1.44134804062256,0,-6.21161646522277
-1.4507671400635,0,-6.18199769409943
-1.45791501445099,0,-6.15444270595815
-1.46282378666051,0,-6.128952088319
-1.46550946830232,0,-6.10550478352455
-1.46597388097392,0,-6.08406005814852
-1.46420686188737,0,-6.06455928089757
-1.46018866701235,0,-6.04692755834894
-1.4538924946995,0,-6.0310752800587
-1.44528706107928,0,-6.0168996227827
-1.43433916528356,0,-6.00428605852433
-1.42101618784758,0,-5.99310990354604
-1.40528846987333,0,-5.98323793592779
-1.38713152414614,0,-5.97453009828478
-1.36652803294553,0,-5.96684129044237
-1.34346959138183,0,-5.96002324476082
-1.31795816022824,0,-5.95392646508534
-1.29000719882777,0,-5.94840219963379
-1.25964245693531,0,-5.94330440926195
-1.22690241428184,0,-5.93849168613156
-1.19183836790889,0,-5.93382907442789
-1.15451417936171,0,-5.92918974478704
-1.11500570587405,0,-5.92445647760132
-1.07339995084003,0,-5.91952291715406
-1.02979397827473,0,-5.91429456804147
-0.98429364285619,0,-5.90868951675647
-0.937012190983679,0,-5.90263887365559
-0.888068788878834,0,-5.89608694272419
-0.837587031179505,0,-5.88899113764172
-0.785693478171906,0,-5.88132167177229
-0.732516262370474,0,-5.87306105637536
-0.678183796407561,0,-5.86420344522119
-0.622823604884229,0,-5.85475386502059
-0.566561293758911,0,-5.84472736982306
-0.509519662575437,0,-5.8341481543227
-0.451817957829178,0,-5.82304865633009
-0.393571260290126,0,-5.81146867309893
-0.334889995236438,0,-5.79945451026576
-0.275879552241636,0,-5.78705817634839
-0.216640000270949,0,-5.7743366303574
-0.157265884128443,0,-5.76135108541497
-0.0978460895160197,0,-5.74816636745325
-0.0384637658318992,0,-5.73485032520006
0.0208037018901341,0,-5.7214732857018
0.0798846780614502,0,-5.70810754854899
0.13871322240957,0,-5.6948269117214
0.197228998196954,0,-5.68170622226614
0.25537714249562,0,-5.66882094600049
0.313108096771954,0,-5.65624675164258
0.370377395080226,0,-5.64405910630913
0.427145406701001,0,-5.63233288085537
0.483377030102448,0,-5.62114196511726
0.539041335590644,0,-5.61055889438984
0.594111154904436,0,-5.60065448956404
0.648562617207566,0,-5.5914975139334
0.702374632346055,0,-5.58315434995854
0.755528323764454,0,-5.57568869897855
0.808006415015297,0,-5.56916130608596
0.859792575256017,0,-5.56362971121034
0.910870730434482,0,-5.55914802586434
0.961224347972499,0,-5.5557667330706
1.01083570363218,0,-5.5535325059512
1.0596851399167,0,-5.55248803826234
1.10775032584805,0,-5.55267187804295
1.15500552833353,0,-5.55411825372848
1.20142090569263,0,-5.55685688052254
1.24696183435184,0,-5.56091273380825
1.29158828033481,0,-5.5663057760321
1.33525422807679,0,-5.57305062392873
1.37790718037339,0,-5.58115614421987
1.41948774495581,0,-5.59062496825908
1.4599293252768,0,-5.60145291954195
1.499157935572,0,-5.61362835252379
1.53709216295791,0,-5.62713140702836
1.57364330206466,0,-5.64193318958382
1.60871569019142,0,-5.65799490123893
1.64220727280073,0,-5.67526694076239
1.6740104298454,0,-5.69368802237565
1.70401309238602,0,-5.71318435790458
1.73210017551139,0,-5.73366896402331
1.75815534706782,0,-5.75504116523389
1.78206314145647,0,-5.77718637142397
1.8037114133231,0,-5.79997621386228
1.82299410710944,0,-5.8232691238736
1.8398142955104,0,-5.8469114324186
1.85408741382938,0,-5.87073905490307
1.86574458987384,0,-5.89457980259454
1.87473594306761,0,-5.91825632977051
1.88103370528279,0,-5.94158968520813
1.88463500331854,0,-5.96440339046168
1.8855641424906,0,-5.9865279199081
1.88387424489443,0,-6.00780541446754
1.87964812510158,0,-6.02809442850919
1.87299832843195,0,-6.04727449335669
1.86406630802132,0,-6.06525028467783
1.85302077024864,0,-6.08195520536131
1.8400552665464,0,-6.09735423701509
1.8253851468572,0,-6.11144596537862
1.80924401212274,0,-6.12426373890205
1.79187980964469,0,-6.13587596638626
1.77355070891574,0,-6.14638559142943
1.75452088233694,0,-6.15592879427741
1.73505630206644,0,-6.16467296551897
1.71542065737059,0,-6.17281397503356
1.69587150000113,0,-6.1805727311199
1.67665673813138,0,-6.18819099797468
1.65801161757129,0,-6.19592642375166
1.64015634367339,0,-6.20404673339041
1.62329449738472,0,-6.21282306391509
1.60761237324049,0,-6.22252246424449
1.5932793078216,0,-6.23339964183664
1.58044897259036,0,-6.24568810662453
1.5692614816445,0,-6.25959092928773
1.55984602809539,0,-6.27527138731633
1.55232363474058,0,-6.29284381249581
1.54680951062013,0,-6.31236497491423
1.54341446736266,0,-6.33382634246976
1.54224488185047,0,-6.35714754498493
1.54340079584411,0,-6.38217135389481
1.54697190641403,0,-6.40866046804815
1.553031400557,0,-6.43629637935986
1.56162779671827,0,-6.46468058400445
1.57277515273526,0,-6.49333840888884
1.58644217205922,0,-6.52172573873782
1.60254088873434,0,-6.54923894865331
1.62091574667965,0,-6.57522835218482
1.64133402158826,0,-6.59901543414004
1.66347866488466,0,-6.61991400634961
1.68694475665581,0,-6.63725515383036
1.71124078589499,0,-6.6504153900639
1.73579585194838,0,-6.65884681317485
1.75997351389279,0,-6.66210731817304
1.7830923511996,0,-6.65988823090207
1.80445237029507,0,-6.65203631762352
1.82336534902644,0,-6.63856722907485
1.83918631433198,0,-6.61966819823507
1.85134288572078,0,-6.59568916377052
1.85935938124695,0,-6.56712314454966
1.86287336889523,0,-6.53457821407682
1.8616435399311,0,-6.49874442013735
1.85554904829625,0,-6.46035926095364
1.8445814905259,0,-6.42017491290472
1.8288313154697,0,-6.37892954319967
1.80847063577688,0,-6.33732403158592
1.78373426588033,0,-6.29600451226265
1.75490048218219,0,-6.25555046585862
1.72227262325872,0,-6.2164676722303
1.68616230811576,0,-6.17918514059647
1.64687478646951,0,-6.14405509968121
1.60469674725473,0,-6.11135519451689
1.55988678018553,0,-6.08129215147234
1.51266858439705,0,-6.05400630969878
1.46322692610616,0,-6.02957655965874
1.41170625111986,0,-6.00802536897904
1.35821175541674,0,-5.98932370601
1.30281261400435,0,-5.97339578517246
1.24554697586286,0,-5.96012364797227
1.18642826297965,0,-5.94935165323572
1.12545227374413,0,-5.94089097656451
1.06260459005955,0,-5.93452421380137
0.997867822867184,0,-5.93001015261383
0.931228297046428,0,-5.92708872975223
0.86268186513381,0,-5.9254861401524
0.792238639568087,0,-5.92492001805941
0.719926534631279,0,-5.92510457747722
0.645793602568385,0,-5.92575558358883
0.569909226280075,0,-5.92659502886439
0.49236428902599,0,-5.92735540464491
0.413270478109208,0,-5.92778348637972
0.33275889556753,0,-5.92764358282378
0.250978147565042,0,-5.92672023114687
0.16809206986542,0,-5.92482034700374
0.0842772243946753,0,-5.9217748586313
-0.000279723908246543,0,-5.91743986620974
-0.0853846661305701,0,-5.91169737254179
-0.170838682728047,0,-5.90445563016044
-0.256440607143574,0,-5.89564914526111
-0.341989488121362,0,-5.88523837245072
-0.427286926878392,0,-5.87320912799222
-0.512139269302353,0,-5.85957174429909
-0.596359634854571,0,-5.84435998562621
-0.679769764126136,0,-5.82762974439669
-0.762201667115563,0,-5.80945753915388
-0.843499055071484,0,-5.78993883817485
-0.923518540673799,0,-5.76918623654039
-1.00213059452774,0,-5.74732751829289
-1.07922025034919,0,-5.72450363840725
-1.15468755645942,0,-5.7008666612824
-1.22844777689065,0,-5.67657769292413
-1.30043135104005,0,-5.65180484289955
-1.37058362597465,0,-5.62672124957866
-1.43886437985756,0,-5.60150319834172
-1.50524715828345,0,-5.57632835769728
-1.56971844749742,0,-5.5513741529439
-1.63227670951945,0,-5.52681629149279
-1.69293130418132,0,-5.50282744861173
-1.75170132223073,0,-5.47957611726046
-1.80861435206605,0,-5.4572256212286
-1.86370520062133,0,-5.43593328688937
-1.91701458656582,0,-5.41584976567924
-1.96858782152678,0,-5.39711849678919
-2.01847349256599,0,-5.37987529757413
-2.06672215680458,0,-5.36424806763938
-2.11338505693541,0,-5.35035659142991
-2.15851286445811,0,-5.33831242328584
-2.2021544558108,0,-5.32821883834926
-2.24435572523798,0,-5.32017083219821
-2.28515843718984,0,-5.31425515171133
-2.3245991203243,0,-5.31055033937382
-2.36270800483116,0,-5.30912677293381
-2.39950800480947,0,-5.31004668209549
-2.43501374785267,0,-5.31336412378477
-2.46923065489275,0,-5.31912489742359
-2.50215407473382,0,-5.32736638173945
-2.5337684796381,0,-5.33811727491657
-2.56404673082393,0,-5.35139722051857
-2.59294942584084,0,-5.36721630264574
-2.62042434348464,0,-5.38557439542631
-2.64640600620012,0,-5.40646035431265
-2.67081538469819,0,-5.4298510400414
-2.69355977472525,0,-5.45571017064874
-2.71453288134875,0,-5.48398700298093
-2.73361515155673,0,-5.51461485289541
-2.75067440104413,0,-5.54750947314614
-2.76556678535483,0,-5.58256731997201
-2.77813816842991,0,-5.61966375393258
-2.78822594237441,0,-5.65865123754181
-2.79566134993146,0,-5.69935761167944
-2.80027235462479,0,-5.74158455418626
-2.8018870915256,0,-5.78510634660764
-2.80033791270469,0,-5.82966909735066
-2.79546601428626,0,-5.8749905893947
-2.7871265955721,0,-5.92076093506249
-2.77519445449716,0,-5.96664422527244
-2.7595698684645,0,-6.01228135132515
-2.74018454784723,0,-6.05729414847096
-2.71700738598925,0,-6.10129095746117
-2.69004967184682,0,-6.14387361997119
-2.65936938955719,0,-6.18464581639581
-2.62507421483638,0,-6.22322252525925
-2.58732284243396,0,-6.25924024374525
-2.54632434998761,0,-6.29236747614462
-2.50233542311766,0,-6.32231489321719
-2.45565542710637,0,-6.34884451286707
-2.40661949484294,0,-6.37177726855042
-2.35558998387345,0,-6.39099842359392
-2.30294680929735,0,-6.40646045037526
-2.24907725907288,0,-6.41818320252848
-2.19436592860054,0,-6.42625143550325
-2.13918536985145,0,-6.43080994246897
-2.08388794748961,0,-6.43205673992655
-2.02879925075368,0,-6.43023484221432
-1.97421324976076,0,-6.4256232011417
-1.92038923130542,0,-6.41852736289143
-1.86755041944754,0,-6.40927032383479
-1.8158840900062,0,-6.39818396821993
-1.76554292811442,0,-6.38560136130095
-1.71664735132593,0,-6.37185006544548
-1.66928852117932,0,-6.35724655357215
-1.62353178611569,0,-6.34209171893176
-1.57942033094029,0,-6.32666742417068
-1.53697884643302,0,-6.31123399470778
-1.49621707252077,0,-6.2960285392397
-1.45713310633643,0,-6.28126397057683
-1.41971640046597,0,-6.2671285999242
-1.38395040565437,0,-6.25378618434499
-1.34981483585071,0,-6.24137631816286
-1.3172875518398,0,-6.2300150725887
-1.28634607326753,0,-6.21979580252182
-1.25696873821474,0,-6.2107900542407
-1.2291355352926,0,-6.20304852188701
-1.20282863623016,0,-6.19660201385534
-1.17803265775728,0,-6.19146240214621
-1.15473468089913,0,-6.18762353839705
-1.1329240541257,0,-6.18506212961086
-1.11259200464637,0,-6.18373857468485
-1.09373107989563,0,-6.18359776973112
-1.07633443927072,0,-6.18456989600787
-1.06039501471262,0,-6.18657120908642
-1.0459045579712,0,-6.18950485171197
-1.03285259249831,0,-6.19326171566997
-1.02122528893505,0,-6.1977213797801
-1.01100428510723,0,-6.20275315181473
-1.00216547424315,0,-6.20821724153275
-0.994677788637349,0,-6.21396608997443
-0.988502009967043,0,-6.21984587649493
-0.983589641614737,0,-6.22569821959383
-0.979881882247021,0,-6.23136208030312
-0.97730874308364,0,-6.23667586777231
-0.975788353215421,0,-6.24147973583638
-0.975226497459404,0,-6.24561804712505
-0.975516429055273,0,-6.24894196817157
-0.976538994601757,0,-6.25131214575641
-0.978163100760415,0,-6.25260140227494
-0.980246541426086,0,-6.25269737731941
-0.98263719057099,0,-6.25150503498147
-0.985174550429619,0,-6.2489489526014
-0.987691628017045,0,-6.24497530758872
-0.990017096303356,0,-6.23955348490266
-0.99197768095354,0,-6.23267723877154
-0.993400700602723,0,-6.22436535769094
-0.994116679204646,0,-6.21466180065748
-0.993961943768942,0,-6.20363529362387
-0.992781120101671,0,-6.19137839671855
-0.990429442843114,0,-6.17800607333575
-0.986774803661389,0,-6.16365381036429
-0.981699472106531,0,-6.14847535356511
-0.975101436427764,0,-6.13264013276943
-0.966895325659443,0,-6.11633045793252
-0.957012888666401,0,-6.09973856925501
-0.945403019943988,0,-6.08306362299487
-0.93203133538057,0,-6.0665086897552
-0.916879313667432,0,-6.05027783455144
-0.899943030479301,0,-6.03457333843364
-0.881231522964696,0,-6.01959311033798
-0.860764831451553,0,-6.00552832566906
-0.838571773574034,0,-5.99256131526503
-0.814687513160769,0,-5.98086371529525
-0.789150992011824,0,-5.97059487577273
-0.762002296949431,0,-5.96190051319025
-0.733280036993521,0,-5.95491158194599
-0.703018806044657,0,-5.94974333020531
-0.671246804888361,0,-5.94649449929795
-0.637983692705609,0,-5.94524662204291
-0.603238732671574,0,-5.94606337489379
-0.567009288915509,0,-5.94898994157351
-0.529279723460547,0,-5.95405235180027
-0.490020732201,0,-5.96125676747456
-0.449189149019328,0,-5.97058869972483
-0.406728237220971,0,-5.98201215297291
-0.362568478036855,0,-5.99546870588666
-0.316628857254818,0,-6.01087655321608
-0.268818643229675,0,-6.02812954652229
-0.219039642515852,0,-6.04709628533631
-0.167188912905186,0,-6.06761932304914
-0.113161907190072,0,-6.0895145638075
-0.0568560138818464,0,-6.11257093760732
0.00182554748504304,0,-6.13655045050678
0.0629695298477838,0,-6.16118871493295
0.126648228605694,0,-6.18619607058583
0.192914904137744,0,-6.21125940817602
0.261799165544428,0,-6.23604480429626
0.333302450984109,0,-6.2602010637744
0.407393769378181,0,-6.28336424319922
0.484005897891722,0,-6.30516319331598
0.563032255543165,0,-6.32522610669097
0.644324690273862,0,-6.34318798998012
0.727692418576271,0,-6.35869889930008
0.812902336982757,0,-6.37143268782527
0.899680878308137,0,-6.38109592575963
0.987717510432999,0,-6.38743657643221
1.07666987407404,0,-6.39025196229668
1.16617043643085,0,-6.38939554408067
1.25583441310742,0,-6.38478207412377
1.34526859797337,0,-6.37639077278812
1.4340806566132,0,-6.36426630767888
1.52188839709762,0,-6.34851751386785
1.6083285385743,0,-6.32931395835935
1.69306455176555,0,-6.30688060155998
1.77579323618378,0,-6.28149092393282
1.85624981175014,0,-6.25345895595887
1.93421142087212,0,-6.22313067127101
2.00949904606924,0,-6.19087518153643
2.08197793742498,0,-6.15707611786957
2.15155670817107,0,-6.12212351015314
2.21818529517991,0,-6.08640639488512
2.28185199715351,0,-6.05030630391799
2.34257980196139,0,-6.0141917171938
2.40042220145108,0,-5.97841350560905
2.4554586722277,0,-5.94330134605991
2.50778997826834,0,-5.90916105849966
2.55753342852189,0,-5.87627279244297
2.60481820132335,0,-5.84488997562564
2.649780828188,0,-5.81523892841791
2.69256091234643,0,-5.78751904259348
2.73329714200443,0,-5.76190342106221
2.7721236443904,0,-5.73853987559591
2.80916671394203,0,-5.71755218205434
2.84454193632532,0,-5.69904149705861
2.87835171940131,0,-5.68308784639051
2.91068323293306,0,-5.66975160347963
2.94160675095848,0,-5.65907488604443
2.971174384632,0,-5.65108280992273
2.9994191891255,0,-5.64578455107378
3.02635462602956,0,-5.64317417920743
3.05197436260181,0,-5.6432312391517
3.07625239104357,0,-5.64592106863168
3.09914345452809,0,-5.65119485338677
3.12058377157703,0,-5.65898943250383
3.14049205616233,0,-5.6692268785389
3.15877083703906,0,-5.68181388867372
3.17530808567569,0,-5.69664103504691
3.18997916702823,0,-5.71358193475219
3.20264913046407,0,-5.73249241298208
3.21317535845734,0,-5.75320974633299
3.22141058719287,0,-5.77555208699967
3.22720630480445,0,-5.79931818162493
3.23041651849958,0,-5.82428750951706
3.2309018603731,0,-5.85022097165947
3.22853397277889,0,-5.87686226163744
3.22320007803901,0,-5.90394003896883
3.21480759566161,0,-5.9311710008137
3.20328862637107,0,-5.95826390671491
3.18860408142282,0,-5.98492455132663
3.17074720492484,0,-6.01086160315596
3.14974622439552,0,-6.03579313794169
3.12566587835475,0,-6.05945360244333
3.09860761483512,0,-6.08160086089955
3.06870833221869,0,-6.10202291706889
3.03613763848468,0,-6.12054388345115
3.00109372513831,0,-6.13702879521305
2.9637980712425,0,-6.15138694094388
2.9244892930086,0,-6.16357349781623
2.88341651992573,0,-6.17358939893835
2.84083270025904,0,-6.18147950486953
2.79698821613563,0,-6.18732927865192
2.75212512846302,0,-6.19126025819743
2.70647228723737,0,-6.19342467295605
2.66024144812018,0,-6.19399956318592
2.61362444497508,0,-6.1931807362522
2.56679139030623,0,-6.19117684558153
2.51988981672382,0,-6.18820381564425
2.47304463408604,0,-6.18447977079507
2.4263587571143,0,-6.18022056462571
2.37991425358148,0,-6.17563595434623
2.33377386951601,0,-6.17092642368377
2.28798280132804,0,-6.1662806279566
2.24257060208866,0,-6.16187341519464
2.19755312794821,0,-6.15786436565326
2.15293444921345,0,-6.15439678689575
2.1087086679264,0,-6.15159710101181
2.06486159938194,0,-6.14957456299491
2.02137228869908,0,-6.14842125362122
1.97821434530123,0,-6.14821229550692
1.93535708805146,0,-6.14900624674937
1.89276650194847,0,-6.1508456322761
1.85040601383191,0,-6.15375757851189
1.80823709958703,0,-6.15775452210033
1.76621973898553,0,-6.16283496814628
1.72431273666349,0,-6.16898427778732
1.68247392893346,0,-6.17617546893077
1.64066029631421,0,-6.18437001772816
1.59882800098757,0,-6.19351865192094
1.55693236706753,0,-6.20356213058442
1.51492781978762,0,-6.21443200809544
1.47276779770267,0,-6.22605138334504
1.43040464998373,0,-6.23833563826186
1.38778952903273,0,-6.25119317260214
1.34487228714615,0,-6.2645261445335
1.30160138491573,0,-6.27823122870091
1.25792381853934,0,-6.29220040503308
1.21378507322183,0,-6.30632179234575
1.16912911030582,0,-6.32048054062326
1.12389839655479,0,-6.3345597945053
1.07803398488311,0,-6.3484417378564
1.03147565658179,0,-6.36200872514572
0.984162135375877,0,-6.37514449978206
0.936031383182857,0,-6.38773549258227
0.887020985967384,0,-6.39967218540461
0.837068635304648,0,-6.41085051619904
0.786112707174366,0,-6.42117329277088
0.734092934051792,0,-6.43055157435936
0.680951159888551,0,-6.43890597346158
0.626632160434627,0,-6.44616782622779
0.571084504287694,0,-6.45228017891067
0.514261423729811,0,-6.45719854095693
0.45612165972354,0,-6.46089136247934
0.396630243032913,0,-6.46334020484738
0.335759173889844,0,-6.46453958715728
0.273487966073741,0,-6.46449650726463
0.209804027631702,0,-6.46322965233963
0.144702859162245,0,-6.46076832904303
0.0781880608143344,0,-6.45715115602674
0.0102711500214145,0,-6.4524245704259
-0.0590287976190393,0,-6.44664120489746
-0.129685662672057,0,-6.43985819236043
-0.201666922521641,0,-6.43213545257293
-0.274934384368384,0,-6.42353400858645
-0.349444973896973,0,-6.41411437321197
-0.425151542320716,0,-6.40393503673294
-0.502003655794395,0,-6.39305107836586
-0.579948333812899,0,-6.38151291596679
-0.658930706934856,0,-6.3693652019906
-0.738894568419611,0,-6.35664586871497
-0.819782799094577,0,-6.34338532271815
-0.901537649512289,0,-6.32960578694217
-0.98410086841665,0,-6.31532078875602
-1.06741367136676,0,-6.30053479323172
-1.15141654839375,0,-6.28524298275521
-1.23604891453064,0,-6.2694311859249
-1.3212486122345,0,-6.25307596086344
-1.40695127989469,0,-6.23614483948255
-1.49308960588786,0,-6.21859674031353
-1.57959249276496,0,-6.20038255728054
-1.66638416104941,0,-6.18144593089686
-1.75338322651735,0,-6.16172420582339
-1.84050178848198,0,-6.141149575534
-1.92764456929475,0,-6.1196504100535
-2.01470814667827,0,-6.09715275758871
-2.10158032055929,0,-6.07358200458452
-2.18813965445751,0,-6.04886467256243
-2.27425522835143,0,-6.02293032349695
-2.35978663508996,0,-5.99571353952154
-2.44458424614164,0,-5.96715593716335
-2.52848976477421,0,-5.93720817179539
-2.61133707598095,0,-5.90583188453615
-2.69295339282487,0,-5.87300154176337
-2.77316068861354,0,-5.83870611694796
-2.85177739395136,0,-5.80295056554751
-2.9286203273395,0,-5.76575704667399
-3.00350681821757,0,-5.72716584990931
-3.07625697246874,0,-5.68723599214275
-3.14669602283946,0,-5.64604545761829
-3.21465670104715,0,-5.6036910641955
-3.27998156479872,0,-5.56028795010081
-3.34252521206855,0,-5.51596868759422
-3.40215631694748,0,-5.4708820425987
-3.45875942634785,0,-5.42519141173799
-3.51223646469713,0,-5.37907297975274
-3.5625079042401,0,-5.33271365011394
-3.60951357108045,0,-5.28630880925779
-3.65321307097227,0,-5.24005998963028
-3.69358583321454,0,-5.19417249839092
-3.73063078493688,0,-5.14885307707412
-3.76436568070595,0,-5.10430765296495
-3.79482612302093,0,-5.06073923581301
-3.82206431737817,0,-5.01834600438632
-3.8461476108497,0,-4.97731961701505
-3.86715686555708,0,-4.93784376935833
-3.88518471814914,0,-4.90009301193053
-3.90033377380032,0,-4.86423183000061
-3.91271477881077,0,-4.83041397977905
-3.92244481015889,0,-4.79878206757988
-3.92964551379394,0,-4.76946735313202
-3.93444141662906,0,-4.74258975426018
-3.93695833044659,0,-4.71825802774129
-3.93732185959234,0,-4.69657010003928
-3.93565601864349,0,-4.67761352156103
-3.93208196128609,0,-4.66146601886572
-3.92671681751195,0,-4.64819612060669
-3.91967263294866,0,-4.63786383463049
-3.91105540157969,0,-4.63052135552113
-3.90096418129083,0,-4.62621378364156
-3.88949028045142,0,-4.62497983841595
-3.87671650307903,0,-4.62685254998008
-3.86271643991948,0,-4.63185991447184
-3.84755379299393,0,-4.64002549895482
-3.83128172171186,0,-4.65136898242733
-3.81394219958184,0,-4.66590661933432
-3.79556537178704,0,-4.68365161170573
-3.77616890548939,0,-4.70461437539967
-3.75575732672618,0,-4.72880268495067
-3.73432134018052,0,-4.75622168038134
-3.71183713104012,0,-4.78687371801665
-3.68826565167495,0,-4.82075804597248
-3.66355190003285,0,-4.85787028374613
-3.63762420158031,0,-4.89820168430909
-3.61039351234975,0,-4.94173815657637
-3.58175276727517,0,-4.98845902628075
-3.55157630550931,0,-5.0383355144737
-3.51971941280315,0,-5.09132891542955
-3.48601803021002,0,-5.14738846004068
-3.45028868817207,0,-5.20644885732393
-3.41232873516519,0,-5.26842751591388
-3.37191694010644,0,-5.33322145987064
-3.32881455704946,0,-5.40070396932196
-3.28276694849898,0,-5.4707209968415
-3.23350586888618,0,-5.54308743541426
-3.18075251099749,0,-5.61758334352541
-3.12422141376344,0,-5.69395026715924
-3.06362531767379,0,-5.77188783681798
-2.99868103192856,0,-5.85105085855803
-2.92911634258527,0,-5.93104715936319
-2.85467794094044,0,-6.01143648519406
-2.77514028406855,0,-6.09173077960245
-2.69031521390056,0,-6.17139618484497
-2.60006205858972,0,-6.24985709728192
-2.50429782461541,0,-6.32650256470678
-2.40300696898766,0,-6.40069522561836
-2.29625013217493,0,-6.47178285237797
-2.1841711333736,0,-6.53911237031737
-2.06700150319191,0,-6.60204599098375
-1.94506187717526,0,-6.65997883938012
-1.81875971316101,0,-6.71235720428919
-1.68858302962681,0,-6.75869633904655
-1.55509017616971,0,-6.79859663108509
-1.41889600604739,0,-6.83175697749703
-1.28065517351181,0,-6.85798436648438
-1.1410435686542,0,-6.87719895954303
-1.00073908062637,0,-6.88943435753477
-0.860402917636104,0,-6.89483315663646
-0.720662607697271,0,-6.89363829288232
-0.582097583066649,0,-6.88618098154114
-0.445227957196589,0,-6.8728662459859
-0.310506785841576,0,-6.85415709163381
-0.178315808335099,0,-6.83055832827521
-0.0489644226993258,0,-6.80260090774796
0.0773085247929485,0,-6.77082745805486
0.200330656742051,0,-6.73577949195081
0.319990248012626,0,-6.69798657299939
0.436229223487674,0,-6.65795755160259
0.549035471670907,0,-6.61617384596221
0.658434907606825,0,-6.57308464045328
0.764483640420493,0,-6.52910380445541
0.867260520914454,0,-6.48460829396481
0.966860268914229,0,-6.43993778106934
1.06338731217689,0,-6.39539525719689
1.15695041057363,0,-6.35124837015811
1.24765809186614,0,-6.30773127792509
1.33561488844344,0,-6.26504683047009
1.42091833739171,0,-6.22336892167223
1.50365668792308,0,-6.1828448843556
1.5839072493938,0,-6.14359783102277
1.66173530830602,0,-6.10572886993539
1.73719354253646,0,-6.06931915002835
1.81032186422315,0,-6.03443170846553
1.88114762804442,0,-6.00111311150378
1.94968614813899,0,-5.96939489275502
2.01594147378379,0,-5.93929480327427
2.07990738047094,0,-5.9108178956052
2.14156853892368,0,-5.8839574690751
2.20090182929917,0,-5.85869590696667
2.25787777148459,0,-5.83500543752626
2.31246204459041,0,-5.81284885085433
2.36461706988109,0,-5.7921802022251
2.41430363132176,0,-5.77294552983547
2.46148250706078,0,-5.75508361123995
2.50611608374181,0,-5.73852677799135
2.54816992391694,0,-5.72320180238341
2.58761425544493,0,-5.70903086381253
2.62442535100765,0,-5.69593259539701
2.65858676616348,0,-5.68382320441324
2.69009040601645,0,-5.6726176531967
2.71893739383464,0,-5.66223088084003
2.74513871985901,0,-5.65257904075659
2.76871565500629,0,-5.64358072536674
2.7896999218987,0,-5.63515814712794
2.80813362413236,0,-5.62723824512789
2.82406894343778,0,-5.61975368841005
2.83756762267008,0,-5.61264375103559
2.84870025980401,0,-5.60585503924262
2.85754544381876,0,-5.59934205742523
2.86418876712763,0,-5.5930676065333
2.86872175094884,0,-5.58700301523777
2.87124071969032,0,-5.58112821039367
2.8718456583596,0,-5.5754316384391
2.87063908349619,0,-5.56991005321547
2.86772495361518,0,-5.56456818815531
2.86320764017162,0,-5.55941833181542
2.85719097494216,0,-5.55447982559883
2.8497773849063,0,-5.5497785013515
2.84106712141581,0,-5.54534607466723
2.83115758685458,0,-5.54121950743681
2.82014275914797,0,-5.53744035073836
2.80811271238901,0,-5.53405407677286
2.79515323041625,0,-5.53110940638988
2.78134550928595,0,-5.52865763694012
2.76676594410465,0,-5.52675197377101
2.75148599547782,0,-5.52544686767377
2.73557213074205,0,-5.52479736000539
2.71908583513667,0,-5.52485843686774
2.70208368795733,0,-5.52568439375044
2.68461749858306,0,-5.5273282121188
2.66673449694623,0,-5.52984094970078
2.64847757262156,0,-5.53327114640952
2.62988555619467,0,-5.53766424803497
2.61099353601333,0,-5.54306204990434
2.59183320287086,0,-5.54950216261517
2.57243321463839,0,-5.55701750176158
2.55281957243814,0,-5.56563580320318
2.53301599963163,0,-5.5753791650008
2.51304431474378,0,-5.58626361660943
2.49292478943785,0,-5.59829871541958
2.47267648282228,0,-5.61148717025336
2.45231754366976,0,-5.62582449109558
2.43186547255883,0,-5.64129866418143
2.41133733647449,0,-5.65788985165363
2.39074992899793,0,-5.67557011542077
2.37011986987044,0,-5.69430316558368
2.34946363839844,0,-5.71404413499321
2.32879753591029,0,-5.73473938306782
2.30813757328042,0,-5.75632633404683
2.28749928046274,0,-5.77873335731173
2.26689743607502,0,-5.80187970031278
2.24634571644854,0,-5.82567548785801
2.22585626529439,0,-5.85002180501131
2.20543918735749,0,-5.87481088440494
2.18510197223867,0,-5.89992642218412
2.16484885805191,0,-5.92524404976261
2.14468014880917,0,-5.95063199060055
2.12459150435738,0,-5.97595193185764
2.10457322720448,0,-6.00106013943369
2.08460957641021,0,-6.02580884086112
2.06467814442935,0,-6.05004789322402
2.04474933775626,0,-6.07362674222643
2.0247860056331,0,-6.09639666347455
2.00474326200305,0,-6.11821325827203
1.98456854338846,0,-6.13893915448356
1.96420193862454,0,-6.15844683990935
1.94357681495075,0,-6.17662153326509
1.92262074892972,0,-6.1933639791325
1.90125675086893,0,-6.20859304106994
1.87940474945553,0,-6.22224796420495
1.85698328146189,0,-6.23429018692962
1.83391131227482,0,-6.24470460132877
1.81011009929091,0,-6.25350019242208
1.78550500390515,0,-6.26071002439895
1.76002716001105,0,-6.2663905834993
1.73361491742565,0,-6.27062052729908
1.70621499608536,0,-6.27349892430845
1.67778330886302,0,-6.27514309249436
1.64828543461252,0,-6.27568615862562
1.61769674574037,0,-6.27527446198741
1.58600221388727,0,-6.2740649173485
1.55319593160653,0,-6.27222243548493
1.5192803965333,0,-6.26991747800384
1.48426560753958,0,-6.26732379958558
1.44816802046578,0,-6.26461640759771
1.41100940533211,0,-6.26196974818758
1.37281563874191,0,-6.25955611063698
1.33361545584453,0,-6.25754422843796
1.29343917693389,0,-6.25609804625506
1.25231741560177,0,-6.25537561627259
1.21027976920996,0,-6.25552808478466
1.16735348895347,0,-6.25669872954421
1.12356212637488,0,-6.25902200965417
1.07892415604325,0,-6.26262259202467
1.03345158015626,0,-6.26761432114008
0.987148529725896,0,-6.27409910175665
0.940009888151083,0,-6.28216566712977
0.892019975559952,0,-6.29188820848452
0.843151345297025,0,-6.30332484502707
0.793363756246428,0,-6.31651591824106
0.74260339521981,0,-6.33148210004908
0.690802431434684,0,-6.34822231211617
0.637878989401164,0,-6.36671146363226
0.583737626890273,0,-6.38689802761638
0.528270400944041,0,-6.40870149138459
0.471358597268889,0,-6.43200973542868
0.412875187171141,0,-6.45667641659329
0.352688061769853,0,-6.48251845618208
0.290664075655567,0,-6.50931376151406
0.226673911067351,0,-6.53679934052827
0.160597747949212,0,-6.56467000313888
0.0923316929969963,0,-6.59257787949076
0.0217948792537357,0,-6.62013302235847
-0.0510629063633079,0,-6.64690539513317
-0.126253280305717,0,-6.67242857204996
-0.203741305177379,0,-6.69620548387843
-0.283437923986951,0,-6.71771651667502
-0.365193307804355,0,-6.7364301964275
-0.448791751406654,0,-6.75181655050454
-0.533948836691019,0,-6.76336301367476
-0.620311607654417,0,-6.77059243965942
-0.707462424831202,0,-6.7730824076023
-0.794926957668324,0,-6.77048462448629
-0.882186417399402,0,-6.76254289754924
-0.968693654220955,0,-6.7491079815441
-1.05389221007736,0,-6.73014768223446
-1.1372369391851,0,-6.70575096388723
-1.21821450040331,0,-6.67612543526108
-1.29636197745307,0,-6.6415883667038
-1.37128211915033,0,-6.60255215875317
-1.44265415975446,0,-6.55950577733166
-1.51023976795657,0,-6.51299398197762
-1.57388425179133,0,-6.46359617436131
-1.63351360884871,0,-6.41190643670846
-1.68912829886307,0,-6.35851591424542
-1.74079472401631,0,-6.30399823182168
-1.78863536447846,0,-6.24889820997774
-1.83281838375304,0,-6.19372381147548
-1.8735473406193,0,-6.13894102260614
-1.91105146095879,0,-6.08497124658398
-1.94557675805959,0,-6.03219073822185
-1.97737815567452,0,-5.98093161570781
-2.00671266652148,0,-5.93148402499116
-2.03383360711734,0,-5.88409908829808
-2.05898578255207,0,-5.83899232927572
-2.08240154650933,0,-5.79634732615596
-2.10429762760173,0,-5.75631939743363
-2.12487260907396,0,-5.71903917019572
-2.14430495226298,0,-5.68461591906921
-2.1627514628312,0,-5.65314059410442
-2.18034611118122,0,-5.62468847953685
-2.19719913344655,0,-5.59932144323443
-2.21339635604675,0,-5.57708974984456
-2.22899870409848,0,-5.55803342043074
-2.24404187115739,0,-5.54218312893386
-2.25853614402812,0,-5.529560632312
-2.27246639098113,0,-5.52017873773599
-2.28579223399809,0,-5.51404081756052
-2.2984484351,0,-5.51113989143601
-2.31034553302072,0,-5.51145730504257
-2.32137076934207,0,-5.51496104626391
-2.33138934279868,0,-5.52160375172826
-2.34024602718025,0,-5.53132046882181
-2.34776718274072,0,-5.54402624980554
-2.35376318403547,0,-5.55961366504212
-2.35803127949782,0,-5.57795033125029
-2.36035889055095,0,-5.59887655825143
-2.36052735100615,0,-5.6222032244065
-2.35831608088419,0,-5.64770999755407
-2.3535071818984,0,-5.67514402565256
-2.34589043333414,0,-5.70421923003308
-2.33526865493428,0,-5.73461634420688
-2.32146338528118,0,-5.76598385134498
-2.3043207975158,0,-5.79793998133924
-2.28371773704279,0,-5.83007592940579
-2.25956771739867,0,-5.86196044639975
-2.23182665223604,0,-5.89314591896113
-2.20049803821175,0,-5.92317599772845
-2.16563724442431,0,-5.95159473825461
-2.1273545219416,0,-5.97795709065184
-2.08581633784098,0,-6.00184041652214
-2.041244677838,0,-6.02285654141885
-1.9939140609684,0,-6.04066369405286
-1.94414616984475,0,-6.05497757258473
-1.8923022073384,0,-6.06558074634574
-1.83877331707251,0,-6.07232967079945
-1.78396961247275,0,-6.07515876791184
-1.7283085079426,0,-6.07408128287289
-1.67220310676898,0,-6.0691869298213
-1.61605136325959,0,-6.0606366316862
-1.56022661268961,0,-6.04865489370262
-1.50506988060812,0,-6.03352049388872
-1.45088417982044,0,-6.01555621656686
-1.39793081363674,0,-5.99511830812007
-1.34642755265834,0,-5.97258622323453
-1.29654845134885,0,-5.94835308574884
-1.24842501986232,0,-5.92281713901393
-1.20214845775422,0,-5.89637432687641
-1.15777267700241,0,-5.86941203951922
-1.11531787958849,0,-5.84230398205516
-1.07477449903412,0,-5.8154060759563
-1.03610735796153,0,-5.7890532789408
-0.999259930139799,0,-5.76355720160503
-0.96415862326918,0,-5.73920440281449
-0.930717017505328,0,-5.71625525564607
-0.898840005247379,0,-5.6949432877243
-0.868427781589352,0,-5.67547491158375
-0.839379634059105,0,-5.65802947086881
-0.811597476984337,0,-5.64275953631196
-0.784989072114978,0,-5.62979139163552
-0.759470874894296,0,-5.6192256545742
-0.73497044653269,0,-5.61113798292418
-0.711428376858771,0,-5.60557982083165
-0.688799672275059,0,-5.60257914708863
-0.667054576888361,0,-5.6021411954457
-0.646178812256768,0,-5.60424912673555
-0.626173240936708,0,-5.60886464354285
-0.607052979509428,0,-5.61592854945429
-0.588846006262868,0,-5.62536126559537
-0.571591325541367,0,-5.63706332630959
-0.555336763588819,0,-5.65091588276339
-0.540136478599593,0,-5.66678124761293
-0.526048270309231,0,-5.68450351567515
-0.513130772059086,0,-5.70390929538031
-0.501440601624636,0,-5.72480858423442
-0.491029537462821,0,-5.74699581968287
-0.481941775915719,0,-5.77025113521551
-0.47421131398757,0,-5.79434185097235
-0.467859493197082,0,-5.81902422855466
-0.462892734061622,0,-5.84404552075661
-0.459300488976841,0,-5.8691463476656
-0.457053443989508,0,-5.89406342948345
-0.45610200695389,0,-5.91853270186263
-0.456375129741635,0,-5.94229282961405
-0.457779523717488,0,-5.96508911777198
-0.460199338049308,0,-5.98667779414947
-0.463496376549173,0,-6.0068306047198
-0.467510927439385,0,-6.02533962384654
-0.472063268835838,0,-6.04202213859948
-0.476955888961082,0,-6.05672542494567
-0.481976423866441,0,-6.06933119951331
-0.486901268639134,0,-6.07975951047374
-0.491499764908973,0,-6.08797183077664
-0.49553881418446,0,-6.09397314029637
-0.498787720512427,0,-6.09781283092998
-0.501023034329097,0,-6.09958433684795
-0.502033157596308,0,-6.09942347365957
-0.501622480843276,0,-6.0975055553134
-0.499614854426998,0,-6.09404143539277
-0.495856244672326,0,-6.08927268073036
-0.490216483723295,0,-6.08346612364081
-0.48259008224968,0,-6.07690805226954
-0.472896129631581,0,-6.06989828820749
-0.461077351744972,0,-6.0627443713203
-0.447098429256265,0,-6.05575603002282
-0.43094369899205,0,-6.04924006761109
-0.412614368925215,0,-6.04349574744484
-0.392125376135101,0,-6.03881071599134
-0.369502009712126,0,-6.03545746547493
-0.344776409745624,0,-6.03369030816503
-0.317984041547491,0,-6.03374281204353
-0.289160232770961,0,-6.03582563193955
-0.2583368511339,0,-6.04012466014534
-0.225539192609983,0,-6.04679941501435
-0.190783144441306,0,-6.05598158425458
-0.154072684164548,0,-6.06777364104989
-0.11539777490649,0,-6.0822474555984
-0.0747327183246214,0,-6.09944283213708
-0.0320350294340398,0,-6.11936591237188
0.0127550982094964,0,-6.14198740078118
0.0597146635037736,0,-6.16724058601438
0.108936986525651,0,-6.19501915597316
0.160530012653951,0,-6.22517483257629
0.214613708274396,0,-6.25751488587546
0.271316466814129,0,-6.29179962626679
0.330770452355498,0,-6.32774001787767
0.393105824710045,0,-6.36499560534946
0.458443817122659,0,-6.40317299934893
0.526888678566448,0,-6.44182522159972
0.59851855009737,0,-6.48045226538346
0.673375422374687,0,-6.5185032778738
0.75145442243189,0,-6.55538080931312
0.832692804156988,0,-6.59044759025506
0.91695916787025,0,-6.62303627669752
1.00404360347522,0,-6.65246252416883
1.09364962345007,0,-6.67804159294674
1.18538889843618,0,-6.69910842636208
1.27877988710108,0,-6.7150407713321
1.37325140947544,0,-6.72528443554127
1.46815199394936,0,-6.72937924453625
1.56276539508221,0,-6.72698376233433
1.65633203730536,0,-6.71789649530991
1.74807535717798,0,-6.70207124553096
1.83723123034164,0,-6.67962461543685
1.92307805740622,0,-6.65083440458451
2.0049648136054,0,-6.61612868013118
2.08233453475826,0,-6.57606644314965
2.15474129634931,0,-6.5313118075532
2.22185961027679,0,-6.48260425105579
2.28348611691144,0,-6.43072768664304
2.33953429393875,0,-6.37648086229054
2.39002350399107,0,-6.32065104723762
2.43506401072064,0,-6.26399226778188
2.47483963262149,0,-6.20720866436745
2.50958954516416,0,-6.15094295878346
2.53959046695982,0,-6.09576959560337
2.56514014711613,0,-6.04219186116777
2.586542760659,0,-5.99064216441885
2.60409654760367,0,-5.94148465280516
2.61808381270851,0,-5.89501939835978
2.62876323950842,0,-5.85148749371133
2.63636435965189,0,-5.81107652189738
2.6410839495156,0,-5.77392599071969
2.64308409206575,0,-5.74013244111285
2.64249163462168,0,-5.70975404316049
2.63939878490478,0,-5.68281457992591
2.63386461182759,0,-5.65930678763055
2.62591724838573,0,-5.63919507195551
2.61555662739822,0,-5.62241765643157
2.60275761341867,0,-5.60888824263752
2.58747342368907,0,-5.59849727583466
2.5696392560748,0,-5.59111291624986
2.54917606179565,0,-5.58658181750268
2.52599441520055,0,-5.58472981131401
2.49999844199565,0,-5.58536259273909
2.47108977164301,0,-5.58826649344091
2.4391714797299,0,-5.59320942227492
2.40415198274537,0,-5.59994204273741
2.36594884180841,0,-5.60819924548931
2.32449242446153,0,-5.61770196105878
2.27972936580634,0,-5.62815934276198
2.23162576315425,0,-5.63927133290143
2.18017003314172,0,-5.65073160665422
2.1253753579991,0,-5.6622308682589
2.06728164925099,0,-5.67346045398342
2.00595696316555,0,-5.68411617699513
1.94149831296597,0,-5.69390233193049
1.87403183796343,0,-5.70253576293188
1.8037123085904,0,-5.70974988942481
1.73072196769867,0,-5.71529857976994
1.65526873095472,0,-5.71895976458896
1.57758379107745,0,-5.72053868895809
1.49791869048188,0,-5.71987071512077
1.41654194329998,0,-5.71682360380735
1.33373529986048,0,-5.71129922124274
1.24978975411096,0,-5.70323463898738
1.16500139729972,0,-5.69260261341891
1.0796672200093,0,-5.6794114498019
0.994080960161903,0,-5.66370427174381
0.90852908782743,0,-5.6455577300408
0.823287009422503,0,-5.62508019552276
0.738615564887532,0,-5.60240948881741
0.654757882107191,0,-5.57771020645782
0.571936643383986,0,-5.55117070793588
0.49035180914384,0,-5.52299983252259
0.410178834058266,0,-5.49342341810385
0.33156740021704,0,-5.46268069702861
0.254640680679645,0,-5.43102064563934
0.179495134665874,0,-5.39869836451782
0.106200823010562,0,-5.36597156522205
0.0348022195645616,0,-5.33309723568436
-0.0346805183582695,0,-5.30032855071504
-0.102249869102966,0,-5.26791208563802
-0.167928914002058,0,-5.23608538061699
-0.231759019403162,0,-5.20507489052905
-0.293797304879975,0,-5.17509434156385
-0.354113971120797,0,-5.14634350113728
-0.412789559808197,0,-5.11900735346948
-0.46991221366798,0,-5.09325565983809
-0.525574998116778,0,-5.0692428709558
-0.579873337237265,0,-5.04710834923165
-0.632902606641517,0,-5.02697685198618
-0.684755915106465,0,-5.00895922205468
-0.73552209610022,0,-4.99315323069095
-0.785283920269799,0,-4.97964451816996
-0.834116531033313,0,-4.96850757992361
-0.882086097910145,0,-4.95980675025868
-0.929248676441848,0,-4.95359714071619
-0.975649259485347,0,-4.94992549593064
-1.02132100231589,0,-4.94883093579299
-1.06628460321063,0,-4.95034555864544
-1.11054782185096,0,-4.9544948857587
-1.15410511975976,0,-4.961298132421
-1.19693740988318,0,-4.97076829547765
-1.23901190610935,0,-4.98291205123302
-1.28028206786796,0,-4.99772946106026
-1.32068763973754,0,-5.01521348537116
-1.3601547911316,0,-5.03534930965486
-1.39859636650404,0,-5.05811348942179
-1.43591226195084,0,-5.08347292449856
-1.47198994959406,0,-5.11138367701538
-1.50670517639079,0,-5.14178965256059
-1.53992286899452,0,-5.17462116997437
-1.57149828060123,0,-5.20979345286893
-1.60127841905938,0,-5.24720508507956
-1.62910379730938,0,-5.28673648328386
-1.65481054682278,0,-5.32824845278493
-1.67823293128078,0,-5.37158090674234
-1.69920629018611,0,-5.41655184453396
-1.71757042941127,0,-5.46295670021724
-1.73317345661724,0,-5.51056818591177
-1.7458760331942,0,-5.55913676493129
-1.75555598035428,0,-5.60839189295353
-1.76211313572476,0,-5.65804415890542
-1.76547430994548,0,-5.70778843699915
-1.76559814373243,0,-5.757308124301
-1.76247961997706,0,-5.80628048228919
-1.75615394968091,0,-5.8543830264386
-1.74669953301834,0,-5.90130081842741
-1.73423970537295,0,-5.94673441855503
-1.71894301866641,0,-5.99040816240255
-1.70102188247029,0,-6.03207834922677
-1.68072949353174,0,-6.07154088372988
-1.65835510677308,0,-6.10863790846247
-1.63421783087035,0,-6.14326300625219
-1.60865925018735,0,-6.1753646380732
-1.58203526619616,0,-6.20494760144251
-1.55470760412475,0,-6.23207243177224
-1.52703543964058,0,-6.25685280596686
-1.4993675683008,0,-6.27945112732951
-1.47203547544968,0,-6.30007256165221
-1.44534757768242,0,-6.31895785058515
-1.41958481091073,0,-6.33637525044842
-1.39499764468312,0,-6.35261193764685
-1.37180451498191,0,-6.36796519337625
-1.35019159227688,0,-6.38273363854661
-1.33031373957434,0,-6.3972087420914
-1.31229646628276,0,-6.4116667777819
-1.29623864694495,0,-6.42636136027044
-1.2822157483041,0,-6.4415166528606
-1.2702832932838,0,-6.45732130891789
-1.26048028632327,0,-6.47392318672582
-1.25283233157133,0,-6.49142486446249
-1.24735419427507,0,-6.50987997802281
-1.24405158666029,0,-6.52929040958878
-1.24292200258667,0,-6.54960436867816
-1.24395447958537,0,-6.570715428829
-1.24712823131969,0,-6.59246261035681
-1.25241016645457,0,-6.61463163006309
-1.25975138964742,0,-6.63695746857954
-1.269082865147,0,-6.65912842993156
-1.28031051143198,0,-6.6807918788695
-1.29331008382906,0,-6.70156183049918
-1.30792228668765,0,-6.72102852291908
-1.32394862973298,0,-6.7387700154837
-1.34114859232402,0,-6.75436571344596
-1.35923866716647,0,-6.76741152085573
-1.37789380098638,0,-6.77753607634358
-1.39675161472211,0,-6.7844172566873
-1.41541956034798,0,-6.78779788618656
-1.43348486455982,0,-6.78749942628796
-1.45052675562414,0,-6.78343240196206
-1.46613012771217,0,-6.77560249287249
-1.47989953919349,0,-6.76411158262817
-1.49147233230273,0,-6.74915357138893
-1.50052973582204,0,-6.73100532388452
-1.50680505991638,0,-6.71001363461666
-1.51008846014495,0,-6.68657944715557
-1.51022815768901,0,-6.66114071087245
-1.50712837652405,0,-6.63415519679996
-1.50074453866882,0,-6.60608437128048
-1.49107642082757,0,-6.57737911251872
-1.47816002469516,0,-6.54846772231104
-1.4620588736797,0,-6.51974638767072
-1.44285535304434,0,-6.49157201606189
-1.42064258846898,0,-6.4642572132207
-1.39551723229471,0,-6.43806708856409
-1.36757341096141,0,-6.41321754640646
-1.33689798766365,0,-6.38987473565885
-1.30356721218685,0,-6.36815537151399
-1.26764476353651,0,-6.3481276976841
-1.229181137577,0,-6.32981291786252
-1.18821428869165,0,-6.31318698367052
-1.14477139926725,0,-6.29818267894001
-1.09887162213561,0,-6.28469198381323
-1.05052961816409,0,-6.27256873507546
-0.999759693675637,0,-6.26163162057906
-0.946580330324713,0,-6.25166755554995
-0.891018893607777,0,-6.24243548769338
-0.833116305525281,0,-6.23367066754663
-0.772931472120866,0,-6.22508940210155
-0.710545267654146,0,-6.21639428523403
-0.646063893838349,0,-6.2072798699047
-0.579621454608681,0,-6.19743871637968
-0.511381613935964,0,-6.18656771969534
-0.441538235893819,0,-6.17437458998586
-0.370314942146887,0,-6.16058433273009
-0.297963561804088,0,-6.14494555413283
-0.224761491553986,0,-6.12723640140603
-0.151008029202764,0,-6.10726994051078
-0.0770197896826996,0,-6.08489877670431
-0.00312535715023599,0,-6.06001873757636
0.0703406328693652,0,-6.03257146508076
0.143043754519155,0,-6.00254580233864
0.214656147214498,0,-5.96997791129178
0.284862709352271,0,-5.93495011568452
0.353366881790267,0,-5.89758852599948
0.419895797278442,0,-5.85805956349207
0.484204611448017,0,-5.81656555373794
0.546079881952604,0,-5.77333960111613
0.605341920199079,0,-5.72863998070277
0.661846099275474,0,-5.68274429156151
0.715483156880683,0,-5.63594360579171
0.766178578770189,0,-5.58853682342939
0.813891183470178,0,-5.54082540813339
0.858611051369994,0,-5.4931086370987
0.900356951059471,0,-5.44567945518246
0.939173414368965,0,-5.39882098172709
0.975127601323696,0,-5.35280368183798
1.00830607977813,0,-5.30788318368873
1.03881162442871,0,-5.26429870054321
1.06676011849028,0,-5.22227200045246
1.09227762031736,0,-5.18200685734426
1.11549763792332,0,-5.14368891337197
1.13655863742289,0,-5.10748588282233
1.15560179728806,0,-5.07354803130117
1.17276900894434,0,-5.04200886943718
1.18820111552333,0,-5.01298600694489
1.2020363742019,0,-4.98658211995985
1.21440912315413,0,-4.96288599157674
1.22544863135961,0,-4.94197359212021
1.23527810801176,0,-4.92390917164249
1.24401384777494,0,-4.90874634223796
1.25176448836484,0,-4.8965291321167
1.25863035772763,0,-4.88729299674784
1.26470288929624,0,-4.88106577492398
1.27006408532292,0,-4.87786857930723
1.27478601008381,0,-4.87771661187487
1.27893029678822,0,-4.88061989487912
1.28254765434507,0,-4.88658390738677
1.28567736276619,0,-4.89561011638422
1.28834674899896,0,-4.90769638982136
1.29057063844314,0,-4.92283727705586
1.29235078140637,0,-4.94102414002666
1.29367525835093,0,-4.9622451163996
1.2945178730326,0,-4.98648489406842
1.2948375485246,0,-5.01372427513772
1.29457774761757,0,-5.04393950706724
1.29366594605445,0,-5.07710135946609
1.29201319430113,0,-5.11317392734074
1.28951381077874,0,-5.15211314573923
1.28604525631009,0,-5.1938650069995
1.28146824554879,0,-5.23836348022034
1.27562715590037,0,-5.28552814322401
1.26835079747452,0,-5.33526155004003
1.25945360858182,0,-5.38744637147097
1.24873733994511,0,-5.44194236236179
1.23599328706112,0,-5.49858322629767
1.22100512404385,0,-5.55717346637982
1.20355238394147,0,-5.61748532924155
1.18341462000668,0,-5.6792559686957
1.16037626959323,0,-5.74218497560173
1.1342322266691,0,-5.80593244222903
1.1047941091744,0,-5.87011775296305
1.0718971816065,0,-5.93431931860776
1.0354078584707,0,-5.99807549773722
0.995231667180872,0,-6.06088697278165
0.951321486231219,0,-6.12222086553443
0.903685793652451,0,-6.18151687813113
0.852396562207278,0,-6.23819571958271
0.797596326531884,0,-6.29167001020969
0.739503835405298,0,-6.34135773196033
0.678417610017452,0,-6.38669810015171
0.614716685267915,0,-6.42716946976661
0.548857849535655,0,-6.46230857155108
0.48136885006135,0,-6.4917300364189
0.412837312879233,0,-6.51514487054251
0.343895527981602,0,-6.53237636245824
0.275201726484998,0,-6.54337190916817
0.207418947917753,0,-6.54820948478368
0.141192965898361,0,-6.54709793696858
0.0771309229249225,0,-6.54037091850369
0.0157822721342276,0,-6.52847493176986
-0.0423766554473211,0,-6.51195255487067
-0.0969535826089865,0,-6.49142232373974
-0.147646352334505,0,-6.46755691058123
-0.194244246779926,0,-6.44106117138214
-0.236625056882557,0,-6.41265138820291
-0.274748643074404,0,-6.38303668336641
-0.3086478328961,0,-6.35290320897621
-0.338417495071859,0,-6.32290137437857
-0.364202548455063,0,-6.2936360993597
-0.386185544287921,0,-6.26565988268555
-0.40457433021717,0,-6.2394683489786
-0.419590183600427,0,-6.2154978686818
-0.431456700075567,0,-6.19412482065609
-0.440389644686812,0,-6.17566607111168
-0.446587916260142,0,-6.16038026578021
-0.450225738049117,0,-6.14846956774791
-0.451446164693386,0,-6.14008151757433
-0.450355982795135,0,-6.1353107436426
-0.447022075577602,0,-6.13420030877466
-0.441469317165276,0,-6.13674254391472
-0.433680055536919,0,-6.14287929068605
-0.423595232308037,0,-6.15250155066437
-0.411117170181705,0,-6.16544861811813
-0.396114033992016,0,-6.18150685188691
-0.378425938430446,0,-6.20040831763708
-0.357872635017265,0,-6.2218296005669
-0.334262662946637,0,-6.24539114763575
-0.307403792940228,0,-6.27065754460965
-0.277114529084526,0,-6.29713916344769
-0.243236358776042,0,-6.32429562529728
-0.205646353176397,0,-6.35154150661474
-0.164269619404817,0,-6.37825466032354
-0.119090994857996,0,-6.40378741700223
-0.0701652649827657,0,-6.42748075862943
-0.0176251001333388,0,-6.44868130967406
0.0383141232822112,0,-6.46676066982095
0.0973533896490464,0,-6.48113624287129
0.159113582577046,0,-6.4912923475648
0.223143749657724,0,-6.49680010289579
0.288933899312167,0,-6.49733444780212
0.355931627383838,0,-6.49268675230571
0.423561398072304,0,-6.48277182906904
0.491244968868266,0,-6.46762872149193
0.558421331051357,0,-6.44741532581211
0.624564662381614,0,-6.42239756483832
0.689199121583589,0,-6.39293434248815
0.751909772209176,0,-6.35945978997216
0.812349405727576,0,-6.3224643495056
0.870241452840629,0,-6.28247607103517
0.925379474257804,0,-6.24004319688681
0.977623891821222,0,-6.19571875959377
1.02689667238585,0,-6.15004758532265
1.07317464121767,0,-6.10355582012743
1.1164820135936,0,-6.05674289510262
1.15688262267742,0,-6.01007571758581
1.19447220992852,0,-5.96398480675273
1.22937104379774,0,-5.91886206747492
1.26171704874243,0,-5.87505990109543
1.29165956039517,0,-5.83289137362498
1.31935377220681,0,-5.79263119197603
1.34495590114978,0,-5.75451727167195
1.36861907219556,0,-5.71875271170101
1.39048990075,0,-5.68550802234184
1.41070573717592,0,-5.65492347920944
1.42939252663815,0,-5.627111501409
1.44666322992143,0,-5.60215897364889
1.46261674605972,0,-5.58012945159451
1.47733727521669,0,-5.56106520674384
1.49089405999257,0,-5.54498908175612
1.50334144494622,0,-5.53190613952439
1.51471919735874,0,-5.52180509940357
1.52505303685183,0,-5.51465956200776
1.53435532712851,0,-5.51042903007713
1.54262588956668,0,-5.50905973726929
1.54985290539984,0,-5.51048529971104
1.55601388054072,0,-5.51462720705731
1.56107665452824,0,-5.52139517102904
1.56500044240743,0,-5.5306873503426
1.5677369054031,0,-5.54239047194328
1.56923125282391,0,-5.55637986986914
1.56942338351576,0,-5.57251946521638
1.56824908013412,0,-5.59066171374437
1.56564127323171,0,-5.61064755181154
1.56153139433426,0,-5.63230637655658
1.55585083741944,0,-5.65545610242371
1.54853254612124,0,-5.67990334291323
1.53951273914018,0,-5.70544377327462
1.52873277839071,0,-5.73186273590306
1.51614117311476,0,-5.75893615435809
1.50169569852345,0,-5.78643182280591
1.48536558982749,0,-5.81411113374145
1.46713375260782,0,-5.84173129646106
1.44699890979058,0,-5.86904808054517
1.42497758612442,0,-5.89581909173621
1.40110581572196,0,-5.92180755220002
1.37544045001053,0,-5.94678651475099
1.34805994537968,0,-5.9705433943692
1.31906452428486,0,-5.99288465506585
1.2885756315725,0,-6.01364045192417
1.25673464832706,0,-6.03266900342156
1.22370087530126,0,-6.04986046350663
1.18964885152375,0,-6.06514007973433
1.15476512418648,0,-6.07847046305628
1.11924462645983,0,-6.0898528528415
1.08328684488247,0,-6.09932733015483
1.04709196438673,0,-6.10697200394602
1.01085716703915,0,-6.11290125901813
0.974773233504164,0,-6.11726320348455
0.939021559677116,0,-6.12023648196191
0.903771661504316,0,-6.12202662772397
0.869179204992165,0,-6.12286211467167
0.835384570609688,0,-6.12299024307691
0.802511944337149,0,-6.12267295780883
0.770668921721075,0,-6.12218266051366
0.739946614444231,0,-6.12179804349951
0.710420257329658,0,-6.12179994685525
0.68215032250724,0,-6.12246722376129
0.655184151510857,0,-6.12407259230999
0.629558110704411,0,-6.12687845411185
0.605300257374851,0,-6.13113266807185
0.582433471863396,0,-6.13706427897085
0.560978966587301,0,-6.14487921205035
0.540960029801689,0,-6.15475595466531
0.522405806920332,0,-6.1668412534329
0.50535487318849,0,-6.18124586077731
0.48985831681228,0,-6.19804037008738
0.475982038403376,0,-6.21725118618097
0.463807985189091,0,-6.23885668957556
0.453434077491266,0,-6.26278367064285
0.444972647031926,0,-6.28890413340559
0.438547284810655,0,-6.31703259797014
0.434288081891899,0,-6.34692406430183
0.432325331046841,0,-6.37827283731378
0.432781834969478,0,-6.41071245343474
0.435764036167313,0,-6.44381699139143
0.441352247981039,0,-6.47710409309638
0.449590333159354,0,-6.51004005945971
0.460475255701534,0,-6.54204741034633
0.473947031369869,0,-6.57251529011216
0.489879723810131,0,-6.60081303450591
0.508074265710173,0,-6.62630706021253
0.528253999616833,0,-6.64838096595262
0.550063883714143,0,-6.66645833026235
0.573074233486186,0,-6.68002717547449
0.596789613033707,0,-6.68866450919786
0.620663021524828,0,-6.69205887674894
0.644114871022586,0,-6.69002861731642
0.666555526769183,0,-6.6825336550017
0.687409545988409,0,-6.66967923534981
0.706139383854456,0,-6.65171097091912
0.722266355113177,0,-6.62900168788245
0.735387054680599,0,-6.60203160252436
0.745184139162742,0,-6.57136406356439
0.751431169024609,0,-6.5376193487008
0.75399192264981,0,-6.50144881966777
0.752815093618746,0,-6.46351124789809
0.7479255306619,0,-6.42445249480047
0.739413207148012,0,-6.3848891194285
0.727420983813851,0,-6.34539598965616
0.712132030818165,0,-6.30649762882788
0.693757563778747,0,-6.26866283124066
0.67252536043664,0,-6.23230199591597
0.648669375561057,0,-6.19776662186594
0.622420661856702,0,-6.16535044698589
0.593999725749095,0,-6.13529177338844
0.563610388071208,0,-6.10777659012928
0.531435171024192,0,-6.08294217253647
0.497632187577074,0,-6.06088090275204
0.462333464694899,0,-6.04164411748252
0.425644587726847,0,-6.02524584556771
0.387645512593831,0,-6.01166634856695
0.348392358785747,0,-6.00085542051749
0.307919973174012,0,-5.99273543675969
0.266245044760262,0,-5.98720416525943
0.223369554589315,0,-5.98413736729579
0.17928436230689,0,-5.98339121899978
0.133972758909252,0,-5.98480458325279
0.0874138506867819,0,-5.98820115576558
0.039585678318995,0,-5.99339150250552
-0.00953198639141839,0,-6.00017500043148
-0.0599551889628358,0,-6.00834169117808
-0.111693680461376,0,-6.0176740584804
-0.16474912002747,0,-6.02794874436423
-0.219113554868976,0,-6.03893822535286
-0.274768137951283,0,-6.05041247671047
-0.331682047980305,0,-6.0621406584492
-0.389811586271539,0,-6.07389285999015
-0.449099438775178,0,-6.08544193990138
-0.509474106784173,0,-6.0965654922447
-0.570849524701639,0,-6.1070479615342
-0.633124895845343,0,-6.1166829142932
-0.69618478606186,0,-6.12527545735092
-0.759899518669915,0,-6.13264477243103
-0.82412591209128,0,-6.13862671474326
-0.888708393071273,0,-6.14307640209115
-0.953480503799057,0,-6.14587070259568
-1.01826680131604,0,-6.14691051577404
-1.08288512382773,0,-6.14612273551196
-1.14714917301908,0,-6.14346178604247
-1.21087133679649,0,-6.1389106342242
-1.27386565580354,0,-6.1324812029381
-1.33595082214329,0,-6.12421413984236
-1.39695309195026,0,-6.11417793045319
-1.45670899579698,0,-6.10246738117424
-1.51506774225249,0,-6.08920153275622
-1.57189322895824,0,-6.07452109424426
-1.6270656001472,0,-6.05858550904896
-1.6804823168528,0,-6.04156977678471
-1.73205873331912,0,-6.0236611566244
-1.78172819779288,0,-6.00505587104235
-1.82944171609575,0,-5.98595591471582
-1.87516723106215,0,-5.96656605432416
-1.91888857978275,0,-5.9470910834461
-1.96060419400116,0,-5.92773337490012
-2.00032560783114,0,-5.90869075244027
-2.03807583230177,0,-5.89015468593025
-2.07388764926051,0,-5.87230879967084
-2.10780186902846,0,-5.85532767256994
-2.1398655877672,0,-5.83937590127556
-2.17013047257076,0,-5.8246073927464
-2.19865109529145,0,-5.81116485057225
-2.22548333037684,0,-5.79917941907506
-2.25068282765412,0,-5.78877045032656
-2.27430356805929,0,-5.78004536124245
-2.29639650866752,0,-5.7730995505174
-2.31700832289251,0,-5.76801634806354
-2.33618024218142,0,-5.76486697264578
-2.35394700670399,0,-5.7637104765035
-2.37033593419215,0,-5.76459365888185
-2.3853661179968,0,-5.76755093359984
-2.39904776735126,0,-5.77260413915782
-2.41138170457505,0,-5.77976228348578
-2.42235903531607,0,-5.78902121937812
-2.43196100876514,0,-5.80036325100761
-2.44015908496293,0,-5.81375667671306
-2.4469152257615,0,-5.82915527854587
-2.45218242466554,0,-5.84649777479404
-2.45590548862318,0,-5.86570725786288
-2.45802208186306,0,-5.88669064638336
-2.45846403808018,0,-5.90933818712724
-2.45715894262695,0,-5.93352304909362
-2.45403198078462,0,-5.95910105882321
-2.44900804156012,0,-5.9859106323084
-2.44201405857736,0,-6.0137729644438
-2.43298156023914,0,-6.04249254132606
-2.42184939023056,0,-6.07185804307663
-2.40856654638427,0,-6.10164370435864
-2.39309507099785,0,-6.13161119513146
-2.37541290919897,0,-6.16151207410889
-2.35551663475937,0,-6.19109085042325
-2.33342392635516,0,-6.22008866394065
-2.30917566381433,0,-6.24824756092754
-2.28283750622711,0,-6.27531529970116
-2.25450081508479,0,-6.30105057239022
-2.22428279891364,0,-6.32522847762557
-2.1923257833888,0,-6.34764603033356
-2.15879555325243,0,-6.36812745562386
-2.12387876776184,0,-6.38652899131428
-2.08777951547608,0,-6.4027429241798
-2.05071514014577,0,-6.41670061230054
-2.0129115290387,0,-6.42837429980616
-1.97459809996181,0,-6.43777760634434
-1.936002747006,0,-6.44496466321585
-1.89734700428625,0,-6.45002796026178
-1.85884166219634,0,-6.45309505082828
-1.82068302615845,0,-6.45432432688632
-1.78304995038699,0,-6.45390011658156
-1.74610171675754,0,-6.4520273703848
-1.70997676897733,0,-6.4489261917961
-1.67479226070656,0,-6.4448264393972
-1.64064433661028,0,-6.43996258553059
-1.6076090387422,0,-6.43456896973118
-1.57574371649103,0,-6.4288755379626
-1.5450888146191,0,-6.42310411595113
-1.51566991815417,0,-6.41746522901728
-1.48749994245997,0,-6.4121554528747
-1.46058136941727,0,-6.40735525988558
-1.43490844448711,0,-6.4032273124833
-1.41046926322872,0,-6.39991514878662
-1.38724768881954,0,-6.39754220360839
-1.36522505387513,0,-6.39621110993759
-1.34438161028283,0,-6.39600323053645
-1.32469769991797,0,-6.39697837571757
-1.30615462718013,0,-6.39917467099122
-1.28873522149465,0,-6.40260854661123
-1.27242408449368,0,-6.40727482971185
-1.25720752273193,0,-6.41314692844062
-1.24307317267742,0,-6.42017710600667
-1.23000933049131,0,-6.42829685069495
-1.21800400489184,0,-6.43741735549817
-1.20704371726977,0,-6.44743012790026
-1.19711207927302,0,-6.45820775639139
-1.188188184369,0,-6.46960486530886
-1.1802448564902,0,-6.48145929339691
-1.17324680581504,0,-6.49359353377735
-1.16714874904461,0,-6.50581647349243
-1.16189355914647,0,-6.51792546895213
-1.15741051726963,0,-6.5297087889274
-1.15361374701977,0,-6.54094844849609
-1.15040091789305,0,-6.55142344484312
-1.14765230944842,0,-6.56091338838467
-1.14523032944882,0,-6.56920249991772
-1.14297957610428,0,-6.57608391644347
-1.14072752491604,0,-6.58136421581583
-1.13828590275614,0,-6.58486803528841
-1.13545278452533,0,-6.58644262442789
-1.13201541080522,0,-6.58596214294757
-1.1277536796129,0,-6.58333149382492
-1.1224442147547,0,-6.578489476711
-1.11586486222281,0,-6.57141106035102
-1.10779942081335,0,-6.56210860766709
-1.09804238032574,0,-6.55063194243691
-1.08640342609581,0,-6.5370672178011
-1.07271147581972,0,-6.52153462662912
-1.05681804402855,0,-6.50418507255665
-1.0385997780673,0,-6.48519598848958
