0,0,0,0,0,0,0
-1.29143424845779,-0.769041387880606,-0.342380135033886,-0.0868907606423893,0.0125692790967637,0.0209976903062598,0.00545402416757629
-2.58312432029489,-1.53859962081415,-0.685353747269577,-0.174264743737466,0.0248604374212121,0.0418953523179615,0.0108935201496414
-3.87533975573669,-2.30919910759717,-1.02951716480232,-0.262605647365079,0.0365955016159797,0.0625930440461803,0.016303964423771
-5.16834139420421,-3.0813578707523,-1.37546284168591,-0.352395690965537,0.0474964417609903,0.0829904086832216,0.0216706900345268
-6.4623886608327,-3.85559128543292,-1.72378050450767,-0.444115651644761,0.0572852639819694,0.102986659517958,0.0269788641725375
-7.75773888040608,-4.63241107598547,-2.07505618708725,-0.538244358549336,0.0656840325796292,0.122480438155065,0.0322134321170399
-9.05464681200797,-5.41232445095912,-2.42987132611999,-0.635258194797358,0.0724149038257991,0.141369680298666,0.0373590621734749
-10.3533641329938,-6.19583321462878,-2.78880184431613,-0.73563058670284,0.0772001696599275,0.159551484039587,0.0424000898500786
-11.6541389383471,-6.98343290559195,-3.15241724981246,-0.839831485414207,0.0797623200304646,0.176921989748511,0.0473204642385246
-12.9572152627936,-7.77561195248014,-3.52127973741226,-0.948326837419091,0.0798241149114745,0.19337625985824,0.0521036918146619
-14.2628325959804,-8.57285084599204,-3.89594330146559,-1.06157804412959,0.0771086772554652,0.208808170332229,0.0567327818213112
-15.5712254220786,-9.37562134156973,-4.27695286360024,-1.18004141135461,0.0713396040945059,0.223110309883802,0.0611901913662073
-16.882622767921,-10.1843856868304,-4.66484341476398,-1.30416758805411,0.0622410976920321,0.236173888377586,0.0654577704839213
-18.197247776295,-10.9995958862602,-5.06013917890956,-1.4344009963818,0.0495381177586574,0.247888655326342,0.0695167071792397
-19.5153172757146,-11.8216929884792,-5.46335279355036,-1.5711792520512,0.0329565552673471,0.258142828703408,0.0733474722934618
-20.8370413657979,-12.6511064101916,-5.8749845158211,-1.71493257810262,0.0122234283753161,0.266823034952552,0.0769297642345369
-22.1626230485009,-13.4882533179363,-6.29552146643287,-1.86608321681737,-0.0129328994928463,0.273814261125476,0.0802424536608299
-23.4922578416277,-14.333538031892,-6.72543689788991,-2.02504483741397,-0.0427824797820094,0.278999818822811,0.0832635278852209
-24.8261334271146,-15.1873514862525,-7.16518950603738,-2.19222194692699,-0.077593517612289,0.282261321161155,0.0859700352484831
-26.164429346915,-16.0500707569374,-7.61522279361471,-2.3680093093837,-0.117632090351787,0.283478673363432,0.088338029602745
-27.5073166637069,-16.9220586087244,-8.07596446691793,-2.55279137025583,-0.163161846973642,0.282530076541587,0.0903425147975858
-28.8549577003146,-17.8036631339867,-8.54782590342585,-2.74694170081676,-0.214443690034424,0.27929204656597,0.091957389851002
-30.2075057596064,-18.6952174253619,-9.03120166720484,-2.95082245879936,-0.271735441814081,0.273639447542084,0.0931553948733173
-31.5651049027636,-19.5970393324157,-9.52646910000517,-3.16478387786389,-0.335291497105218,0.265445541477412,0.0939080585743662
-32.9278897178397,-20.509431262341,-10.0339879730639,-3.38916378514978,-0.405362464541293,0.254582054348408,0.0941856478955765
-34.2959851444631,-21.4326800670561,-10.5541002240937,-3.62428715907885,-0.482194799506209,0.24091926027849,0.0939571209739565
-35.6695062931912,-22.3670569798801,-11.0871297655318,-3.87046572717994,-0.566030430634242,0.224326084628481,0.093190084532816
-37.0485583180969,-23.3128176390393,-11.6333823858549,-4.12799761558937,-0.657106383161967,0.204670228146089,0.0918507574894481
-38.4332362658678,-24.2702021502576,-12.1931457235776,-4.39716704738278,-0.755654400446283,0.181818313741722,0.0899039425861106
-39.8236250140807,-25.239435258703,-12.7666893513967,-4.67824410673883,-0.861900567575164,0.15563605920243,0.0873130088119186
-41.2197991711821,-26.2207265490237,-13.3542649318657,-4.9714845587622,-0.976064936528056,0.125988478332659,0.084039887290989
-42.6218230140098,-27.2142707187405,-13.9561064676476,-5.27712973552945,-1.0983611547079,0.0927401151159235,0.0800450844557686
-44.0297504596568,-28.2202479197951,-14.5724306432627,-5.59540648890688,-1.22899609644627,0.0557553158915619,0.0752877167860409
-45.4436250269774,-29.2388241348384,-15.2034372387776,-5.92652720275315,-1.36816949408012,0.0148985457990355,0.0697255721078541
-46.8634798274642,-30.270151606657,-15.8493096199641,-6.27068986396852,-1.51607356479952,-0.0299652424018308,0.0633152034909904
-48.2893375447838,-31.3143692853989,-16.5102152789887,-6.6280781775719,-1.67289262422047,-0.0789701772294568,0.0560120625930493
-49.7212104238379,-32.3716032945514,-17.1863064146069,-6.99886171300601,-1.83880267502187,-0.132248962586125,0.0477706804711723
-51.1591002393432,-33.4419673799383,-17.8777205170629,-7.38319605497069,-2.01397095194965,-0.189932281488112,0.0385449049533521
-52.6029982415185,-34.5255633185675,-18.5845809233866,-7.78122292625833,-2.19855539812335,-0.252148089942309,0.0282882049493803
-54.0528850448884,-35.6224812369387,-19.3069972868425,-8.19307023374278,-2.39270403728594,-0.319020776619913,0.016954053371971
-55.5087304362853,-36.7327997862289,-20.0450658935529,-8.61885197488875,-2.59655419532272,-0.390670158031653,0.00449640175105734
-56.9704930780815,-37.8565861108331,-20.7988697418697,-9.05866792358179,-2.81023151007576,-0.467210271737588,-0.0091297389482306
-58.4381200177876,-38.9938954897588,-21.5684782546222,-9.5126029808385,-3.03384864767928,-0.54874792093104,-0.0239675953409701
-59.911545956146,-40.1447705393944,-22.3539464813077,-9.98072605339376,-3.2675036235409,-0.635380913392205,-0.0400577890217758
-61.3906921583563,-41.3092397992193,-23.1553135891883,-10.463088278093,-3.51127759680118,-0.727195924926527,-0.05743733550078
-62.875464866122,-42.4873154762355,-23.972600390949,-10.959720363858,-3.76523197451027,-0.824265902622344,-0.0761384644963438
-64.3657530969991,-43.6789901102187,-24.8058056190719,-11.4706287797873,-4.02940462792917,-0.926646907444399,-0.0961872403631394
-65.8614254741946,-44.8842317182543,-25.6549005079657,-11.9957904204914,-4.3038049689258,-1.03437427485036,-0.117601960406955
-67.3623259489114,-46.102977078555,-26.5198212628988,-12.5351453552787,-4.58840760321457,-1.14745795606447,-0.140391308756184
-68.8682679212311,-47.3351225215194,-27.4004587881259,-13.0885871396365,-4.88314421058438,-1.26587687981723,-0.164552243494692
-70.3790264493599,-48.5805116656687,-28.2966450436173,-13.6559501337088,-5.18789327037971,-1.38957216138697,-0.190067596601829
-71.8943278721951,-49.8389192323374,-29.2081351868405,-14.2369931457135,-5.50246719081095,-1.5184389702809,-0.216903368834054
-73.4138363528337,-51.1100301492423,-30.1345846700456,-14.8313787086152,-5.82659639331991,-1.65231687184881,-0.245005707772658
-74.9371365979314,-52.3934129475118,-31.075520333998,-15.4386472399394,-6.15990989465858,-1.79097847211897,-0.274297566111752
-76.4637120066883,-53.6884864522961,-32.0303045555895,-16.0581853746263,-6.50191198155347,-1.93411623912225,-0.304675051712757
-77.9929175349699,-54.9944788348044,-32.998091613567,-16.6891878888289,-6.8519546938656,-2.08132745626216,-0.336003502789443
-79.5239466450876,-56.3103782718069,-33.9777756768302,-17.330612886613,-7.20920604896773,-2.23209739741663,-0.368113353334652
-81.0557918227034,-57.6348747565545,-34.9679302221253,-17.9811303343582,-7.57261427817122,-2.38578101256799,-0.400795898139863
-82.5871987322721,-58.9662933762199,-35.9667394910157,-18.63906473954,-7.9408688751775,-2.54158370290343,-0.433799128333466
-84.1166143925636,-60.3025201120886,-36.9719235202332,-19.302333655073,-8.31235993244699,-2.69854213401893,-0.466823886001614
-85.6421309528583,-61.640922778462,-37.9806598475878,-19.968385017333,-8.68513817397658,-2.85550651518864,-0.499520685336619
-87.161427481495,-62.9782712038884,-38.9895066589329,-20.6341377985963,-9.05687914045101,-3.01112630483361,-0.531487658078252
-88.671713911624,-64.3106630349024,-39.9943343733129,-21.2959322659845,-9.42485618293599,-3.16384187316201,-0.562270198699317
-90.169682543591,-65.633463517605,-40.9902746944064,-21.9494977950309,-9.78592798804845,-3.31188512887435,-0.591362983633971
-91.6514743374876,-66.9412698578672,-41.9716981654219,-22.5899476308547,-10.1365471553515,-3.45329239549049,-0.618215095450594
-93.1126680890664,-68.227911885141,-42.9322321568245,-23.2118104515503,-10.4727964014792,-3.58593267941411,-0.642238949939611
-94.5483010283876,-69.4865008121314,-43.8648307520246,-23.809107721074,-10.7904579783717,-3.70755374186892,-0.662823562878029
-95.9529282600012,-70.7095357225669,-44.7619051963035,-24.3754829218254,-11.0851194506744,-3.81584689315484,-0.679352362848745
-97.3207255864715,-71.8890726711943,-45.615518083679,-24.9043835787137,-11.3523149611821,-3.90852914817674,-0.691225246882099
-98.6456357118281,-73.0169540555307,-46.4176364647923,-25.3892897840283,-11.5876957936308,-3.98343851144151,-0.69788392323194
-99.9215514610809,-74.0850865470467,-47.1604292276163,-25.8239744911955,-11.7872181183079,-4.03863513170591,-0.698838881139593
-101.142523233422,-75.0857465061307,-47.8365845828439,-26.202773012207,-11.9473306168398,-4.07249860228416,-0.693695725961932
-102.302972089666,-76.0118840892599,-48.4396162904974,-26.520833810191,-12.0651416245451,-4.08381052328024,-0.682178287167158
-103.397886872541,-76.8573939410395,-48.9641250071209,-26.7743218922655,-12.1385458375951,-4.0718122091274,-0.664145992680897
-104.42298442467,-77.617322749787,-49.4059850559273,-26.9605507801291,-12.1662949815641,-4.03623025923751,-0.63960355367379
-105.374816767908,-78.2879922599063,-49.7624368844969,-27.0780287236694,-12.148004561863,-3.97726717616919,-0.60870194172427
-106.250816889446,-78.867028752805,-50.0320793331494,-27.1264174459404,-12.0840982443811,-3.89555933627777,-0.571730766826019
-107.04928386623,-79.353303733925,-50.2147704236377,-27.1064143581492,-11.9757003643728,-3.79210920343856,-0.529103227028291
-107.769316504135,-79.7468025419428,-50.3114574177402,-27.01957902124,-11.8244935352228,-3.66820171429505,-0.481335574142867
-108.410710179337,-80.0484449833787,-50.323963738804,-26.8681296225398,-11.632561072221,-3.52531571189685,-0.429023396382753
-108.973833820048,-80.2598842852497,-50.254761470615,-26.65473510443,-11.4022329410624,-3.36504026933694,-0.372816962126393
-109.459503124114,-80.3833081703349,-50.1067543667159,-26.3823242801225,-11.135950059716,-3.18900329117711,-0.31339750177425
-109.868862476642,-80.4212598117889,-49.8830891835454,-26.0539264124274,-10.8361563408882,-2.99881667258211,-0.251455775744026
-110.203283707941,-80.3764893853761,-49.5870052104116,-25.672550421442,-10.5052223379883,-2.79603929623519,-0.187673733012011
-110.464285441667,-80.2518402143656,-49.221724622655,-25.2411034842292,-10.1453997177388,-2.58215674265112,-0.122709602145208
-110.653472912566,-80.0501680453968,-48.7903807145425,-24.7623450939237,-9.75880253973775,-2.35857500493194,-0.0571864198998329
-110.772496041609,-79.7742888956342,-48.2959779364397,-24.2388700805991,-9.34740963862188,-2.12662474908105,0.00831620779497876
-110.823022173453,-79.4269492965125,-47.741376291782,-23.6731131651367,-8.91308193912753,-1.88757255947902,0.073267430409215
-110.806719617558,-79.0108126874315,-47.1292928412189,-23.0673679956184,-8.4575889769567,-1.64263595922778,0.137187928395926
-110.725248795306,-78.5284567480918,-46.4623142769767,-22.4238147938119,-7.98263986284299,-1.39299958616118,0.199650518323027
-110.580258240765,-77.9823775195332,-45.742915887695,-21.7445520817859,-7.48991502150289,-1.13983055598027,0.260278964239988
-110.373383909579,-77.3749977555852,-44.9734838707916,-21.0316293982459,-6.98109613366307,-0.884291663120121,0.318745365854936
-110.106250663285,-76.7086778365962,-44.1563390324974,-20.2870789635875,-6.4578925695954,-0.627551573445815,0.374766485401624
-109.78047547227,-75.985728471051,-43.2937608316768,-19.5129450764365,-5.92206326865769,-0.370791548393731,0.428099363562621
-109.397672203444,-75.2084248658145,-42.3880112127415,-18.7113105013814,-5.37543345092211,-0.115208503731403,0.478536557919445
-108.959457909939,-74.3790221543022,-41.4413578244186,-17.8843193116022,-4.81990579366332,0.137985626719682,0.525901312937472
-108.467460473154,-73.4997717872438,-40.4560961676641,-17.0341956820348,-4.25746583107188,0.387568149980146,0.570042938075874
-107.923327398039,-72.5729384516351,-39.4345700787303,-16.1632580811171,-3.69018139945263,0.632313356299176,0.610832631304185
-107.328735278732,-71.600816760048,-38.3791896996192,-15.2739282045451,-3.12019599004212,0.871003546904422,0.648159938759162
-106.685399327865,-70.5857467502322,-37.2924459222838,-14.3687339523937,-2.54971594667044,1.10244307550448,0.681929990241375
-105.995082127949,-69.5301269954973,-36.1769201513605,-13.4503057658376,-1.98099157224674,1.32547502958062,0.712061594499335
-105.259600711637,-68.436424068378,-35.0352882500387,-12.5213657827044,-1.41629241370885,1.53900004213347,0.738486220408117
-104.48083105245,-67.3071771292739,-33.8703176714807,-11.584709527437,-0.857877274553374,1.74199656045952,0.761147830832057
-103.660709039507,-66.1449965316667,-32.6848570398853,-10.6431802196731,-0.307959846962222,1.93354171869553,0.780003476936383
-102.801227258734,-64.9525557009229,-31.4818179017322,-9.6996362742877,0.231328763431477,2.11283179205366,0.795024506665018
-101.904427104815,-63.7325759453524,-30.264148891373,-8.75691309777747,0.757978976228153,2.27920107872683,0.806198194009389
-100.972386095189,-62.487804402581,-29.0348031724561,-7.81778083245829,1.27014118247242,2.43213799439516,0.813529561608566
-100.007200650756,-61.2209859158578,-27.7967006396167,-6.88490018293989,1.76616154750467,2.57129720132839,0.817043152401632
-99.0109650578295,-59.9348302405067,-26.5526869321297,-5.96077881027392,2.24461299229473,2.69650674812783,0.816784510625098
-97.9857476165795,-58.631976425099,-25.3054916981806,-5.04773092219755,2.70431934540317,2.80776946467777,0.812821158722764
-96.9335654478072,-57.3149566610169,-24.0576887956726,-4.14784260716312,3.14437103820867,2.90525823227297,0.805242906619339
-95.8563593914217,-55.9861619042337,-22.8116610056377,-3.26294510249947,3.5641312689359,2.98930517846472,0.794161393584872
-94.7559706694497,-54.6478116094066,-21.5695715805446,-2.39459763173863,3.96323224693498,3.06038530170678,0.779708839875295
-93.6341207330957,-53.3019295215849,-20.3333443775917,-1.54408070811749,4.34156185270926,3.11909543670272,0.762036060002505
-92.4923954833764,-51.9503269879783,-19.1046536374175,-0.712399999446518,4.69924173506396,3.16612979068473,0.741309856637943
-91.3322346848801,-50.594594626108,-17.8849236952374,0.0996999319233445,5.03659843077181,3.20225347240136,0.717709964289713
-90.1549269736241,-49.2361025210083,-16.6753381598068,0.891713369774933,5.35412947672302,3.22827548476677,0.691425740375295
-88.9616104222597,-47.8760084892852,-15.4768574447831,1.66334451246189,5.65246665990826,3.2450225641906,0.662652806530229
-87.7532782231436,-46.5152734118521,-14.2902430498207,2.41447399399811,5.93233852004796,3.25331504945134,0.631589827064827
-86.5307888141526,-45.1546822938655,-13.1160867104706,3.14512304849145,6.19453402056633,3.25394569111871,0.598435579822709
-85.2948795265785,-43.7948694689902,-11.9548424297193,3.85541738758205,6.43986897290827,3.24766200299762,0.563386431957489
-84.046182704535,-42.4363462883981,-10.8068594718593,4.54555259592352,6.66915639824326,3.23515245208374,0.526634286793824
-82.7852433185232,-41.0795297457703,-9.67241461143986,5.21576250182301,6.88318160074727,3.21703651677731,0.48836502417695
-81.5125370823317,-39.7247706129931,-8.55174220038331,5.86629158932933,7.08268233066762,3.19385842319449,0.448757417839231
-80.228488228672,-38.372379902144,-7.44506094393017,6.49737213511491,7.26833408105317,3.16608421450715,0.407982483770424
-78.9334862421185,-37.0226527205257,-6.35259660270492,7.10920640439543,7.44074029490671,3.13410171199212,0.366203193293152
-77.627900974081,-35.6758888260836,-5.27460014274586,7.70195393994398,7.60042706222348,3.09822288152581,0.323574473374408
-76.3120957283648,-34.332409436451,-4.21136113010356,8.27572373867902,7.74784175981507,3.05868811740746,0.280243413925135
-74.9864380505261,-32.9925700618209,-3.16321639876348,8.83057092785502,7.88335501713297,3.01567198282229,0.236349605569535
-73.65130809423,-31.6567693248441,-2.13055421126075,9.36649742362207,8.00726536831084,2.96928999256982,0.192025539983195
-72.3071044860925,-30.3254538628026,-1.1138142806768,9.88345596032447,8.11980595343847,2.91960607616367,0.147397016532795
-70.9542478041704,-28.9991195840216,-0.113484144277892,10.3813568402507,8.2211526758692,2.86664042072638,0.102583512902526
-69.5931817940449,-27.6783096269119,0.869907539096847,10.860076726519,8.31143326495137,2.81037744521383,0.057698491269683
-68.2243725356507,-26.3636094660058,1.83580013728676,11.3194688111141,8.39073675671458,2.75077370853098,0.0128496253998785
-66.8483058617127,-25.0556396854339,2.78361197979237,11.7593737261713,8.4591229775379,2.68776559960139,-0.031861053499439
-65.4654833301437,-23.7550469640211,3.7127524188353,12.1796306123828,8.51663168443415,2.62127669392044,-0.0763370837834043
-64.0764170896749,-22.4624938372927,4.62263437932973,12.5800878290952,8.56329109237324,2.55122469408068,-0.120487556403371
-62.6816240172948,-21.1786478037043,5.51268681180112,12.9606128811544,8.59912559915215,2.47752790056437,-0.164227131263683
-61.2816194528172,-19.9041702930543,6.38236653149806,13.3211012251578,8.62416258668367,2.40011118061719,-0.207476060777893
-59.8769108864753,-18.6397059797876,7.23116902057207,13.6614837308663,8.63843825484597,2.31891142484095,-0.250160193652536
-58.4679918704898,-17.3858728350543,8.05863786934331,13.9817326677959,8.64200250084687,2.23388249538511,-0.292210933137077
-57.0553364310507,-16.1432532435821,8.86437264750857,14.2818661980669,8.63492291865192,2.14499968442935,-0.333565127338211
-55.6393941446582,-14.9123864012722,9.64803509820459,14.5619514331185,8.6172880273914,2.05226370843433,-0.374164873634441
-54.2205860527957,-13.6937621370684,10.4093536587432,14.8221062031987,8.58920987750684,1.95570427143021,-0.41395722519878
-52.7993014746515,-12.4878161981491,11.1481263927017,15.0624997319493,8.55082619093813,1.85538322935269,-0.452893793558245
-51.3758957576005,-11.2949269700976,11.8642224939261,15.2833524534716,8.50230219891443,1.75139738535048,-0.490930247562706
-49.9506889532405,-10.1154135386149,12.5575825735294,15.484935224631,8.44383232947301,1.64388093797319,-0.528025715160647
-48.5239653648154,-8.94953495164404,13.2282179696204,15.6675681809575,8.37564187389245,1.533007591984,-0.564142099855507
-47.0959738924342,-7.79749051302348,13.876209330447,15.83161946641,8.29798873075553,1.4189923259508,-0.599243328643203
-45.6669290828083,-6.65942092496783,14.501704711996,15.9775040317625,8.21116528669848,1.30209279149781,-0.633294552362322
-44.2370127845374,-5.53541009844628,15.104917406997,16.1056826510515,8.1155004486923,1.18261029749373,-0.666261322872792
-42.8063763021464,-4.42548746295415,15.6861236827131,16.2166612486688,8.01136179341483,1.0608903091292,-0.69810877419401
-41.3751429718494,-3.32963063244967,16.245660567573,16.3109905795658,7.8991577545812,0.937322369286521,-0.728800837373867
-39.9434110577236,-2.24776830800949,16.7839237643016,16.389266231703,7.77933971438731,0.812339327026529,-0.758299520135154
-38.5112569020693,-1.17978333221825,17.301365721591,16.4521288677476,7.65240382387522,0.686415740800096,-0.786564283893075
-37.0787382680722,-0.125515840741407,17.798493841154,16.5002645628218,7.51889233509413,0.560065311988862,-0.813551551189772
-35.6458978206269,0.915233513794598,18.2758687457489,16.5344050417754,7.37939419463132,0.433837201546411,-0.839214376164455
-34.2127666951066,1.94270026408184,18.7341024867017,16.5553275735306,7.23454462553823,0.308311091736661,-0.863502308921918
-32.7793681098616,2.95715273357588,19.1738565324355,16.5638542478591,7.08502341798995,0.184090879346833,-0.886361481295335
-31.3457209747069,3.95888850675968,19.5958393496557,16.5608503400806,6.93155165987452,0.061796928674315,-0.90773493580714
-29.9118434528582,4.9482307187171,20.0008033789748,16.547221474444,6.77488667464824,-0.0579431261937868,-0.927563211665256
-28.4777564067235,5.92552411527028,20.3895411940103,16.5239093093468,6.61581498905285,-0.174504959992159,-0.945785189974262
-27.0434866798224,6.89113084553557,20.7628806694966,16.4918855323757,6.45514324695712,-0.287279348607956,-0.962339187325811
-25.609070135452,7.84542595944361,21.1216790056652,16.4521440162172,6.29368709306604,-0.395684899129198,-0.9771642700252
-24.174554388317,8.78879260706834,21.4668155274362,16.4056911005899,6.13225818949288,-0.499181329325829,-0.990201744303285
-22.7400011531138,9.72161695919117,21.799183243113,16.3535340823735,5.97164967273446,-0.597282803586726,-1.00139676000725
-21.3054881571913,10.6442829024356,22.1196792509191,16.2966681453757,5.81262051092257,-0.689570748693711,-1.01069995049006
-19.871110563288,11.5571665859363,22.4291941655544,16.2360620914521,5.65587935074844,-0.775705522748728,-1.01806901951277
-18.4369818817902,12.4606309273163,22.7286008434613,16.1726433712336,5.50206854861568,-0.855436306655848,-1.02347018129011
-17.0032343711375,13.3550202027279,23.018742761155,16.1072830070787,5.35174913345989,-0.928608636405467,-1.02687936191097
-15.5700189562689,14.2406548573149,23.3004224618985,16.0407810591831,5.20538744533303,-0.995169098013899,-1.02828308115922
-14.1375047240986,15.1178266727575,23.5743905136972,15.9738532903024,5.06334412635618,-1.05516685931949,-1.02767895242045
-12.705878081539,15.9867944189613,23.8413354146014,15.9071196339844,4.92586601299828,-1.10875190104899,-1.02507576352663
-11.2753416753302,16.8477800896772,24.1018748261712,15.8410949602342,4.79308129954836,-1.15617001438274,-1.0204931299883
-9.84611319049016,17.7009657999898,24.3565484493581,15.7761824936071,4.66499813738646,-1.1977548335067,-1.01396074235411
-8.41842413805812,18.546491381415,24.6058127426238,15.7126700574386,4.54150661593864,-1.23391734621907,-1.00551725618923
-6.992518737485,19.3844526794111,24.8500375741411,15.6507291423646,4.42238387117428,-1.26513345811908,-0.995208895364531
-5.56865297936371,20.2149005203958,25.0895047787119,15.5904166250214,4.30730189937144,-1.29193026380028,-0.983087853606016
-4.14709393311085,21.0378402910606,25.3244084912881,15.5316788257889,4.19583753647585,-1.31487169954726,-0.969210585681153
-2.72811933738443,21.8532320502766,25.5548570429888,15.4743574916126,4.08748399978113,-1.33454421933721,-0.953636077661431
-1.31201748571941,22.6609910846868,25.78087615161,15.4181972352016,3.98166338067093,-1.35154305998137,-0.93642417717419
0.100912604224504,23.4609888097584,26.0024131024491,15.3628539445854,3.87773951513203,-1.36645955458814,-0.917634050684825
1.51036076782056,24.2530539328298,26.2193416245457,15.3079037094028,3.77503073624739,-1.37986983224625,-0.897322818862977
2.91600506266476,25.0369737959444,26.4314671761949,15.2528518585694,3.67282211025325,-1.3923251171729,-0.875544403473078
4.31751098490053,25.8124958376917,26.6385323973403,15.1971417830875,3.57037686875233,-1.40434372557408,-0.852348603239278
5.71453059358439,26.5793291298661,26.8402225324529,15.1401633019663,3.46694685905119,-1.41640475921136,-0.82778040199752
7.10670160582336,27.3371459634247,27.0361706802413,15.0812604163636,3.36178193557885,-1.42894341574764,-0.801879501255475
8.49364652457894,28.0855834775809,27.2259627810363,15.0197383805098,3.25413830233129,-1.44234777838564,-0.774680061248209
9.87497185974955,28.8242453480653,27.4091423082993,14.9548700948819,3.14328588666084,-1.45695691002936,-0.746210629633971
11.250267500631,29.5527035679935,27.5852146779711,14.8859018909404,3.02851487675562,-1.47306005710987,-0.716494234503621
12.6191062926851,30.2705003649697,27.7536514255425,14.8120588258394,2.90914158945195,-1.4908967618199,-0.685548617859829
13.9810438741,30.9771503263055,27.9138942487725,14.732549652434,2.78451385561604,-1.51065768650846,-0.653386587213188
15.3356188191538,31.6721427995516,28.0653590259,14.6465716491065,2.65401611362525,-1.53248596458541,-0.62001646463911
16.6823531342909,32.3549446495817,28.207439944006,14.5533155126228,2.51707439484685,-1.55647890835956,-0.585442615466136
18.0207531581869,33.0250034735741,28.3395138963399,14.4519705279113,2.37316136790116,-1.58268992300011,-0.549666041876389
19.3503108958617,33.6817513403084,28.4609452785028,14.3417302047803,2.22180157763674,-1.61113049291301,-0.512685028809572
20.6705058258016,34.3246091440456,28.5710913316914,14.2217985654767,2.06257698060794,-1.64177212686163,-0.474495832766097
21.9808072043857,34.952991636672,28.6693081502401,14.0913972283711,1.89513283316703,-1.67454816546701,-0.435093406121667
23.2806768759189,35.5663131740301,28.754957435019,13.9497733856504,1.71918393673079,-1.70935537166182,-0.394472151457093
24.5695725874955,36.1639941930946,28.8274140408824,13.7962087200073,1.5345211887234,-1.74605524194933,-0.3526267021244
25.8469517769313,36.7454683800088,28.8860742978434,13.6300292290193,1.34101832624761,-1.78447499219508,-0.309552726124989
27.1122757895567,37.3101904584768,28.9303650343062,13.4506158527976,1.13863868831052,-1.82440818974034,-0.265247751033838
28.3650144357784,37.8576444480616,28.9597531361948,13.25741570276,0.927441760494224,-1.86561502083405,-0.219712007097796
29.6046507753219,38.3873521869408,28.9737553990456,13.0499535985873,0.707589210300444,-1.90782220278252,-0.172949284378792
30.8306859743794,38.8988818370248,28.9719483351354,12.8278435219866,0.479350073784148,-1.95072257192126,-0.124967797138271
32.0426440383681,39.3918560081599,28.953977500702,12.5907995014875,0.243104720159107,-1.99397440235608,-0.0757810446563766
33.2400761871612,39.8659590685925,28.9195658241727,12.3386453632952,-0.000652793990975294,-2.03720053683877,-0.0254086524019891
34.4225645988924,40.3209431371944,28.8685203381056,12.0713227212979,-0.251314360755465,-2.07998743860497,0.0261228289220255
35.5897252299293,40.7566322157756,28.8007366763819,11.7888965538634,-0.508159790263907,-2.12188430196256,0.0787791957822978
36.7412093818022,41.1729238726903,28.7162006663015,11.4915577196794,-0.770361388345411,-2.16240238574946,0.132517971395762
37.876703706778,41.569787925876,28.6149863944598,11.1796218343183,-1.03699131752722,-2.20101476007359,0.187287932808337
38.9959283695403,41.9472616334482,28.4972502137165,10.8535240469572,-1.30703178837298,-2.23715667779544,0.243028827185031
40.098633108303,42.3054409841582,28.3632202896546,10.5138094238487,-1.5793879783067,-2.27022679620051,0.299671315252011
41.1845910610083,42.6444678924488,28.2131815272379,10.1611188817044,-1.85290341922922,-2.29958948596255,0.357137169929622
42.2535902996064,42.9645132848292,28.0474559561373,9.79617086269293,-2.12637744782353,-2.32457846614875,0.415339740660779
43.3054231670789,43.2657563391095,27.8663789606874,9.41973921558977,-2.39858419756806,-2.34450200448086,0.474184669187361
44.3398736421008,43.5483603917583,27.6702720261618,9.03262798921646,-2.66829254812433,-2.35864991937475,0.533570811162445
45.356703115319,43.8124463004551,27.4594129474229,8.63564403728556,-2.93428645649654,-2.36630262163827,0.593391282699507
46.3556350614092,44.0580642364911,27.2340046276611,8.22956843160463,-3.19538518203652,-2.36674243873107,0.653534514368296
47.3363392128317,44.2851650537636,26.994143717574,7.815127684075,-3.45046308842747,-2.35926748038785,0.713885162258153
48.2984158799145,44.4935724285378,26.7397903361116,7.39296566349321,-3.6984689411033,-2.34320832527629,0.77432469975416
49.2413810875921,44.6829569581241,26.4707400250413,6.963616892724,-3.9384448949701,-2.31794783259096,0.834731499200142
50.1646531959925,44.8528133414215,26.1865989335868,6.52748165658568,-4.16954564548,-2.28294439717802,0.894980212501858
51.0675416394029,45.002441659405,25.886763044742,6.08480309241391,-4.39105844853276,-2.23775895210818,0.954940275678603
51.9492384465097,45.1309337355715,25.5704021366661,5.63564624671212,-4.60242485705658,-2.18208595428965,1.01447339688314
52.808813211182,45.2371655360306,25.2364491253798,5.17987901330466,-4.80326501552376,-2.11578842559673,1.07342993987518
53.6452123138798,45.3197967192047,24.8835955781629,4.71715499721794,-4.99340515941799,-2.03893682592381,1.13164418925067
54.4572633617733,45.3772786988778,24.5102945016126,4.24689870526341,-5.17290853126288,-1.95185105185896,1.18892858127145
55.2436860621108,45.4078729738586,24.1147720189204,3.7682940763917,-5.34210921254184,-1.85514413956789,1.24506710991659
56.0031110005978,45.4096819167652,23.6950501927315,3.28027821488841,-5.50164735265098,-1.74976526694908,1.29980827544409
56.7341080188315,45.3806946071761,23.2489839220298,2.78154321521469,-5.65250295735252,-1.63703839847872,1.3528581344637
57.4352259117347,45.3188504146675,22.7743153321987,2.27055003016107,-5.796023834974,-1.51869145918891,1.40387422955015
58.1050448681638,45.2221226517646,22.2687491233562,1.74555920921827,-5.93394164504697,-1.39686943238967,1.45246140368145
58.7422422205466,45.0886233846279,21.7300515760637,1.2046836880127,-6.06836853580011,-1.27412356161846,1.49817069840234
59.3456705660521,44.9167281975436,21.1561740075911,0.645968227657281,-6.20176605432004,-1.15336838095634,1.54050263022597
59.9144449932273,44.7052161402205,20.5453981263596,0.0674981479572443,-6.33687844915937,-1.03779920309351,1.5789160460035
60.4480332219426,44.4534155046541,19.8964960121581,-0.532463622772537,-6.47662479505262,-0.930765572061546,1.61284338279805
60.9463393350273,44.1613411123925,19.2088918528544,-1.1553173907227,-6.62394898101695,-0.835601402046469,1.6417124358296
61.4097692779292,43.8298046966913,18.4828072504967,-1.80195784387662,-6.78163344169946,-0.755419874228076,1.66497368612752
61.8392654379367,43.4604783386116,17.7193685507555,-2.472613755721,-6.95209068279332,-0.692889593678799,1.68213099987233
62.2362993237019,43.0558932843539,16.92065506374,-3.16671812690495,-7.13715435671451,-0.650016064861336,1.69277236529264
62.6028161993085,42.6193636619272,16.0896724883633,-3.88283024936982,-7.33789652517129,-0.627956773023865,1.69659665073386
62.9411327900119,42.1548357865213,15.230246109907,-4.61862576251823,-7.55449761695015,-0.626896949468976,1.69343247031499
63.2537974933566,41.6666766710699,14.3468415259426,-5.3709608889071,-7.78618951283649,-0.646005707820041,1.68324626499435
63.5434295474065,41.1594265301187,13.4443333924851,-6.13600489950957,-8.03128108677606,-0.683479921276502,1.66613847070074
63.8125574656954,40.6375463816866,12.5277514428016,-6.90942371090142,-8.28726216638919,-0.73666902197644,1.64232870799206
64.0634764410042,40.1051914131983,11.6020353613391,-7.68659036071362,-8.55096979077453,-0.802261599181521,1.61213272024915
64.298139944915,39.5660341830517,10.6718257718331,-8.46279659162546,-8.81879288537568,-0.876507267464305,1.57593486085083
64.5180938000712,39.0231511724558,9.7413093708994,-9.23344362047218,-9.086889404294,-0.955445975767764,1.53416009492882
64.7244535424068,38.4789747397455,8.81412504609193,-9.99419754983096,-9.35139308029987,-1.03512096536633,1.48724884918901
64.9179196922257,37.935302885899,7.89332756771486,-10.7411033391297,-9.60859330801777,-1.11175887328135,1.43563692591388
65.0988216138848,37.3933529889581,6.9813980904217,-11.4706586358865,-9.85507909298243,-1.18190861342322,1.37974145347641
65.2671790031674,36.8538430453698,6.08028694582363,-12.1798537520236,-10.087844540236,-1.24253774889071,1.31995275591728
65.4227704025268,36.3170844515857,5.19147377973051,-12.8661863091875,-10.3043579909714,-1.29109007668442,1.25663124567313
65.5651998518301,35.7830729805836,4.31603213467097,-13.5276589238968,-10.5025994069682,-1.32551089398421,1.19010801127905
65.6939551556555,35.251568347523,3.45468910452564,-14.1627664786393,-10.6810712842055,-1.34424727102289,1.12068764281903
65.808453867752,34.7221568792077,2.607874815486,-14.7704768705992,-10.838787883628,-1.34623023019495,1.04865193902334
65.9080756167388,34.194295750479,1.7757605138053,-15.3502064069737,-10.9752465632089,-1.3308446363755,0.974263394141872
65.9921816504278,33.6673406724535,0.958287436126357,-15.9017888498685,-11.0903840436641,-1.29789132350899,0.897767704738033
66.0601242093347,33.1405614802953,0.155190999412483,-16.425435913364,-11.1845198928856,-1.24754482506803,0.819394910523256
66.1112495222575,32.6131515995987,-0.63397409392137,-16.92168701544,-11.2582895420111,-1.18030918814014,0.739359144572778
66.1448986385549,32.0842376636265,-1.40980260198285,-17.3913472344472,-11.3125696827376,-1.09697374660227,0.657857274041847
66.1604099791813,31.5528946161698,-2.17299778700674,-17.8354144461769,-11.3483997377727,-0.998570341611868,0.575066929810837
66.1571263991044,31.0181696078619,-2.92431985703206,-18.2549990206356,-11.3669039272506,-0.886333202091454,0.491144529918135
66.1344079951942,30.4791153083921,-3.66452597302946,-18.6512416621669,-11.3692189726363,-0.761662435930464,0.406223894134679
66.0916500755295,29.9348304145778,-4.3943067841374,-19.025236377771,-11.3564324216824,-0.626091766992285,0.32041594016204
66.0283040632695,29.3845027773381,-5.11422631799218,-19.377965752041,-11.3295358342318,-0.481260767334441,0.233809779111874
65.9438980545878,28.8274492585929,-5.82467251404894,-19.7102545536172,-11.2893956779719,-0.328891404690161,0.146475330790904
65.8380533982508,28.2631464248726,-6.52582455786876,-20.0227452990956,-11.236742881326,-0.170768302239706,0.0584673971954496
65.7104942709503,27.691247602762,-7.21764063079304,-20.3158962080426,-11.1721798536274,-0.00872174595360272,-0.0301690040412999
65.5610485489412,27.1115843338131,-7.89986620249071,-20.5899985305168,-11.0962016682713,0.155387793929608,-0.119392323194979
65.3896401049788,26.524153386465,-8.5720592498293,-20.8452071468044,-11.0092262898771,0.319685032872143,-0.209157479071262
65.1962745752744,25.9290935517143,-9.23362552143921,-21.0815761534421,-10.9116274269851,0.482296639830488,-0.299408458790265
64.9810222715689,25.3266588480782,-9.88385482761612,-21.2990902297189,-10.8037629677245,0.641370977522004,-0.390070758416536
64.7440028801437,24.7171959864133,-10.5219487292634,-21.4976830445997,-10.6859920807546,0.795102457456214,-0.481043859215041
64.4853767444599,24.1011337732628,-11.1470310522466,-21.6772357370903,-10.5586749520672,0.941762224319325,-0.572193889798901
64.2053467979494,23.4789905749815,-11.7581351840208,-21.8375512935006,-10.4221507101953,1.07973692606229,-0.663346583410739
63.9041738260248,22.8514033281517,-12.3541657360423,-21.978304106062,-10.2766912673789,1.20757726053082,-0.754280600481327
63.5822058075229,22.2191782309386,-12.9338363502461,-22.098967691474,-10.1224314013443,1.32405770140227,-0.844721249408951
63.2399200334816,21.5833596852826,-13.4955897126516,-22.1987271792075,-9.95927828515701,1.42824816139726,-0.934334614699257
62.8779746294495,20.9453106121237,-14.0375097770255,-22.2763864469135,-9.78680667149816,1.51959720649375,-1.02272211324797
62.4972642820704,20.3067942358379,-14.5572395225575,-22.3302825459172,-9.60414894413974,1.59802466804704,-1.10941558118573
62.0989733879097,19.6700449649124,-15.051920042117,-22.3582221509204,-9.40989212933011,1.66401902953455,-1.19387317877799
61.6846185939198,19.0378142423011,-15.5181681618046,-22.3574560002821,-9.20199655122058,1.71873180778066,-1.27547670906616
61.2560718880266,18.4133764404301,-15.9521097680524,-22.3247073135566,-8.97775280867313,1.76405749728747,-1.35353136150237
60.8155551616909,17.8004804502615,-16.3494839500597,-22.2562683583796,-8.73379457026896,1.80268397709229,-1.4272693410838
60.3655979523844,17.2032352710871,-16.7058281483785,-22.1481748964385,-8.46618345774094,1.83809547005322,-1.49585918569081
59.9089523766876,16.6259234575753,-17.0167459017187,-21.9964603251649,-8.17057788763803,1.87450950157956,-1.55842260372015
59.4484635985727,16.0727453333672,-17.278246155901,-21.7974795609139,-7.8424891377656,1.91673240278799,-1.61406015267077
58.986900711878,15.5475092587455,-17.4871272683847,-21.5482777994576,-7.47761479360024,1.96992609681812,-1.66188586258576
58.5267610951305,15.0532973577805,-17.6413624610594,-21.2469636979423,-7.07222332710877,2.03929252038125,-1.70106900919538
58.0700695378771,14.5921486748349,-17.7404310992357,-20.8930345415415,-6.62354715101675,2.12969946698729,-1.73087898371703
57.6181992819318,14.1648082692075,-17.7855372641967,-20.4875977913612,-6.1301301395249,2.24528895788987,-1.75072723190406
57.1717429082082,13.7705871658126,-17.7796677821015,-20.033443070898,-5.59207460290956,2.38912087296399,-1.76019934396703
56.7304551595293,13.4073628068555,-17.7274664253464,-19.534941504062,-5.01114508429707,2.56290530073165,-1.75907119432528
56.2932778974676,13.0717252703915,-17.6349343418192,-18.9977806781014,-4.39071067598536,2.76686467495771,-1.74730563842967
55.8584424303564,12.759247496461,-17.5089996537595,-18.4285746693884,-3.73553757440537,2.99974373063141,-1.72503005200729
55.423630734216,12.4648360125661,-17.357021816685,-17.834410235298,-3.051470440243,3.25895827354822,-1.69249881945174
54.9861685383812,12.1831081958925,-17.1863026832579,-17.2223966070313,-2.34505711272723,3.54085075482248,-1.65004760277899
54.5432216497237,11.9087446240513,-17.0036662473232,-16.599277169672,-1.62317298207028,3.84100765420613,-1.59804718548643
54.0919715785924,11.6367777998432,-16.8151480185566,-15.9711415916912,-0.892690627208332,4.15459248044582,-1.5368639118178
53.6297550281628,11.3627962081952,-16.6258103830116,-15.3432537207385,-0.160222417533773,4.47665648940647,-1.46683179396949
53.1541612136108,11.0830600128597,-16.4396785858103,-14.7199899188371,0.568055371482747,4.80240247356343,-1.38823898522131
52.6630890085605,10.7945382254884,-16.2597766709279,-14.1048678779304,1.28650425177088,5.1273906396533,-1.30132911905774
52.154771392367,10.4948855758279,-16.0882344296798,-13.5006379881184,1.99006869911131,5.44768653721427,-1.20631629700771
51.6277773639713,10.1823808914048,-15.9264339135069,-12.9094069659319,2.67428697166393,5.7599578910253,-1.10341129828328
51.0810016949575,9.85584855829384,-15.7751656416431,-12.3327651843236,3.33528903464163,6.06153008451164,-0.992855755455305
50.5136510898918,9.51458153743169,-15.6347690315419,-11.771893912873,3.96979814922417,6.35040975784728,-0.874960449918891
49.9252320036832,9.1582790663785,-15.50523833594,-11.2276360992632,4.5751445263532,6.6252835796405,-0.750143469995745
49.3155410256209,8.78700496668432,-15.3862845110048,-10.7005243680251,5.14928913653575,6.88549573276149,-0.618963806120079
48.6846540717951,8.40116396178638,-15.2773548384879,-10.1907722116423,5.69084492332677,7.13100392119809,-0.482146195274296
48.0329066660832,8.0014847491592,-15.177624774441,-9.69824748379149,6.19907368603473,7.36231057848713,-0.340593856400285
47.3608555407884,7.58899165573927,-15.0859880680157,-9.22245846981181,6.6738327183671,7.58036418278766,-0.195387270715915
46.6692127554964,7.16494383330226,-15.0010783322301,-8.7625882938281,7.11544855189213,7.78642574942269,-0.0477692407355295
45.9587480590131,6.73072400031327,-14.9213546676734,-8.31760990089221,7.52450695351638,7.98189797345454,0.100881265011667
45.2301626940183,6.28766817846159,-14.845273863318,-7.88649997833715,7.90156720114541,8.16811898198874,0.249082087648555
44.4839467330076,5.83684226404935,-14.7715530707491,-7.46854770607003,8.24683059018184,8.34612869659985,0.395282392486677
43.7202401049258,5.37878752199662,-14.6995032720103,-7.06372772230399,8.55981268292101,8.51642265341827,0.537893974917509
42.938722705841,4.91327151498895,-14.6293904482081,-6.67308207031095,8.83908104894045,8.6787150962831,0.675316610166376
42.138560060964,4.43909046100399,-14.5627630074637,-6.2990385038522,9.08212208546577,8.83173966608045,0.805957765864368
41.3184274486171,3.95397153420174,-14.502674390053,-5.94558612276805,9.2853909637863,8.97312128198646,0.928250348556511
40.4766270983861,3.45461794871603,-14.4537313033909,-5.61823628720862,9.44457798259593,9.09935524860786,1.04067477334589
39.6113000858353,2.93692472087271,-14.4219129241988,-5.32371908465603,9.55509309153232,9.20592637699466,1.14179245688443
38.7207172475957,2.39636795985165,-14.4141366543658,-5.06940473011725,9.61272937090034,9.28758827539583,1.23029596645233
37.8036136336962,1.82853632779997,-14.4375917066359,-4.86249377700765,9.61442027791679,9.33879828381411,1.30507623452768
36.8595130620014,1.22973514705852,-14.4989174625672,-4.70908176859129,9.55896477554532,9.35426828105424,1.3653002701758
35.8889801249039,0.597562392949783,-14.6033553567705,-4.61325575005574,9.44757492066822,9.32955405762177,1.41048581570717
34.8937434344053,-0.068654405047651,-14.7540307976592,-4.57639923952083,9.28411767897825,9.26158045489754,1.44055546615745
33.8766583223589,-0.767650274857173,-14.9515076529423,-4.59685181554753,9.0749815302129,9.1490004210952,1.45585446647232
32.8415140895685,-1.4962832146543,-15.1936991117136,-4.6699911424601,8.82858506262982,8.99231902032485,1.45712410297539
31.7927275222735,-2.24983812274076,-15.4761329715924,-4.7887038987167,8.55462938940279,8.79376903679251,1.44543371753046
30.734987285744,-3.02249553244621,-15.7924881490063,-4.94412511584042,8.26324752384263,8.55698250985229,1.42208446882584
29.6729158492727,-3.80786108937545,-16.1352710985812,-5.12648282448858,7.96420602453302,8.28654130342866,1.38850322634683
28.6107993435677,-4.59945908210522,-16.4964970223382,-5.32589421268802,7.6662740924445,7.98749927144233,1.34614418648222
27.5524105190076,-5.39112369554343,-16.8682724689099,-5.5330060128686,7.37681524122069,7.66495224196021,1.29641049170286
26.5009259002285,-6.17725928874557,-17.2432234326926,-5.73943084425425,7.10160050790466,7.32370220329862,1.24060120687995
25.4589216959519,-6.95297284249137,-17.6147576105196,-5.93798181124386,6.84480456646413,6.96803172725261,1.17988300472044
24.4284255376882,-7.71410158917773,-17.9771804333153,-6.12273959512029,6.60913008701415,6.6015820364216,1.11528211808657
23.4110007450273,-8.45716679722931,-18.3256998328153,-6.2889993598686,6.39600640190138,6.22731559943632,1.04769059076832
22.4078435273655,-9.17928417551117,-18.6563578087371,-6.43314429395294,6.20581858253664,5.84754015660909,0.97788098219613
21.4198786234881,-9.87805640426413,-18.9659226908652,-6.55248486353032,6.0381360228072,5.46397253488385,0.906524688748021
20.4478437100454,-10.5514669784058,-19.2517688238676,-6.64509281144249,5.89192162936948,5.07782461034179,0.834210334240361
19.4923567664987,-11.1977886291844,-19.5117629545691,-6.70964948979745,5.76571202973408,4.6898983225495,0.761459901336585
18.5539633599842,-11.8155147298193,-19.7441701151188,-6.74532042635538,5.65776557572853,4.30068067357846,0.688741275894318
17.6331627902483,-12.4033183250598,-19.9475866189138,-6.75166222070127,5.56617882991083,3.9104327973168,0.616476640424026
16.7304134698874,-12.9600404497589,-20.1209036822726,-6.72856354930825,5.48897434041451,3.51926946872483,0.54504671645234
15.846119111241,-13.4847069251276,-20.2633018617493,-6.67621876110808,5.42416347364848,3.12722703668409,0.474791270059768
14.9805983755887,-13.976570611579,-20.3742736542283,-6.59512988284785,5.36978835137107,2.73431891357573,0.406006596936187
14.1340416571118,-14.4351740789303,-20.4536691133807,-6.48613063640451,5.32394684867736,2.3405786060611,0.338940912608869
13.3064595761979,-14.8604258824328,-20.5017572082109,-6.35042429022954,5.28480434596168,1.94609091816498,0.273788694261165
12.4976284359105,-15.2526822296057,-20.5192939931936,-6.18962594179821,5.25059559185778,1.55101242636742,0.21068504978818
11.7070382561781,-15.6128249499817,-20.5075876507808,-6.0057993423316,5.21961967627524,1.1555826093593,0.149701127315662
10.9338489587142,-15.9423264609649,-20.4685502508619,-5.80147879506487,5.19023074385813,0.760127097042228,0.0908414324524701
10.1768598068532,-16.2432929516505,-20.4047267705571,-5.57966808694737,5.16082669651315,0.365054396627978,0.0340437098394634
9.43449629995425,-16.5184782941001,-20.319293546161,-5.34381083155556,5.12983771743478,-0.0291527906148474,-0.020818204537002
8.70481743989393,-16.7712632548228,-20.2160208915908,-5.09772987512971,5.09571599383886,-0.421950835771979,-0.0739284166024971
7.98554467018675,-17.0055973299797,-20.099197957338,-4.84553725008149,5.05692750955627,-0.812752427993617,-0.125520004081562
7.27411193207096,-17.2259038241998,-19.9735217793393,-4.59152012208564,5.01194623907693,-1.20094725417685,-0.17586338728414
6.56773433741604,-17.4369523942734,-19.8439565142153,-4.34001172818643,4.95925055143668,-1.58592541213885,-0.225252590054782
5.86349111399444,-17.643706746329,-19.7155725040803,-4.0952588396269,4.89732118501661,-1.96710250498862,-0.273990111477177
5.15841701407627,-17.8511580298168,-19.5933774999458,-3.86129828820727,4.8246398799299,-2.34394490473794,-0.322371257756513
4.44959554643645,-18.0641561306186,-19.4821534889236,-3.64185423890561,4.73968771830277,-2.71599323881821,-0.370668854594626
3.73424741471226,-18.2872511488733,-19.3863118109375,-3.44026520100467,4.64094247703322,-3.08288188837046,-0.419119254786419
3.00980847760871,-18.5245557036345,-19.309776609897,-3.25944564568288,4.52687482486969,-3.4443522963315,-0.467910457953039
2.27399326322478,-18.7796355725301,-19.255902569776,-3.1018822692773,4.39594392310718,-3.80025820037875,-0.517172965092662
1.52484226658569,-19.0554321227655,-19.2274280903649,-2.96966028402663,4.24659379658072,-4.15056148466111,-0.566973713168473
0.760753527858625,-19.3542157806493,-19.2264604397983,-2.86451142495114,4.07725259060976,-4.49531807524012,-0.617313105103068
-0.0194990731548341,-19.6775661693023,-19.2544857599982,-2.78787314591758,3.88633740107198,-4.83465405173874,-0.668124811352536
-0.816757057630761,-20.0263720739818,-19.3123945952076,-2.74094787684606,3.67226768742243,-5.16873279446546,-0.719277716925199
-1.63147381927204,-20.4008433060272,-19.4005129815827,-2.72475201214466,3.43349033218104,-5.49771446004165,-0.770579161536166
-2.46371219210457,-20.8005267652576,-19.5186298803449,-2.74014605816282,3.16851922033971,-5.82170936867478,-0.821778496733059
-3.31313973048602,-21.2243202920326,-19.6660134899935,-2.78783958727532,2.87599182401036,-6.14072704487661,-0.87256997447385
-4.17901946229267,-21.6704798868424,-19.8414112991484,-2.86836691415213,2.55474471335806,-6.45462276549352,-0.922594085716983
-5.06019525675746,-22.1366182747354,-20.0430313413707,-2.98203150255391,2.2039091532678,-6.76304365070932,-0.971436678825827
-5.95507247033725,-22.6196954044195,-20.2685048238297,-3.12881902424949,1.82302688195235,-7.0653766938447,-1.01862549777969
-6.8615961840743,-23.1160042638664,-20.5148331699285,-3.30828093723794,1.41218461532054,-7.36070176431887,-1.06362418598202
-7.77723114547225,-23.6211583548474,-20.778325658871,-3.51939279342032,0.972163510451161,-7.64775357459446,-1.1058243008402
-8.69894950475347,-24.1300903526962,-21.0545374717869,-3.76039467420473,0.504596472608522,-7.92489786275939,-1.14453647713871
-9.6232344828681,-24.6370746558027,-21.3382220234251,-4.02862555090375,0.0121216064798007,-8.190128427092,-1.17898254306879
-10.5461099377562,-25.1357892517327,-21.6233156801116,-4.32036907321226,-0.501485600113466,-8.44109281577394,-1.20829107910435
-11.4632067682868,-25.6194335458361,-21.9029763765048,-4.63073481200768,-1.03122494811555,-8.67515479591401,-1.23149949529585
-12.3698762773221,-26.0809170852862,-22.1696986812652,-4.95360495239914,-1.57085775971253,-8.8895003741923,-1.24756598752396
-13.2613568105206,-26.513127624577,-22.4155242226598,-5.2816793635547,-2.11299692609027,-9.08129015594732,-1.25539443560744
-14.1329922759318,-26.9092744488487,-22.632355873807,-5.60664852447549,-2.64932581416042,-9.24785359813176,-1.25387414147185
-14.9804894637445,-27.2632843940187,-22.8123655309433,-5.91951067702159,-3.1709562603633,-9.38691046066025,-1.24193411358263
-15.8001871408391,-27.5702065343417,-22.9484603494328,-6.21102544418707,-3.66891077572192,-9.49679326184967,-1.21860855487451
-16.5892974775795,-27.8265631413938,-23.0347464202121,-6.47226367404555,-4.13468215610782,-9.57663521932611,-1.18310694279885
-17.3460747873271,-28.0305775328123,-23.0669111872647,-6.6951804227199,-4.56079340216703,-9.62648540555663,-1.13487966643755
-18.0698724865925,-28.1822207434554,-23.0424460065262,-6.87311659760571,-4.94126384753306,-9.64732011067717,-1.07366972748564
-18.761068002567,-28.2830501019453,-22.9606535120456,-7.00113599227084,-5.27189374430633,-9.64093702844599,-0.99954312199113
-19.4208632009792,-28.335857062467,-22.8224276572372,-7.07613267680229,-5.55031200960368,-9.60974284960676,-0.912894787504507
-20.0509964460687,-28.3441856275394,-22.6298453399492,-7.09669294933489,-5.77578281789999,-9.55646792427527,-0.814432013963834
-20.6534222049411,-28.3118118164151,-22.3856510452704,-7.06275142615689,-5.94882067087636,-9.48385651230643,-0.705141173152262
-21.2300188153415,-28.2422795887455,-22.0927365224904,-6.97512501642441,-6.07070370414251,-9.39438369325812,-0.586245210533
-21.7823739432805,-28.1385691300425,-21.7537111866192,-6.83502910373251,-6.14299037158712,-9.29004091752918,-0.459158354483722
-22.3116748491046,-28.0029370734777,-21.3706299517619,-6.64367384109657,-6.16713355288496,-9.17221573153118,-0.325441798953856
-22.8187041345572,-27.8369266407859,-20.9449038987821,-6.40201006206626,-6.14425476995987,-9.04167281291468,-0.18676111455667
-23.3039183640302,-27.6415098823475,-20.4773773796254,-6.11065378524664,-6.07509989024996,-8.89862739324824,-0.0448441080759923
-23.7675721699694,-27.4173020525537,-19.9685228343138,-5.76997665097703,-5.96015719708223,-8.74289073802965,0.0985625591124957
-24.2098467721317,-27.1647832606729,-19.4186880715599,-5.38031643951156,-5.7998878858997,-8.57406122118487,0.241738552570247
-24.6309489383793,-26.8844740562505,-18.8283320121888,-4.94224362336449,-5.59500357761618,-8.39173330083683,0.383035410992394
-25.0311612728034,-26.5770347446638,-18.1982014217138,-4.45681914061939,-5.34672697160562,-8.19569949309154,0.520919103306271
-25.4108424695545,-26.243285511176,-17.5294267057761,-3.92579305554397,-5.05698757745305,-7.98612602239261,0.654005227169776
-25.770391474346,-25.8841678025148,-16.8235411421557,-3.35171732085342,-4.72852824052249,-7.76368965225969,0.781082785781379
-26.1101983853265,-25.5006809410774,-16.082447488285,-2.73797043205639,-4.36492209700418,-7.52966966416866,0.901124011759685
-26.4306059598301,-25.0938295261501,-15.3083643927792,-2.08871029558628,-3.97051705137457,-7.2859937548307,1.01327995881171
-26.7318999269617,-24.6646086345943,-14.5037822441146,-1.40878028464377,-3.5503325229145,-7.03523912652931,1.11686388794726
-27.0143368441654,-24.2140395808381,-13.6714472247743,-0.703592323216009,-3.10993150375985,-6.78059045314401,1.21132627079726
-27.2782080671638,-23.7432537599124,-12.8143780439832,0.020997033775684,-2.65528308010214,-6.52575556204641,1.2962262029789
-27.5239299296336,-23.2536095153648,-11.9359064267047,0.758811902686284,-2.19262069586374,-6.27483881066511,1.3712041167244
-27.7521445817543,-22.7468188284252,-11.0397227982692,1.50348708022172,-1.72829328467186,-6.03217245626429,1.43596002821399
-27.9638133953294,-22.2250573599333,-10.1299041084099,2.24861102144667,-1.26860237233562,-5.80210872244376,1.49024034728633
-28.1602851630246,-21.6910326535753,-9.21090163465519,2.98788986204111,-0.819619278402672,-5.58878005578824,1.53383470951503
-28.3433242703582,-21.147990679793,-8.28747251468496,3.71533549196426,-0.386982203337023,-5.39584176014439,1.56658255357157
-28.5150893234156,-20.5996497821363,-7.36454874890673,4.42547213462748,0.0243182904365682,-5.22621839973628,1.58838747051005
-28.678059958819,-20.0500625830004,-6.44704992544,5.11354617099743,0.410147568618866,-5.08188094590077,1.59923595568474
-28.8349178897419,-19.5034189213048,-5.53965861752334,5.77571594530879,0.767404140525874,-4.96368325670607,1.59921638549344
-28.9883961852626,-18.9638140489799,-4.64658739239625,6.40919474150005,1.09413890986675,-4.87128239874487,1.58853404957759
-29.1411165812386,-18.4350134671458,-3.77137092536023,7.01232276308178,1.38959395652113,-4.80315734189636,1.56751895841959
-29.2954367253834,-17.9202468876031,-2.91671424645616,7.58455274674586,1.65414872955793,-4.75672642189301,1.53662473262253
-29.4533269906442,-17.4220583302457,-2.08441899761784,8.12634680068381,1.8891755260045,-4.72854899088062,1.4964187530621
-29.6162904249536,-16.9422286875262,-1.27539606510206,8.63899586359553,2.09682015676705,-4.71458462206338,1.44756540534316
-29.7853312121322,-16.4817740545089,-0.489758583454774,9.12438438937838,2.27973429576695,-4.71047691195111,1.39080527307721
-29.9609688308873,-16.041011009521,0.273022492262116,9.58472911441449,2.44079101616125,-4.71182924875299,1.32693334285807
-30.1432887563767,-15.6196714041725,1.01392505007767,10.0223214110039,2.58281412939342,-4.71444583349062,1.25677876960488
-30.3320170680633,-15.2170452654009,1.73417116331813,10.4392986959475,2.70834642167225,-4.71452043056567,1.18118779610016
-30.5266058307451,-14.8321309134792,2.43503470127644,10.8374634763556,2.81947378057052,-4.708765221486,1.10101036652004
-30.7263178990996,-14.4637751172689,3.1176791023727,11.2181607629103,2.91771352290337,-4.69448072238233,1.01709009445082
-30.9303029523503,-14.1107915057645,3.78303641867086,11.5822172413473,3.0039674254399,-4.66957393142999,0.930256695736589
-31.1376600381864,-13.7720510401931,4.43173227264189,11.929939556192,3.07853377621691,-4.63253545960004,0.841319796269262
-31.3474849590422,-13.4465430707454,5.0640561183165,12.2611646104022,3.14116843316076,-4.58238770874608,0.751063109969064
-31.558902955095,-13.1334087220229,5.67997258428727,12.5753518425985,3.19118231824706,-4.51861576417136,0.660238244360819
-31.7710881132609,-12.8319498699126,6.27916771688998,12.8717057806492,3.22756179335671,-4.44109114458869,0.569557724189062
-31.98327088311,-12.5416169876425,6.86112337400143,13.14931654472,3.24909873797864,-4.34999639250745,0.479687150753484
-32.1947342797766,-12.2619781169845,7.42521334921514,13.4073061198437,3.25451862593226,-4.24575605594908,0.391236693940206
-32.4047983278035,-11.9926698832012,7.9708154227523,13.6449689343768,3.24259718745733,-4.12897719245823,0.304752336866573
-32.6127915772097,-11.7333305943788,8.49743381070231,13.8618963818624,3.21225899351911,-4.00040033172855,0.220707466464541
-32.818008659156,-11.4835157582303,9.00482596051066,14.0580763338868,3.16265414409669,-3.86086004426713,0.139495535160076
-33.0196541271071,-11.2425981955708,9.49312616453713,14.2339603994546,3.09321183829724,-3.71125300799195,0.0614246023717743
-33.2167752706711,-11.0096582663314,9.96295632310741,14.3904937850084,3.00367170427524,-3.55251082420426,-0.0132854228150591
-33.4081897847383,-10.7833739303002,10.415512080486,14.5291051869605,2.89409524756915,-3.38557481594456,-0.0845021071156423
-33.5924174144363,-10.5619243770618,10.8526114456883,14.6516572256231,2.76486064816528,-3.2113705771386,-0.152175874776497
-33.7676270468017,-10.342923497593,11.2766938143581,14.7603613337166,2.61664450395414,-3.03078097906022,-0.216331280427034
-33.9316113473565,-10.1233994264904,11.6907605850777,14.8576643761407,2.45039413256502,-2.84461747381143,-0.277054445966401
-34.0817994582655,-9.89983318586929,12.0982542567772,14.9461170948984,2.26729384730172,-2.65359063270791,-0.334477393936884
-34.2153144312027,-9.66826326844014,12.5028802388168,15.0282362007365,2.06872830635112,-2.45828170688541,-0.38876040384079
-34.329076599199,-9.42445476360101,12.9083833759136,15.1063722609863,1.85624564478682,-2.25911746595801,-0.440073768834922
-34.419947837282,-9.16412276456429,13.3182979185544,15.1825943537465,1.63152262836742,-2.05635060459003,-0.488580391614182
-34.484905807023,-8.88319189584022,13.735694156196,15.2586000611699,1.3963335114792,-1.85004766703485,-0.534420529337726
-34.5212327460745,-8.5780681783744,14.1629464061087,15.3356562091258,1.15252363620952,-1.6400858454218,-0.577699717913658
-34.5267008637193,-8.2458969395817,14.6015453738264,15.4145724006627,0.901988108706192,-1.42615931417796,-0.618480542096816
-34.4997361689649,-7.88478129836423,15.0519734284401,15.495706302405,0.646655191575804,-1.20779510206053,-0.656778538727137
-34.4395445342615,-7.49393962694765,15.5136548249883,15.5789971674998,0.388473441135017,-0.984377960052555,-0.692562181015707
-34.346187559739,-7.07378662602493,15.9849852601013,15.664022335647,0.129401180705131,-0.755183273714374,-0.72575661996886
-34.2206008186912,-6.62593036596413,16.4634373224845,15.7500704466159,-0.128603290386049,-0.519416756809617,-0.756250657799356
-34.0645526846737,-6.15308588262669,16.9457312579719,15.8362247463705,-0.383592257468399,-0.276259381714815,-0.783906282148509
-33.8805475155427,-5.65891374876471,17.4280547270535,15.9214500394309,-0.633641048218481,-0.0249156892007065,-0.808569978454476
-33.6716819511139,-5.14779867301914,17.9063114400835,16.0046774578828,-0.876862908236226,0.235336749373465,-0.830084947933233
-33.4414669718636,-4.62458797821252,18.3763770098014,16.0848821713122,-1.11142608320363,0.505099340130189,-0.84830329098482
-33.1936308309288,-4.09431238377268,18.8343411085071,16.1611503491282,-1.33557217395103,0.784808898842565,-0.863097186990236
-32.9319188422112,-3.56191173213913,19.2767178316242,16.2327329807249,-1.54763426336258,1.07470159709294,-0.874368137953135
-32.6599053127751,-3.03198629763759,19.7006105868354,16.2990854206568,-1.74605302764628,1.37478732196868,-0.882053471458649
-32.3808307782126,-2.50859047817381,20.1038231644928,16.3598925815437,-1.92938911239206,1.68483674501213,-0.886129529129436
-32.0974745154305,-1.99508057596034,20.4849142003454,16.4150804582417,-2.09633048195133,2.00438238046954,-0.886611291280609
-31.8120684559732,-1.49402269271318,20.8431973110769,16.4648150681461,-2.24569416592047,2.3327335920461,-0.883548570093692
-31.5262545956098,-1.00716117884593,21.1786932497455,16.509489981934,-2.37642269616435,2.66900408140514,-0.877019287327557
-31.2410842210892,-0.535443175802929,21.4920431703106,16.5497034925914,-2.48757638643592,3.01214910468015,-0.867120675364328
-30.957054167324,-0.0790910123144837,21.7843934641566,16.586226289228,-2.57832330213786,3.36100874485436,-0.853959450326745
-30.6741730857683,0.362288207162199,22.0572627419191,16.619960369091,-2.64792918745636,3.71435316297774,-0.837642071950641
-30.3920494894077,0.789567515471181,22.3124006747783,16.6518899279778,-2.69574972003183,4.07092589510792,-0.818266127727395
-30.1099931075453,1.20395097856352,22.5516469169167,16.6830251244802,-2.72122727489085,4.4294818754186,-0.795913686108515
-29.8271216630547,1.6068208715439,22.7767965205681,16.7143398582995,-2.72389397420806,4.78881778621669,-0.770647200233159
-29.54246635542,1.99958961499807,22.9894764089714,16.7467049639213,-2.70338227862571,5.14779337105444,-0.742508260288304
-29.2550708500545,2.3835628457979,23.1910358033009,16.7808184318862,-2.65944383729333,5.50534332586582,-0.711519232815378
-28.9640801464364,2.75981790112597,23.3824520965143,16.8171343587394,-2.59197682487614,5.86048017371878,-0.677687616276791
-28.6688171863924,3.12910014164827,23.5642526372054,16.8557923220687,-2.50106159683838,6.21228907965713,-0.641012797023391
-28.3688462657504,3.49173807223908,23.736452192923,16.8965487747949,-2.38700418448354,6.55991585918959,-0.601494803355806
-28.064023213192,3.84757721041311,23.8985055367836,16.9387119472443,-2.25038690654813,6.90254952672685,-0.559144615649976
-27.7545328279347,4.19593210714962,24.0492745720385,16.9810816796527,-2.09212514249373,7.23940067230443,-0.513995577993097
-27.4409142783952,4.5355558101114,24.1870096686465,17.0218956735519,-1.91352903918134,7.5696768247586,-0.466115453874994
-27.1240750837186,4.86462631315139,24.3093453812459,17.0587838979671,-1.7163685431479,7.89255582385143,-0.415618659278738
-26.8052939903847,5.18075008505417,24.413311412538,17.0887333605292,-1.50293960391312,8.20715814617083,-0.362678180386299
-26.4862125707103,5.48098353065965,24.4953605237274,17.1080661671916,-1.27612862325756,8.51251915962509,-0.307536634690063
-26.1688148009452,5.76187411784759,24.5514160272554,17.1124347467074,-1.03947119157409,8.80756246504267,-0.250515864415239
-25.8553932654542,6.01952377465771,24.5769423830057,17.0968392163074,-0.797199842467502,9.09107582951941,-0.192024365571877
-25.5485001218214,6.24967785763119,24.5670431164293,17.0556729910738,-0.554274023034478,9.36169172553292,-0.132561768103637
-25.2508806672478,6.44784326913391,24.5165904993465,16.9828036193819,-0.316383868576857,9.6178751003269,-0.0727195124175957
-24.9653874694526,6.60943883944002,24.4203908313758,16.8716960738217,-0.089917987528934,9.85792159753364,-0.0131768443388687
-24.6948737952594,6.72997951477479,24.2733873106171,16.7155848172718,0.11811520956848,10.0799698478141,0.0453086875489864
-24.4420666967363,6.80529285328039,24.0708989796774,16.5076982971112,0.300222401548719,10.2820313735431,0.101916856192462
-24.20942274663,6.83176165861525,23.8088889009914,16.2415346115209,0.448623413559434,10.4620408317103,0.155786759976105
-23.9989729556859,6.80658048122777,23.484247781644,15.9111797909234,0.555513842592311,10.6179275085434,0.206044897322845
-23.8121674537955,6.72800698563258,23.0950716517222,15.5116509872695,0.613385261160894,10.7477061294873,0.251838248019304
-23.6497342478709,6.59558326225403,22.6409055328606,15.0392372910609,0.615385477002719,10.8495814088401,0.292370430362805
-23.5115686733438,6.41029898030319,22.1229215037192,14.4918032178856,0.555690430814544,10.9220569817675,0.326938175827672
-23.3966698662703,6.17466970850307,21.5440012750854,13.8690168264783,0.429850734515213,10.964036393335,0.354964785036105
-23.3031369735479,5.892710855209,20.9087015359755,13.1724681869013,0.235072518802537,10.9749027089439,0.376027115691033
-23.2282309832231,5.56980006305647,20.2230943863006,12.4056552010314,-0.0296037062336008,10.954564782541,0.389873143937765
-23.1684991676558,5.21243634637793,19.4944926361985,11.573831076769,-0.363250795269297,10.903462339987,0.396428223066644
-23.119950131105,4.82791929136637,18.7310866463808,10.683727437582,-0.7631366620408,10.822528023073,0.395789644230279
-23.0782605347825,4.42398260817364,17.9415316193729,9.74318448729741,-1.22492830943086,10.7131110035212,0.388210655942148
-23.0389913017858,4.00842070056904,17.134528982811,8.76073076900727,-1.74299039971046,10.5768721381142,0.374076368200929
-22.9977919966769,3.58874416138454,16.3184421840555,7.7451577774191,-2.31074064334477,10.4156637378789,0.353874694946529
-22.9505764303628,3.17189165119763,15.5009775049639,6.7051294008541,-2.92102203445818,10.231407442558,0.328165589396361
-22.8936588889192,2.76401417137023,14.6889474876827,5.64885530208357,-3.5664565918997,10.0259817913652,0.297551391063365
-22.8238470514884,2.37033618971878,13.8881215045245,4.58384420252892,-4.23975443769509,9.80112773660081,0.262650335622174
-22.7384933303676,1.99508862566097,13.1031573965141,3.51674064883789,-4.93396292465605,9.55837657526003,0.224074411960765
-22.6355102723894,1.64150246024727,12.3376011557971,2.45323921301168,-5.64265068572161,9.29900138527631,0.182411972861615
-22.5133577035036,1.31184879191358,11.5939384234396,1.39806400936307,-6.36002940813633,9.02399054393399,0.138214927106009
-22.371009756284,1.00751089935319,10.8736813960978,0.354998707362831,-7.08102128018204,8.73404041107097,0.0919899929146105
-22.2079092643075,0.729075398757687,10.1774765460187,-0.673047879711911,-7.80128258275595,8.42956366746766,0.0441933512683681
-22.0239157613739,0.476432018963139,9.50522137714236,-1.68395397394301,-8.51719437883493,8.11070988864911,-0.00477194952125308
-21.8192518599873,0.248874181002778,8.85618148076865,-2.6762857135904,-9.22583037000593,7.77739543582804,-0.0545563782933212
-21.5944513790644,0.0451950273374737,8.22910194027748,-3.64919504092741,-9.92491036217748,7.42934043795282,-0.104862481729292
-21.3503113790542,-0.136224406058099,7.62230943589147,-4.60232042884409,-10.6127458806564,7.06611135048509,-0.155441848504586
-21.0878492609806,-0.297336579862117,7.03380317565774,-5.53569412021415,-11.288182593392,6.68716818760324,-0.206090562650627
-20.8082652895116,-0.440358877138253,6.46133412908143,-6.44965773023626,-11.9505425153003,6.29191597658476,-0.25664312411164
-20.5129102040101,-0.567714541899734,5.90247310774126,-7.34478649297032,-12.599567521232,5.87976022795445,-0.306964748747163
-20.2032569437749,-0.681981695355696,5.35466921474353,-8.22182101921858,-13.2353645061392,5.45016625373531,-0.356941940628189
-19.8808748514271,-0.785848034223998,4.8153012221216,-9.08160408233078,-13.8583515602636,5.00272199872367,-0.406471257592427
-19.547404014084,-0.882067728290573,4.28172563602752,-9.92501863537384,-14.469203747183,4.53720370375769,-0.455446265354879
-19.2045266868529,-0.973415830102715,3.75132657540482,-10.7529220604053,-15.0687964708849,4.05364323682986,-0.503742791872313
-18.8539321126994,-1.06263431726003,3.22157398300042,-11.5660707535112,-15.65814400868,3.55239536141966,-0.551202744771648
-18.4972707009905,-1.15236297689216,2.69009780950516,-12.3650288958799,-16.2383306412064,3.03420262721517,-0.597616931301482
-18.1360936788863,-1.24504811757659,2.15478618835136,-13.150056075273,-16.8104320182661,2.50025501682225,-0.642707512344744
-17.7717752847137,-1.34282305795365,1.61391466184398,-13.9209707786417,-17.3754251174709,1.95224100078306,-0.686110923697642
-17.4054165626973,-1.44735700165776,1.06631060772252,-14.6769910339589,-17.9340865240858,1.39238623592156,-0.727362308813569
-17.0377329995485,-1.55967364621292,0.511551671150597,-15.4165597559107,-18.4868809307827,0.823475758642797,-0.765882735108256
-16.6689325436392,-1.67994776856614,-0.0498109039978041,-16.1371703060409,-19.033844767113,0.248855141506511,-0.800970718476184
-16.2985955940962,-1.80729666678294,-0.616023174506088,-16.8352164510423,-19.5744735846563,-0.327594268058222,-0.831799850756596
-15.9255736025813,-1.93959262506943,-1.18392362360028,-17.5058986118823,-20.1076258411722,-0.901511039004841,-0.857424567696582
-15.5479267939382,-2.0733306116443,-1.74880197708686,-18.1432225962358,-20.6314591933264,-1.46814480288971,-0.87679620088032
-15.1629226677549,-2.20358955375202,-2.3043660727881,-18.7401250273094,-21.1434170704536,-2.02248566866924,-0.88879124782615
-14.7671137235565,-2.32412267685665,-2.84285780671876,-19.2887487104147,-21.6402815460545,-2.55943114198659,-0.892253050531145
-14.3565040271061,-2.42759989550838,-3.35534446331296,-19.7808698804199,-22.1183018807422,-3.07398401018502,-0.88604662454899
-13.9267997767006,-2.5060022814342,-3.83218471228998,-20.2084491761351,-22.5733960132853,-3.56146713111253,-0.869124243090287
-13.4737209502016,-2.55113781294061,-4.26363237463834,-20.5642449188792,-23.0014060142965,-4.01773337354201,-0.840596882284655
-12.9933338120866,-2.55521584015529,-4.64050397354488,-20.8424004468419,-23.3983718428952,-4.43934372761976,-0.799804441158755
-12.4823534644772,-2.51139518970823,-4.95481017453286,-21.0389079372213,-23.7607763474057,-4.82368671571549,-0.746376590541999
-11.938367034277,-2.4142176004808,-5.20024822290706,-21.1518671273165,-24.0857140379224,-5.16901945778438,-0.680276801878106
-11.3599433744854,-2.2598591269481,-5.37247797327328,-21.1814982143365,-24.370949670985,-5.47442445987223,-0.601824589143215
-10.7466209116592,-2.04617331160113,-5.46915313542881,-21.1299233279333,-24.614858015195,-5.7396930452761,-0.511694551815676
-10.0987934875026,-1.77254876712021,-5.48973693974713,-21.0007827269352,-24.8162662398869,-5.96516135649173,-0.410894249143011
-9.41753523521018,-1.43964402374142,-5.43517831114369,-20.7987829511803,-24.9742455968917,-6.15153344758645,-0.300725180152611
-8.70441291689358,-1.04908107659344,-5.30754567411312,-20.5292752184449,-25.087911349776,-6.29972588611765,-0.182731745501068
-7.96132636373418,-0.603171635764929,-5.10970580337033,-20.1979355113371,-25.1562855858308,-6.41076016284064,-0.0586423815789064
-7.19039899941391,-0.104722015270635,-4.84510126355928,-19.8105749446314,-25.1782585806821,-6.48571606879194,0.0696940465857197
-6.39391856207342,0.443074074286023,-4.51763621647469,-19.3730660276063,-25.1526570536469,-6.52574495857261,0.200374179987535
-5.57431092131273,1.03667739988628,-4.13164250875486,-18.8913409890557,-25.0784002927485,-6.53213000257917,0.331505869930202
-4.73412245288984,1.67221947766107,-3.69187746491364,-18.3714093137916,-24.9547053752257,-6.50637340678188,0.461270347871084
-3.87598971783301,2.34553223669556,-3.20350541292838,-17.8193518728493,-24.7812952401223,-6.45028883249522,0.587976830827726
-3.00258614229351,3.05221506070423,-2.67203240704069,-17.2412709756059,-24.5585686189447,-6.36608008561095,0.710105477523861
-2.11654868845617,3.78774199626274,-2.10318846083159,-16.643199237415,-24.2877052172713,-6.25639275075572,0.826335562399922
-1.22039792999376,4.54759328726003,-1.50277367158399,-16.0309868539347,-23.970697131747,-6.12433167834073,0.935557570952774
-0.316469346416381,5.32738533579007,-0.876496920985384,-15.4101926520677,-23.6103124972378,-5.97344235533341,1.03687015970907
0.593128349169704,6.12297333463261,-0.229836453693251,-14.7859999321267,-23.2100061597384,-5.807657342013,1.12956497294305
1.50651861035839,6.9305089607049,0.432056926809138,-14.1631676258466,-22.7737940616186,-5.63121022755398,1.21310369596472
2.42202533921086,7.74644752414433,1.10440628072258,-13.5460155751302,-22.3061048284801,-5.44851975912276,1.28709223591871
3.33811092011891,8.56751073142865,1.78280949422435,-12.9384336045256,-21.8116167025538,-5.26404700207192,1.35125658178142
4.25329632483284,9.39061990651939,2.46320887333074,-12.3438994968916,-21.295083340954,-5.08212952471779,1.40542388714606
5.16607814734652,10.212818834778,3.14184771195983,-11.7654912524533,-20.7611500242858,-4.90679915102527,1.44951088401149
6.07485709433261,11.0312052809876,3.81523156516463,-11.2058832106041,-20.2141631423152,-4.74159363054922,1.48352011610705
6.97788966624948,11.8428863803756,4.48010745521823,-10.6673222406322,-19.657979864837,-4.58937681483521,1.50754291004503
7.87327014461787,12.6449666323533,5.13346730555685,-10.15158751051,-19.0957901197477,-4.45218525169065,1.52176670996923
8.75894436140787,13.4345695305768,5.77257423130874,-9.65994356549793,-18.5299673188315,-4.33111999366115,1.5264835992953
9.6327510667542,14.2088865090199,6.39500364495233,-9.19310010808425,-17.9619657511383,-4.22629972438537,1.52209668094839
10.4924820836482,14.9652413483304,6.99868691794229,-8.75119203597405,-17.3922799516095,-4.1368848024757,1.50912152159025
11.3359497823957,15.7011556238313,7.5819444474134,-8.33378997698558,-16.8204747567608,-4.06117251546089,1.48818096668357
12.1610501740371,16.4144015314944,8.1434973717753,-7.93994567924329,-16.2452855100959,-3.99675374897674,1.45999301950676
12.9658120062289,17.1030320654739,8.68245196707732,-7.56826987251254,-15.6647783325303,-3.94071285381062,1.42535280038288
13.7484258971865,17.7653837962391,9.1982564231447,-7.21703440282864,-15.0765528273082,-3.88984768361002,1.38511054407593
14.5072517591754,18.4000529779029,9.69063471842373,-6.88428694972756,-14.4779656986465,-3.84088642257941,1.3401479858649
15.2408065402007,19.0058501216914,10.1595055804411,-6.56796597088225,-13.8663538987381,-3.79068145147308,1.29135533592605
15.9477370171932,19.5817408423867,10.6048956617239,-6.26600534437875,-13.2392393572551,-3.73636669190935,1.2396105024072
16.6267838082484,20.126781667645,11.0268553658805,-5.97642156553498,-12.5945026796013,-3.67547186182107,1.18576151440036
17.2767431126806,20.6400590174956,11.425383918613,-5.69738021227899,-11.9305189318223,-3.60599335499261,1.13061241864782
17.8964322895919,21.120638302961,11.8003680606676,-5.42724180946766,-11.2462536133324,-3.52642609209763,1.07491241008113
18.48466459381,21.5675285692175,12.1515367399193,-5.16458965054753,-10.5413205445334,-3.43576337924629,1.0193476565482
19.0402374129633,21.9796666032565,12.4784327064524,-4.90824340270585,-9.8160055528819,-3.33347273734624,0.964535178074327
19.5619372189309,22.3559229589129,12.7804009880871,-4.65726253850179,-9.07126074287274,-3.21945527966324,0.91101819019775
20.0485630685848,22.6951307801611,13.0565936746397,-4.41094307633186,-8.30867415514061,-3.09399503689574,0.859262460367878
20.4989687547315,22.9961364611022,13.3059900309386,-4.16881010384383,-7.53041914665853,-2.95770312602195,0.809653405531476
20.9121215714197,23.2578689799757,13.5274304776913,-3.9306074079295,-6.73918716881972,-2.81146017831521,0.762493840305423
21.2871732637924,23.4794223264433,13.7196623426656,-3.69628449639362,-5.93810701494709,-2.65635920576825,0.718002445191739
21.6235364042681,23.6601431531452,13.881394540758,-3.46598054543265,-5.1306531888418,-2.49365019690055,0.676313147112743
21.9209576611162,23.7997141500962,14.011357668392,-3.24000444479929,-4.32054588156478,-2.3246872052828,0.637475678937154
22.1795786811847,23.8982231661173,14.1083656015373,-3.01881015634793,-3.51164513508963,-2.15087846844928,0.601457600794625
22.3999760047833,23.9562091900282,14.1713747770304,-2.80296700638495,-2.70784208250562,-1.97364007945705,0.568148020256013
22.5831736191282,23.9746789520535,14.1995379595355,-2.59312517627887,-1.91295057783016,-1.79435381160606,0.537363142040942
22.7306252331012,23.9550918260303,14.192250407251,-2.38997739079028,-1.13060294242061,-1.61432977216811,0.508853625279829
22.8441675155791,23.8993151984583,14.1491877161069,-2.194218457314,-0.364153805147891,-1.43477455669592,0.482313549963266
22.9259496215203,23.8095566778132,14.0703359522426,-2.00650474074868,0.383404023452673,-1.25676546081664,0.457390624933186
22.9783475468315,23.688282616053,13.9560156632349,-1.82741578077595,1.10950810024349,-1.08123109175247,0.43369713874378
23.0038735956921,23.5381338044521,13.8069017438035,-1.65742005844803,1.81207653450989,-0.908938452322007,0.410821086806805
23.0050912332059,23.3618486685677,13.6240408108108,-1.49684645889573,2.4895380604306,-0.740486309635872,0.38833691667555
22.9845438776039,23.1622019621102,13.4088667386376,-1.34586236763112,3.14084144368327,-0.576304468393497,0.365815416194845
22.9447031785968,22.9419633773213,13.1632135319754,-1.20445871393903,3.76544488017087,-0.416658484970947,0.342832412112043
22.8879385891364,22.7038763147883,12.8893230659394,-1.07244174909532,4.36328714523288,-0.261659385950715,0.318976123655999
22.8165062712512,22.450653084731,12.5898438186535,-0.949430994572016,4.93474315433914,-0.111278061116858,0.293853196548978
22.7325521903547,22.1849797142624,12.267815950129,-0.834862631641113,5.48056724769126,0.0346358788472988,0.267093596760801
22.6381221747814,21.9095218607278,11.9266382886052,-0.727997597040429,6.0018278922511,0.176330933372474,0.238354644543608
22.5351710571159,21.6269233563544,11.5700141322513,-0.627933734164773,6.49983760009451,0.314126462537704,0.207324501178464
22.4255638394144,21.3397906085275,11.2018751682387,-0.533621455745324,6.97608169219439,0.448381835113097,0.17372537963356
22.3110639695519,21.0506591338772,10.8262858847517,-0.443882454908567,7.43214911052704,0.579462852873794,0.13731664738933
22.1933068252016,20.7619422713982,10.4473339681442,-0.357431045836436,7.86966782966274,0.707706809841804,0.0978978500846017
22.0737597775393,20.4758658252365,10.0690146146931,-0.272897749110093,8.29024661573112,0.833387984766364,0.0553115434953837
21.9536730943723,20.1943952644146,9.6951178234948,-0.18885480040312,8.69542403893472,0.956685633118002,0.00944571500772848
21.8340278520358,19.9191635637656,9.32912725002697,-0.103843376570742,9.08662488695167,1.07765653784706,-0.0397644680652459
21.7154877089268,19.6514076731589,8.97413724719353,-0.0164024782833642,9.46512360155751,1.1962138636024,-0.0923358157953629
21.5983608150737,19.3919201259899,8.63279182198715,0.0749004941366533,9.83201414682448,1.31211348694095,-0.148237316246156
21.4825766280079,19.1410200108192,8.30724618552829,0.171437493744688,10.1881858588905,1.42494827274457,-0.207391383742951
21.3676804026347,18.8985450501302,7.99914911199179,0.274486244875916,10.5343052670151,1.53415009726858,-0.269676022388807
21.2528460979464,18.6638644208702,7.70964295232394,0.38519627056784,10.8708045062968,1.63899893485906,-0.334927664883108
21.1369067200607,18.4359105099677,7.43937798700314,0.504556325228526,11.1978776021525,1.73863812745353,-0.402944389684469
21.0183998635128,18.2132270650799,7.18853861229894,0.633365974009124,11.5154864319056,1.83209506674644,-0.47348921789537
20.8956254378538,17.9940310181393,6.95688017035111,0.772214885930387,11.8233784263392,1.91830688651826,-0.546293234139372
20.7667121836452,17.7762853634494,6.74377651980404,0.921473880543042,12.1211179729998,1.99615127796306,-0.621058341306048
20.6296894848887,17.5577806253282,6.54827925607992,1.08130169262032,12.4081329978595,2.06448306830002,-0.697459522051561
20.48256109641,17.3362225072527,6.36918956665507,1.25167068483387,12.6837773708735,2.12217760967776,-0.775146519608436
20.3233776801138,17.1093232320636,6.20514299213163,1.4324133426418,12.947408686634,2.16818220183224,-0.85374485668135
20.1503054459566,16.8748938866743,6.05470598038961,1.62328943474587,13.1984797073242,2.20157664016326,-0.932856087208283
19.9616887392293,16.6309348848192,5.91648132730734,1.82407141002883,13.4366404419691,2.22164350029782,-1.0120571409123
19.7561050464935,16.3757215132812,5.78921768065364,2.03464316194584,13.6618465285537,2.22794791587742,-1.09089860400777
19.5324115348128,16.107881459474,5.67191651423791,2.25510495306517,13.8744682970392,2.22042536135744,-1.16890181613333
19.2897828003446,15.8264612134022,5.56392856309537,2.48587524523657,14.0753935936789,2.1994742977843,-1.24555478758765
19.0277398507485,15.5309782123575,5.46503076994975,2.72777856388804,14.2661160772702,2.16604845981744,-1.32030717528171
18.7461703359138,15.2214554429868,5.3754744013284,2.9821074560123,14.4487992187137,2.1217410755605,-1.39256490235143
18.4453396394228,14.8984349267587,5.29599526334413,3.2506462568348,14.626304797132,2.06885055301421,-1.4616854417901
18.1258916322796,14.5629661433416,5.22777807628989,3.53564506248631,14.8021736399165,2.01041447672056,-1.52697524259866
17.788836824173,14.2165652456051,5.17236939532113,3.83973450135927,14.9805464075517,1.95019679376832,-1.58769114727265
17.4355246164393,13.8611413030688,5.13153740831223,4.16577621117158,15.1660143702713,1.89261284488634,-1.64304777529296
17.0675958058807,13.498887293898,5.10708280340279,4.51665086269716,15.3633954392087,1.84257967684939,-1.69223254904651
16.6869119129514,13.1321365745459,5.10061252833038,4.89499510576375,15.5774398812409,1.80528600234946,-1.73442916654275
16.2954597391683,12.7631901673353,5.11329669865612,5.30290992360161,15.8124828104359,1.78588764754893,-1.7688488486899
15.895232894046,12.3941258488545,5.14563619101141,5.74167322888475,16.0720747046663,1.78914924425509,-1.79476678976084
15.4880964638471,12.0266054039857,5.19727192479857,6.21149573139089,16.3586331428738,1.81906824815685,-1.81155936429941
15.075645475872,11.6616997101386,5.26686402919703,6.71135774962373,16.6731640901391,1.87852850183954,-1.81873642327006
14.65907096371,11.299750900617,5.3520590615627,7.23895397111362,17.0150957501407,1.96903284130748,-1.81596305001885
14.2390480088548,10.9402860723015,5.44954774936649,7.79075450612846,17.3822516272505,2.09055508220625,-1.80306671152779
13.8156576557691,10.5819887799529,5.55519841669773,8.36216855209705,17.7709654893492,2.24153235332592,-1.78002855928798
13.3883496851258,10.2227252255641,5.66423746311021,8.9477780003861,18.1763160936178,2.41899429227433,-1.74696092360975
12.9559474254337,9.85961446074415,5.77144210198204,9.5415979582191,18.5924410952975,2.61880314930692,-1.70407582642367
12.5166908834859,9.48912825230934,5.87131345986709,10.137321905268,19.0128822902669,2.83596439704335,-1.65165085279675
12.0683117269,9.10720716548859,5.9582084990324,10.7285197268852,19.4309188017977,3.06496369480123,-1.5899987114106
11.6081333829812,8.7093840048627,6.02642354684184,11.3087731887293,19.839857861172,3.30009185327599,-1.51944553771587
11.1331910460372,8.29091206881092,6.07023663183619,11.8717508264173,20.2332693837569,3.53573104632932,-1.44032099267575
10.6403684351776,7.84690148824086,6.0839273055962,12.411238894039,20.6051657767767,3.76658856025174,-1.35296103650517
10.1265493334973,7.37247029955782,6.06179932487947,12.9211546295873,20.9501390496697,3.98787544638006,-1.2577222878121
9.58878113441468,6.86291645936876,5.9982324980769,13.395571507513,21.2634717519585,4.19543472846219,-1.15500527548627
9.02444437277169,6.31391216158743,5.88778471448944,13.8287829460383,21.5412365138898,4.38582698993536,-1.04528269353137
8.43141687433243,5.72171291443176,5.7253536667106,14.2154210547381,21.7803918860079,4.55638088399805,-0.929127991431489
7.80821515685072,5.08336256559303,5.5063910480403,14.5506312244611,21.9788716477064,4.70521357749634,-0.807239359086717
7.15409139177731,4.39686494158173,5.22714275510094,14.8302839246944,22.1356534978211,4.83122275947353,-0.680454538002912
6.46906431943375,3.66128716375025,4.88487160715883,15.0511862750813,22.2507845223848,4.93404900593379,-0.54975303477017
5.75386909027199,2.87676301252949,4.47801038069202,15.2112437274556,22.3253385998834,5.01400614902917,-0.416244209553125
5.00982425136797,2.04437885418447,4.00619782779753,15.3095222626653,22.3612872181712,5.07197847399642,-0.281142089821016
4.23863150682901,1.16594782871585,3.47017053227261,15.3461767409234,22.3612797251533,5.10928691314331,-0.145730097616911
3.44214064970379,0.243704438662439,2.87151524705776,15.3222392679564,22.3283483994927,5.12753098314484,-0.0113205515783458
2.62212273652815,-0.720026674396715,2.21232104652249,15.2392952412231,22.2655722084098,5.12841758234179,0.120785678384922
1.7800953311967,-1.72312426901515,1.49479762242332,15.099104044013,22.1757450042722,5.1135905889186,0.249334760760561
0.917233888688131,-2.76386839737739,0.720937082734725,14.9032373417626,22.0610956995683,5.08447575717771,0.373147911887675
0.0343858330648628,-3.84100381670549,-0.107711176311823,14.6528063892111,21.9230996025304,5.04215380991419,0.491141188727321
-0.867816637988654,-4.95365729985183,-0.990106566938193,14.348332024026,21.7624044876997,4.987271583613,0.602338364111276
-1.78876763995003,-6.10112564415758,-1.92561097708462,13.9897826294114,21.5788764098076,4.91999745543557,0.705879367222434
-2.72765840311431,-7.28257479997076,-2.91373023559651,13.5767733823659,21.3717526510937,4.84002362175056,0.801026992857585
-3.68324959582609,-8.49670548134323,-3.95375162494187,13.1088910720826,21.1398751754761,4.74661423723955,0.887173924138196
-4.65368551911721,-9.74144519447523,-5.04434361711439,12.5860874832685,20.8819688654325,4.63869482126648,0.96385087463419
-5.63638249345559,-11.0137208939454,-6.18318954649297,12.0090737455768,20.596925096594,4.51497461713557,1.03073524759268
-6.62801078491281,-12.3093518952822,-7.36671977598569,11.3796493762719,20.2840528870143,4.37409001737538,1.08765854781681
-7.62457375629445,-13.6230819017747,-8.58998868192091,10.700912433418,19.9432666013114,4.214754410488,1.13461019075186
-8.62157232504325,-14.948745811259,-9.84671704393391,9.97731876231461,19.5751900853911,4.03589871247248,1.17173548951455
-9.61423011976259,-16.2795457473026,-11.1294923359776,9.21458443744963,19.1811704580566,3.83678805532907,1.19932640727939
-10.5977472682372,-17.6083955836481,-12.4300947135564,8.41945078057821,18.7632082229236,3.61710366808543,1.21780488731122
-11.5675496156983,-18.9282867116488,-13.7398999885193,7.59935066422715,18.3238213641747,3.37698424477762,1.22769985165292
-12.5195049231743,-20.2326303623398,-15.0503051088781,6.76202486408434,17.865867783137,3.11702688669769,1.2296199454997
-13.4500864141469,-21.5155415881713,-16.3531262221589,5.91513728100346,17.3923520658907,2.83825276568161,1.22422457598064
-14.3564744495163,-22.7720437836772,-17.640931494538,5.06592974031815,16.9062397369467,2.54204605957745,1.21219571480168
-15.236596769585,-23.9981868459825,-18.9072864715448,4.22094416039503,16.410296346002,2.23007610820181,1.19421242589932
-16.0891150477952,-25.1910839773399,-20.1469050705457,3.38582579893795,15.906961768136,1.90421233716976,1.17092935001123
-16.9133698366938,-26.3488802629551,-21.3557116387109,2.56520889455682,15.3982635520466,1.56643986650346,1.14295963928074
-17.7092975258128,-27.4706702818507,-22.5308276807289,1.76267690531601,14.8857679933667,1.21878152120845,1.11086223775259
-18.4773323630149,-28.5563828070102,-23.6705009331314,0.98078408949238,14.3705642242556,0.863229752859386,1.07513302177314
-19.218304720645,-29.6066491461921,-24.7739952388745,0.221122916964887,13.8532748765625,0.50169011752708,1.03619914898845
-19.9333443270721,-30.622668890017,-25.8414582287263,-0.515578100658823,13.3340864255002,0.135936584900226,0.994415971974675
-20.6237946513493,-31.6060835906461,-26.8737811544252,-1.22933999911553,12.812792724758,-0.232421928914011,0.950065990370434
-21.2911423018589,-32.5588656886203,-27.8724620718465,-1.92081388591757,12.2888461013854,-0.601964899510111,0.903359481044514
-21.936963324702,-33.4832271377045,-28.8394804403261,-2.59116535148468,11.7614114155521,-0.971474708569017,0.854436611172863
-22.5628866984953,-34.3815497643786,-29.7771883552021,-3.24196922073595,11.2294195261394,-1.33994368508342,0.803370971840079
-23.1705740922399,-35.2563374445069,-30.6882211714658,-3.87511883397285,10.6916175373079,-1.70657498486232,0.750174553345328
-23.7617140694285,-36.1101886947534,-31.5754282721924,-4.49275209446573,10.1466140090458,-2.07077854493112,0.694804215483633
-24.3380283424711,-36.9457872143751,-32.4418231740342,-5.09719491391327,9.59291798934136,-2.43216325851728,0.637169692028257
-24.9012873877388,-37.7659072569359,-33.2905510387366,-5.69092143281075,9.02897129234113,-2.79052640835681,0.577143119798542
-25.4533326862373,-38.5734304142952,-34.1248709328763,-6.27652947568627,8.45317393390169,-3.14584125718584,0.514570011702689
-25.9961030180836,-39.3713704039308,-34.9481497923173,-6.85672908409212,7.86390308279737,-3.49824350564212,0.449281512613848
-26.5316625650654,-40.1629027035395,-35.7638649332832,-7.43434159243064,7.25952634096382,-3.8480170728126,0.381107698139441
-27.0622289646338,-40.9513962299218,-36.5756119607915,-8.0123064747805,6.63841067238067,-4.19557931702867,0.30989160816066
-27.5901998394833,-41.7404446132803,-37.3871149484718,-8.59369298097255,5.998928922591,-4.54146539003737,0.235503658439792
-28.1181765530141,-42.5338947631731,-38.2022355991468,-9.18171325034623,5.33946665555149,-4.88631090302982,0.157856052400919
-28.6489838818339,-43.3358701764758,-39.0249775770749,-9.77973299480943,4.65843303086908,-5.23083148477579,0.0769168310678938
-29.1856838111256,-44.1507856078727,-39.8594811734179,-10.3912748434359,3.95428067638928,-5.57579714344113,-0.00727673686474728
-29.7315806191073,-44.9833481397238,-40.7100018129094,-11.0200079397435,3.22554096142844,-5.9219986255887,-0.094605598764065
-30.290212740781,-45.8385372510505,-41.5808636060805,-11.6697153484412,2.4708826658525,-6.27020223308201,-0.184857174882459
-30.8653246094285,-46.7215532485608,-42.4763763336602,-12.3442283401157,1.68920360310033,-6.62108887614064,-0.277714138958462
-31.4608088635827,-47.6377195500568,-43.400701175742,-13.0473138878731,0.879765992734885,-6.97517261355348,-0.372743103218136
-32.0806062769442,-48.5923202691438,-44.3576477249735,-13.7824991511914,0.0423868221180537,-7.33269375598853,-0.469382237687763
-32.7285479725598,-49.5903510406394,-45.3503831548105,-14.5528150259124,-0.822306638448357,-7.69348210857267,-0.566926567204327
-33.4081226996696,-50.6361592476215,-46.3810351576742,-15.360441132221,-1.7125496768385,-8.05678763951217,-0.664509613466852
-34.1221523878384,-51.7329516108896,-47.450175371977,-16.2062386588785,-2.62504267582583,-8.42107958871881,-0.76108040621123
-34.8723637020339,-52.8821552804208,-48.556182294965,-17.089167917299,-3.55449873099734,-8.78382186394558,-0.855375975667658
-35.6588546862716,-54.0826372271125,-49.6945059399408,-18.005607879214,-4.49317428056309,-9.14124373948479,-0.945891597226156
-36.4794772070194,-55.3298206659798,-50.8568945793832,-18.9486292290557,-5.43045317363497,-9.48814113014472,-1.03085454494496
-37.3291909666259,-56.614790457411,-52.030698649292,-19.9073226430884,-6.35259531981948,-9.81776415043768,-1.10821183374567
-38.199493169844,-57.9235502904815,-53.1984328716194,-20.8663458286346,-7.24280116261259,-10.1218666190828,-1.17564750268493
-39.0780812077661,-59.2366686821461,-54.3378356770232,-21.80590924591,-8.0817625698841,-10.3910021566978,-1.23064822378013
-39.9489418372294,-60.5295937456152,-55.4226766923614,-22.702436407647,-8.84883765677609,-10.6151332351459,-1.27063380737359
-40.793043642128,-61.7738755185803,-56.4244779660757,-23.5300629286582,-9.52386956128421,-10.7845579435527,-1.29315765307686
-41.5897048204846,-62.9393614654376,-57.3150987006447,-24.262945414377,-10.0894623916489,-10.8910528542193,-1.29616027039161
-42.3185124262312,-63.9971303054792,-58.0698168237241,-24.878061117644,-10.533286841952,-10.9290091234684,-1.27823220696482
-42.9614420950921,-64.9226011435857,-58.6702485198988,-25.357904126236,-10.8498336422307,-10.8962654721027,-1.23882412454922
-43.5046845323617,-65.6980738367337,-59.1063564418393,-25.6923879025293,-11.0410915341241,-10.7943795947793,-1.17834566182216
-43.9397297313241,-66.314065171147,-59.3770173866793,-25.8794524528255,-11.1159270621925,-10.6282400842471,-1.09812512810821
-44.2634955458437,-66.7691882600314,-59.4890793266029,-25.9242884862558,-11.0883613854006,-10.4051359474161,-1.00024601194896
-44.4775984093584,-67.0687912337285,-59.4553080372139,-25.8375248553214,-10.9752645231991,-10.1335613835793,-0.88731112601722
-44.5870957712031,-67.2228948602727,-59.2918799885384,-25.63297052896,-10.7940731268332,-9.82206763427163,-0.762195035169733
-44.5990947749112,-67.2440315098755,-59.0160474445502,-25.3254857155544,-10.5609914142697,-9.47839041455777,-0.627831120248186
-44.5215384559203,-67.1454348239413,-58.6443741982373,-24.929356635782,-10.2898796135058,-9.10894726181858,-0.487054561441654
-44.362330475085,-66.939790850952,-58.1916681711961,-24.4573024266588,-9.99180347397519,-8.71868221921554,-0.342500728162967
-44.1288202100132,-66.6385531919009,-57.670532126917,-23.9200538334204,-9.67508273326857,-8.31116919361172,-0.19654680898086
-43.8275819347393,-66.2517008102007,-57.0913532446299,-23.3263474295856,-9.34563850324693,-7.88886875668107,-0.0512824430414567
-43.4643885137049,-65.7877771026883,-56.4625396035184,-22.68316243712,-9.00746630261861,-7.45344783857883,0.0915015214790624
-43.0442859943407,-65.2540656860917,-55.7908501824353,-21.9960576987125,-8.66311549259771,-7.00609870815545,0.230312338805679
-42.5717011782059,-64.6568016562015,-55.0817211926875,-21.2695142644702,-8.31411063222961,-6.54782026693206,0.363945406389571
-42.0505441116297,-64.0013638296914,-54.3395434030622,-20.5072347700717,-7.96129235679865,-6.07964521240697,0.491466029386586
-41.4842919162257,-63.2924303423958,-53.5678819410605,-19.7123846520724,-7.60508115904949,-5.60280979298363,0.61218375714481
-40.8760557135185,-62.5341022948144,-52.7696499474473,-18.887780044436,-7.24567896126571,-5.11886976889663,0.725620764689244
-40.2286388860158,-61.7300090538715,-51.9472535739226,-18.0360350650785,-6.88322501456961,-4.62976870536755,0.831476471604769
-39.5445949417213,-60.8834082596779,-51.1027231513314,-17.1596810578783,-6.51791902900459,-4.1378647135925,0.92959100187111
-38.8262899902252,-59.9972883990646,-50.237839021715,-16.261266285994,-6.15011915364404,-3.64592071497843,1.01991007171285
-38.0759707072959,-59.074475539613,-49.3542539152104,-15.3434395804104,-5.78041769104352,-3.15706219691823,1.10245351362403
-37.29583526079,-58.1177407629171,-48.453608810063,-14.40901736595,-5.40969424317631,-2.67470580163447,1.17728904836981
-36.4881026137638,-57.1299018442875,-47.5376364956719,-13.4610310497962,-5.03914449926909,-2.20246215743678,1.2445122453346
-35.6550748188162,-56.1139116196419,-46.6082462323488,-12.5027509746382,-4.67028281132006,-1.74401712040123,1.30423296279652
-34.7991871496253,-55.072925928082,-45.6675835557638,-11.5376837568291,-4.30491768722134,-1.30299691717694,1.35656798800847
-33.9230417292688,-54.0103453425019,-44.7180607666317,-10.5695414325342,-3.94510099061561,-0.882824321091058,1.4016391168609
-33.0294216034472,-52.9298269469053,-43.7623558081329,-9.60218312048857,-3.59305369189607,-0.486574636297672,1.43957553256475
-32.1212837059069,-51.8352647600057,-42.8033796709091,-8.63953250182356,-3.2510731718453,-0.11684150178256,1.47051906374486
-31.2017309465098,-50.7307401234377,-41.8442151892404,-7.6854770238214,-2.92142905903533,0.22437705648475,1.49463074667004
-30.2739655131547,-49.6204461076087,-40.8880327185042,-6.74375693345966,-2.60625603606386,0.535762662150485,1.51209710438139
-29.3412273270798,-48.5085925813312,-39.9379904894672,-5.81785366315232,-2.30745265891701,0.816723169414195,1.52313471110204
-28.4067231289857,-47.3993005907813,-38.9971289708131,-4.91088736871947,-2.02659475165174,1.06739761096713,1.52799193303018
-27.4735526183018,-46.2964957094228,-38.0682689913923,-4.02553238542971,-1.7648703068738,1.28861952682193,1.52694719628173
-26.5446382142034,-45.2038098142634,-37.1539225251247,-3.16395710364918,-1.52304022353561,1.48184302958583,1.52030366762082
-25.6226642512164,-44.1244992374708,-36.2562229701525,-2.3277916143414,-1.30142605220888,1.64903968911243,1.50838075854274
-24.7100298807388,-43.0613846829401,-35.3768788120667,-1.51812298861428,-1.09992273666745,1.79257678324963,1.49150329433503
-23.8088179063805,-42.0168151548997,-34.5171512833178,-0.735514846683659,-0.918031676266883,1.91508830301477,1.46998946525532
-22.9207795901866,-40.9926549522815,-33.6778535634509,0.0199545440450901,-0.754907682459779,2.01934932889431,1.44413877088483
-22.0473335215972,-39.9902901036394,-32.8593667194349,0.748642714194572,-0.609412742556501,2.10816235184356,1.41422109661501
-21.1895751659534,-39.0106487240304,-32.0616661705736,1.45128920384302,-0.480169882516446,2.18426133401645,1.38046786261805
-20.3482929061029,-38.054228928324,-31.2843521342733,2.12896389929554,-0.365611623385254,2.25023637254144,1.34306591862632
-19.523986207921,-37.1211279919081,-30.5266780727103,2.78302225404569,-0.26401925549991,2.30847921834172,1.30215456796983
-18.7168819490335,-36.2110673472042,-29.7875724907266,3.41507012669308,-0.173551122787241,2.36114791903789,1.2578258287583
-17.9269457859461,-35.3234094648279,-29.0656512442791,4.02693879472324,-0.0922600820505726,2.41014761272834,1.21012779175227
-17.153886617638,-34.4571645782339,-28.3592196686733,4.62066860729726,-0.0181021158974195,2.45712396592981,1.15907071776278
-16.397153577788,-33.6109873119772,-27.6662660763212,5.19849788704478,0.0510603803771992,2.50346578270907,1.10463532488704
-15.6559264904205,-32.7831654771109,-26.98445038969,5.76285222780381,0.117455939395912,2.55031373444023,1.04678254910816
-14.9291022266947,-31.9716053894688,-26.3110936392159,6.31632839770943,0.183396573261129,2.59857277926132,0.985463929050386
-14.2152807899132,-31.1738198795825,-25.6431755710266,6.86166678869272,0.251259968188983,2.64892649188772,0.920631691252506
-13.5127560405396,-30.3869264034538,-24.9773483819727,7.40170686003667,0.323456263899472,2.70185207292177,0.8522476267131
-12.8195165898144,-29.6076631293769,-24.3099744398825,7.93932135375311,0.402375569215286,2.75763517126808,0.780289985229462
-12.1332623563222,-28.8324303379532,-23.6371945917339,8.47732712562728,0.490314212259259,2.81638379992863,0.704757885171178
-11.4514415175103,-28.0573628967258,-22.955031366286,9.01837301672372,0.589380019217984,2.87804058142372,0.625673129572956
-10.7713111270532,-27.2784370745644,-22.2595282621787,9.56480794586884,0.701379368533555,2.94239239995,0.543079784722828
-10.0900226725117,-26.4916118406507,-21.5469227531455,10.1185349715126,0.8276910594047,3.00907637563027,0.457042334346403
-9.40473156866085,-25.6930014448112,-20.8138470563822,10.6808591936581,0.969133926318063,3.07758103987544,0.367643576790786
-8.71272723938024,-24.8790727775861,-20.0575473460262,11.2523389602981,1.12583655358638,3.14724178958784,0.274983597017177
-8.01157817760021,-24.0468579328909,-19.2761090428258,11.8326510631756,1.2971185131019,3.21723021631726,0.179181062207744
-7.29928412573965,-23.1941693737569,-18.4686728638364,12.420481672753,1.48139348150048,3.28653776756163,0.0803777376848414
-6.57442515300825,-22.3198019559515,-17.6356233212016,13.0134558316016,1.67610553430298,3.35395537739226,-0.02125348262434
-5.83629478558083,-21.4237026297567,-16.7787283313617,13.6081191556808,1.87771071113493,3.41805208958303,-0.12549753791052
-5.08500167212834,-20.5070853782562,-15.9012062650537,14.1999852910124,2.08171599874688,3.47715710189437,-0.232084570440349
-4.32152221222458,-19.5724669388273,-15.0076965269806,14.7836603915076,2.28278614019502,3.52935077204651,-0.340678001491772
-3.54768644144218,-18.6236000681184,-14.1041136992639,15.353050120368,2.47492396164288,3.57247055914918,-0.450866269652652
-2.76608285717211,-17.6652877030301,-13.1973753198334,15.9016446654596,2.65172147410383,3.60413722347366,-0.562161379215168
-1.97987604723317,-16.7030747566277,-12.2950101126909,16.4228637225371,2.80666734774992,3.62180463320419,-0.674006890664209
-1.19254388076224,-15.7428337145733,-11.4046749342609,16.9104291060227,2.93348374854306,3.62283335432883,-0.785796634373766
-0.407556459791434,-14.7902818635758,-10.5336297474742,17.3587221382889,3.02645585790787,3.60458446579298,-0.896903353407717
0.371967210478501,-13.8504854971911,-9.6882335104919,17.763081057671,3.08071491404589,3.56452682683515,-1.00671410272926
1.14358171374903,-12.9274130410493,-8.87352373492629,18.1200030846042,3.09244290380293,3.50034949480696,-1.11466720910835
1.90577654907893,-12.0235908879814,-8.09292658718886,18.42723522193,3.05898329340181,3.41007189328301,-1.22028459344649
2.65814854437079,-11.1398943407803,-7.34811667032097,18.6837619597699,2.97886300697105,3.29214756460256,-1.32319364392678
3.40147598656466,-10.2754781467631,-6.63901463095401,18.8897194845847,2.8517499662252,3.14556194188957,-1.42313448424652
4.1377031535508,-9.42782571320767,-5.96388602696957,19.0462787407946,2.67838249957495,2.96992908965585,-1.51995084638895
4.86985612931607,-8.59288061080587,-5.31949290194322,19.155541357643,2.46050939125041,2.76559538192934,-1.61356510023978
5.60191426648623,-7.76522154746153,-4.70125163671502,19.2204844778422,2.20087311014764,2.53375862675328,-1.70393974634033
6.33865673798198,-6.93825133887986,-4.1033640277478,19.2449764681216,1.9032565508465,2.27660864992491,-1.79102865963829
7.08549281909868,-6.10438751544688,-3.51890849989009,19.2338687340658,1.57259809805742,1.99748943679348,-1.87472180007516
7.84827124649495,-5.25526245922348,-2.93990070037662,19.1931511199276,1.21516229547308,1.70107315060949,-1.95478746638073
8.63305159902621,-4.38196021042497,-2.35735463554808,19.1301395663328,0.838733710085398,1.39352226153469,-2.03081700670981
9.44581251518405,-3.47533140377114,-1.76139490517162,19.0536440976779,0.452779271075663,1.08259786680881,-2.10217858189636
10.2920715779492,-2.5264324416336,-1.14148433079537,18.9740436097173,0.0685008056453889,0.777652351252461,-2.16798903538654
11.1764043714213,-1.52712364080948,-0.486833391030988,18.9031762202041,-0.301319440469025,0.489429025904243,-2.22711535292634
12.1018793214196,-0.47082697082868,0.212960747128211,18.8539510111908,-0.642779584385844,0.229591610331726,-2.27821783609137
13.0694697936738,0.646615313688985,0.967046160544093,18.8396145022915,-0.941692621461645,0.00993705321769234,-2.31984347555593
14.0775551519817,1.82611472170115,1.78229841551195,18.8726762413797,-1.18478271459361,-0.158683333247935,-2.35056801723794
15.1216552979219,3.0647394573496,2.66232376308336,18.9636089533738,-1.3611095021183,-0.267604008460373,-2.36916935767335
16.1945300753984,4.35555188440778,3.60671765135078,19.1195566193189,-1.4634600698287,-0.311511781527482,-2.37479822877453
17.286699954014,5.68801115996952,4.61080200686359,19.3433496766694,-1.48938165005381,-0.289257133013899,-2.3671035342977
18.3873246469389,7.04892117974985,5.66595818602068,19.6330868476872,-1.44157832617919,-0.204085164565586,-2.34627695685137
19.485262795114,8.42373771377839,6.7605029286191,19.9823939375295,-1.32756328958008,-0.0632162556669211,-2.31300452606708
20.5700848931978,9.79794648533139,7.88089867492227,20.3812731419024,-1.15867418147703,0.123105497512749,-2.26834174946385
21.6328459730372,11.1582324022645,9.01301942928799,20.8173041789702,-0.948721640288708,0.342844976983158,-2.21354974032919
22.6665189579401,12.4932622335207,10.1432293680879,21.2769121574345,-0.712585720956543,0.583412140017767,-2.14993415706908
23.6660930991963,13.7940376748221,11.2591368847432,21.7464733462203,-0.465008016147714,0.832691759529832,-2.07871837955708
24.6284131943793,15.0538833408593,12.3500025436394,22.2131384461323,-0.219706264855768,1.07976656038049,-2.00096550359302
25.5518614690446,16.2681876051792,13.4068622029789,22.6653576391675,0.0111757906630725,1.31533157856204,-1.91754869186603
26.4359756652286,17.4340190034837,14.4224634988611,23.0931603203977,0.217343471979695,1.53185707122844,-1.82916026514117
27.2810726452474,18.5497179647644,15.391114140669,23.4882698308045,0.390439032474665,1.72357742674769,-1.73634658199626
28.0879213833719,19.6145324347138,16.3085200914755,23.8441300113746,0.524025154706032,1.88637708985267,-1.63955614543774
28.8574895531592,20.628337550951,17.1716636196679,24.1558996933802,0.613524672751105,2.01762599755003,-1.53919034942633
29.5907745780191,21.5914569031614,17.978742494554,24.4204440844698,0.656149592333694,2.11599674600087,-1.43564854942709
30.2887204647712,22.5045847481991,18.7291654303159,24.6363255410672,0.650826998332898,2.18127915474951,-1.32936132584635
30.9522131225658,23.3687928775209,19.42357736423,24.8037753514675,0.598110345191476,2.21419708292218,-1.22080805393628
31.5821378572701,24.1855923857629,20.063874094839,24.9246167757534,0.500054697702073,2.21622732931223,-1.11051742717168
32.1794741861281,24.9570113462429,20.6531624715802,25.0021102592229,0.360035095725827,2.18942015878806,-0.999052371907548
32.7453976273765,25.6856474851118,21.1956316359507,25.0407044131343,0.182497543158188,2.13622369186182,-0.886983431144442
33.2813583763178,26.3746623614265,21.6963211682076,25.045697261109,-0.0273514269438673,2.05931795831709,-0.774856538310965
33.7891138334892,27.0276993021458,22.1607976906905,25.022834490943,-0.263893809649233,1.96146688246949,-0.663161594677602
34.2707042867564,27.6487271515825,22.5947745248153,24.9778875664285,-0.521453573767507,1.84539661277473,-0.552307264112559
34.7283750420547,28.2418298968252,23.0037224435235,24.916259623469,-0.794617750613267,1.71370630721062,-0.442605279851734
35.164459916287,28.8109735592236,23.3925204293507,24.8426606579487,-1.0784947351642,1.56881360223787,-0.334265042967674
35.5812476096064,29.3597844898226,23.7651854032267,24.7608792578311,-1.36889136186607,1.41293285623296,-0.227397130387739
35.9808533564041,29.8913684111814,24.1247038677432,24.6736613585672,-1.66240364617634,1.24808102581248,-0.122023011359946
36.3651147196759,30.4081902981694,24.472971713739,24.5826919998909,-1.9564271596617,1.07610431735195,-0.018087924258461
36.7355242370255,30.9120245422284,24.8108347437045,24.488666224832,-2.24910004834063,0.898718543822442,0.0845256835897869
37.0932048151087,31.4039751903146,25.1382133987222,24.3914303975019,-2.53919473371933,0.717556997538425,0.185985823683525
37.4389274633587,31.8845584004059,25.4542903942113,24.2901739862022,-2.82597449140476,0.53422105263448,0.28650034789377
37.7731658312793,32.3538338109675,25.7577382902405,24.1836525331369,-3.1090298456307,0.35033012317191,0.386307717029313
38.0961782262611,32.8115679668241,26.0469640874338,24.0704235952478,-3.38810825048286,0.167568651421146,0.485668202188921
38.4081054389168,33.2574110284888,26.3203488614062,23.9490781142486,-3.66294953935657,-0.0122717236533917,0.584854322916723
38.7090716907665,33.69106748453,26.5764617730822,23.8184497864958,-3.93313925692222,-0.187256837473806,0.684139465652634
38.9992763440068,34.1124425011458,26.8142296019244,23.6777850117426,-4.19799198350639,-0.355284297399164,0.783784068360528
39.2790655639658,34.5217478887246,27.0330455541748,23.5268566217236,-4.45647663215818,-0.514071412670984,0.884019362875197
39.5489756164846,34.919555303418,27.2328048060915,23.3660065175337,-4.70719491317373,-0.66116220696834,0.985029254776608
39.8097425692754,35.3067889736597,27.4138592553729,23.1961060707851,-4.94842232880598,-0.793960355047996,1.08693130694583
40.0622763536706,35.6846554475525,27.576890158266,23.0184287006062,-5.1782180386912,-0.909795933477631,1.18975783294981
40.3075999284346,36.0545129790278,27.722704309452,22.8344359923648,-5.39460586084033,-1.00603431417298,1.29343774252271
40.5467563332033,36.4176876770849,27.8519666075315,22.6454863427348,-5.59582387151045,-1.0802351155454,1.3977790791945
40.7806876564151,36.7752471791393,27.9648887433343,22.4524826795174,-5.78063482207233,-1.13036757315391,1.5024513490477
41.0100906983891,37.1277456333648,28.0609002474935,22.2554830500996,-5.94868381430017,-1.15508551726568,1.60696607659977
41.2352550838304,37.4749570121121,28.1383346924096,22.0533053053816,-6.10088260766864,-1.15405946237633,1.71065392969259
41.4558919256301,37.8156186616204,28.1941714686316,21.8431660857262,-6.23979011744279,-1.1283536934528,1.81263764184551
41.6709659517022,38.1472148443901,28.2238829416956,21.6204062615813,-6.36994438519296,-1.08082084075936,1.91180217037815
41.8785521552772,38.4658414332331,28.2214472158801,21.3783700907518,-6.49808192323631,-1.0164638362994,2.00676721129303
42.0757489615558,38.7662059064878,28.1795939023723,21.1085201208247,-6.63315847198956,-0.942686142571215,2.09587203842961
42.2586907581019,39.0418254420894,28.0903449843067,20.8008748574983,-6.7860695733979,-0.869321758328228,2.17718749503512
42.4227070549688,39.2854793807101,27.9458814132936,20.4448354466491,-6.96897633965859,-0.808321007974115,2.24857246066046
42.562664142478,39.4899373019233,27.7396960443143,20.0304032913827,-7.1941922831687,-0.772988912943746,2.30778875902475
42.6734896514147,39.6489129095021,27.467886369856,19.5496762533552,-7.47269448578523,-0.776752192622842,2.35267609690184
42.7508215496159,39.7580976766782,27.1303259705518,18.9983701717839,-7.81247258365171,-0.831571400807468,2.38136739464341
42.791658852341,39.816044816839,26.7313919587136,18.3770069338276,-8.2170656941281,-0.946278304301453,2.3925014222627
42.7948551507234,39.8246577585948,26.2799803828457,17.6914187759095,-8.68467617041182,-1.12522592220399,2.38537657349721
42.761318870535,39.7891230313463,25.7887277956998,16.9523802957711,-9.20813088019093,-1.36760926206064,2.35999846643152
42.6938677359561,39.7172939225582,25.2726073275748,16.1744451667338,-9.77571110395237,-1.66763187524214,2.31700537275983
42.596792658092,39.6187015423939,24.7472603726648,15.3743086474409,-10.3726052354996,-2.01543433881123,2.25749521908451
42.475265103667,39.5034608535174,24.2274674832603,14.5691212427766,-10.982584153894,-2.39849214225333,2.18280620088422
42.3347391986818,39.3813186242263,23.7260529239135,13.7751124884308,-11.5895139301236,-2.80312019337409,2.09430823227621
42.1804609800328,39.2609901232297,23.2533343586479,13.0067104514818,-12.1784622356001,-3.21578830990667,1.99324743283936
42.0171334240692,39.1498129837945,22.8170635382398,12.2761592002623,-12.7363319892228,-3.62408944402182,1.88066263346103
41.8487287211123,39.0536579285071,22.4227063899592,11.5935102096451,-13.2520937295918,-4.01733521900321,1.75737272629179
41.6784050804743,38.9769935287902,22.0738835822397,10.9668113231765,-13.7167586282421,-4.38683948161838,1.62402153740668
41.5084755855026,38.9229992969054,21.7728119035286,10.4023228575785,-14.1232451017095,-4.72598438213308,1.48116198147283
41.3403851831994,38.8936441268099,21.5206284704588,9.90463201354798,-14.4662644313399,-5.03015947225269,1.32936040993338
41.1746717029996,38.8896841060755,21.3175305972417,9.4765982155316,-14.7423020489265,-5.29664056526579,1.16930262747521
41.0109116868463,38.9105776998029,21.1627201453602,9.11913450446069,-14.9497118312452,-5.52444537001489,1.00188406779073
40.8476756991157,38.9543603664019,21.0541998477408,8.83090427148616,-15.0888795595578,-5.71417573351449,0.828268692666359
40.6825336216588,39.017554738476,20.9885220168083,8.6080719023027,-15.1623610563509,-5.86783696777996,0.649905539675309
40.5121512691884,39.0952039122288,20.9606210991038,8.44426759985827,-15.174877089538,-5.98861649856332,0.468499126996633
40.3325023024555,39.1810949565436,20.963853780066,8.33089278417069,-15.1330649763402,-6.08060793307881,0.285939217057428
40.139188001681,39.2681896450697,20.9903180824634,8.25780463604609,-15.044946481831,-6.14848004636145,0.104204220449681
39.9278235907662,39.3492163268515,21.0314404170097,8.21430453912826,-14.9191543450939,-6.19710702770061,-0.0747422687922023
39.6944274383444,39.417325583462,21.0787374636901,8.19025937961269,-14.7640338963071,-6.23118926795687,-0.249042605888292
39.4357474184254,39.4666927302071,21.1246094507834,8.17714383991444,-14.5867734494681,-6.25489806222124,-0.417010170158959
39.149476103805,39.4929667698427,21.1630181787304,8.16881640358276,-14.3927073923914,-6.27157270177116,-0.577162979296591
38.834334359863,39.4935067955659,21.1899404678429,8.16191356675319,-14.1848901493399,-6.28348860809084,-0.728228594755189
38.4900301190961,39.4673944761726,21.2035447027239,8.15583327779757,-13.9639799089346,-6.29170577610238,-0.869128800378521
38.1171179466581,39.4152497158093,21.2040929721961,8.15235165582074,-13.7284187357523,-6.29600144554584,-0.998955017205494
37.7167932888695,39.3388990477272,21.1936107746053,8.15496306052841,-13.4748606947434,-6.29488998785741,-1.11694501334
37.2906553111257,39.2409541850613,21.1753879006467,8.16805354136253,-13.1987815359725,-6.28573406330788,-1.22246906373258
36.8404679057603,39.1243568794072,21.1533823883006,8.19602009264161,-12.8951959950909,-6.26495043389717,-1.31503015774013
36.3679430262726,38.9919411459852,21.1316004104518,8.24244152701451,-12.5594053812201,-6.22830813360211,-1.39427876758199
35.8745654796819,38.8460577207823,21.1135222787204,8.30939519381115,-12.1876961908127,-6.17130477794734,-1.46003861446547
35.3614733911036,38.688297948336,21.1016383138053,8.39699620082797,-11.7779121410898,-6.08959049724143,-1.51233645217175
34.8294027629303,38.5193432984035,21.097145610261,8.50320904264691,-11.3298323512936,-5.97939326183521,-1.55142694137971
34.2786970978258,38.3389509464613,21.0998354953042,8.62394446240043,-10.8453114739545,-5.83789071189881,-1.5778039260187
33.7093745047734,38.1460665131482,21.1081729150635,8.7534112583115,-10.3281726594129,-5.66347720546228,-1.5921920479163
33.1212367505172,37.9390359737177,21.119538475544,8.8846531442113,-9.7838842766671,-5.45589163377447,-1.59551702265664
32.5139995633437,37.7158750625606,21.1305793577137,9.01017568337034,-9.21908537879999,-5.21619731214806,-1.58885770732816
31.8874226728523,37.4745500906114,21.1376035846703,9.12256472760409,-8.64104321030599,-4.94663202121089,-1.57338680620737
31.241421489514,37.2132294815746,21.1369553840945,9.2150151332599,-8.0571245651835,-4.65036612666154,-1.55030866144146
30.5761486704079,36.9304779176371,21.1253247933109,9.28171933605837,-7.474344693158,-4.33121514247615,-1.52080193383981
29.8920408945318,36.6253801410867,21.099965862278,9.31809916740545,-6.89903065027356,-3.99335021193361,-1.48597274141633
29.1898322217595,36.2975950321999,21.0588183222659,9.32089223560541,-6.33660922343028,-3.64103937162646,-1.44682099186482
28.4705394038699,35.9473499962443,21.0005429447072,9.28812165959258,-5.79150896321425,-3.27843891264133,-1.40422009485824
27.7354263844044,35.5753904231984,20.9244894787432,9.21898470027685,-5.26715384661881,-2.90944162605598,-1.35890846777667
26.9859553627739,35.1828997701828,20.8306186828372,9.11369441613109,-4.76602196458981,-2.53757941568141,-1.3114903494356
26.2237309422714,34.7714041444974,20.7193984400735,8.97330235201906,-4.28974411504605,-2.16597222674596,-1.26244325232747
25.4504425604711,34.3426723928573,20.5916901900729,8.79952245527146,-3.83922170181592,-1.79731292916793,-1.2121296515591
24.6678090639041,33.8986196552439,20.4486374994582,8.59456893998196,-3.4147488487345,-1.43387774194506,-1.16081098777181
23.8775281088412,33.4412196159021,20.2915644568114,8.36101470631242,-3.01612882697928,-1.07755302484593,-1.10866257714944
23.0812321520768,32.9724285448168,20.1218882018746,8.10167248123912,-2.64277913744738,-0.729871056933843,-1.05578847873128
22.2804520871892,32.4941226291437,19.9410473662237,7.81949794961568,-2.29382271237466,-0.392049287166792,-1.00223572691017
21.47658907283,32.0080490103252,19.7504464746637,7.51751250430467,-1.96816479538447,-0.0650292251301416,-0.948007594326575
20.6708947071371,31.5157902121464,19.5514152624285,7.19874251866998,-1.66455631867702,0.250487468627823,-0.893075720813472
19.8644593871254,31.0187411652523,19.3451812478938,6.8661719411171,-1.38164523795099,0.554007048960289,-0.83739104830292
19.0582084355806,30.5180977383752,19.1328536359272,6.52270530098585,-1.11801750383269,0.845216461245778,-0.780893559640174
18.2529053258212,30.014855458486,18.9154165659837,6.17113871182514,-0.872229295209286,1.12396080895951,-0.723520845262268
17.4491611194458,29.5098169621461,18.6937298134746,5.81413705116749,-0.642831937065199,1.3902251191054,-0.66521552931987
16.6474490083771,29.003606572053,18.4685351937566,5.45421607996352,-0.428390657204171,1.64411978057216,-0.605931582466555
15.8481226712049,28.4966902945465,18.2404671024557,5.09372879091235,-0.22749807007425,1.88586891419382,-0.54563954002469
15.0514369938781,27.9893994307056,18.0100657878461,4.73485568570896,-0.0387830555777522,2.11580090064195,-0.484330634330352
14.2575696092285,27.4819559379203,17.77779209908,4.37959895543611,0.139084440968813,2.33434032023246,-0.422019842972279
13.4666416858776,26.9744976681364,17.544042569462,4.02978065628279,0.307392208319324,2.54200062652205,-0.358747852235021
12.6787364643209,26.4671016661378,17.3091637815289,3.68704493510226,0.467387637641291,2.73937696611106,-0.294581939247884
11.8939142208342,25.9598038814601,17.0734650490228,3.35286418592544,0.620281992971724,2.92713865953537,-0.229615788672641
11.1122226114897,25.4526138861278,16.8372285196019,3.02854873323678,0.767256223026197,3.10602095749794,-0.163968279966655
10.3337017365765,24.9455235770946,16.6007159210761,2.71525929958332,0.909467242251214,3.27681578381575,-0.0977813102638608
9.55838370682486,24.4385092868839,16.3641713096288,2.41402116964507,1.04805342709307,3.44036126131866,-0.0312167535205982
8.78628696972764,23.9315272413778,16.1278193683715,2.12573867696065,1.18413796805674,3.5975298926962,0.0355473026678121
8.01740611674949,23.4245028454844,15.8918590485718,1.85120846553883,1.31882872786107,3.74921533695231,0.102320858772445
7.25169827694022,22.9173147593633,15.6564526101327,1.59112995094459,1.4532133999609,3.89631778041363,0.168906620036148
6.48906748117416,22.409775136851,15.4217104071369,1.34611154261486,1.58834903854939,4.03972795495527,0.235104672330952
5.72934851351385,21.9016076640934,15.1876720328535,1.1166714756497,1.72524541340944,4.18030990122767,0.300716941456428
4.97229174666295,21.3924251421932,14.9542846622038,0.903232499773318,1.86484208462055,4.3188826101072,0.365551156815582
4.21755030388483,20.8817083094097,14.7213795903671,0.706110131438984,2.00797953791325,4.45620070097716,0.42942405625815
3.4646706347637,20.3687874166029,14.4886480502153,0.525494632047898,2.15536511853794,4.59293431023806,0.492163604469355
2.71308728884664,19.8528278027061,14.255617404946,0.36142727967356,2.30753481291835,4.72964837162212,0.553610050874204
1.96212237749987,19.3328204335065,14.0216287830824,0.213771822217355,2.46481214227041,4.86678148236633,0.613615721296233
1.21098997892533,18.8075781167088,13.7858171768847,0.0821822321863493,2.62726556737517,5.00462457845679,0.672043515857313
0.458805602472999,18.2757379582705,13.5470950155224,-0.0339319474959194,2.79466590539316,5.1432997123145,0.728764169979863
-0.295399203489023,17.7357705939971,13.3041402784271,-0.135441222435065,2.96644538992203,5.28273935763254,0.783652422431452
-1.05265695211309,17.1859968210952,13.0553903607262,-0.22353108270362,3.14166023299449,5.42266688200742,0.836582322674604
-1.81403875940671,16.6246124464926,12.7990431553645,-0.299734293724078,3.31895893137152,5.56257914913296,0.887421999933476
-2.58062294709866,16.04972236728,12.5330671290871,-0.365958111149117,3.49655912082288,5.70173263369405,0.936028307506557
-3.35345730847649,15.4593850310125,12.2552224981891,-0.42450336139943,3.67223649847875,5.83913494067049,0.982241847475839
-4.13351480734821,14.851668329051,11.9630958214683,-0.478071600318381,3.84333009810607,5.97354414945779,1.02588296530272
-4.92164293050596,14.224717514542,11.6541502702127,-0.529755870618825,4.00676882177875,6.10347884655805,1.06674936659815
-5.71850772084271,13.5768347809154,11.3257933274456,-0.583010157659903,4.15912431471911,6.22724191255954,1.10461602631809
-6.52453468754279,12.906568574124,10.9754625001568,-0.641592807880738,4.29669464548484,6.34296087377101,1.13923799890203
-7.33985024512863,12.2128086100147,10.6007277041235,-0.709480278599536,4.41562146038947,6.44864671705114,1.17035656277852
-8.16422885229994,11.4948801271697,10.1994063182018,-0.790749920835302,4.5120400695329,6.54227134092483,1.19770881659141
-8.99705224354902,10.7526285766605,9.76968378248386,-0.889434140023988,4.58225733967623,6.62186128584993,1.22104038798452
-9.83728761721038,9.98648438633298,9.31022960215218,-1.00935294924799,4.62294681890885,6.68560231444058,1.24012036422554
-10.6834909239497,9.19749734990831,8.82029651496027,-1.15393688008399,4.63134521484488,6.73194635172217,1.25475700490554
-11.5338392495431,8.38733212981274,8.29979023878266,-1.32605629848509,4.60543059027672,6.75971003062875,1.26481239012182
-12.3861928261063,7.55822042252535,7.74929922972744,-1.52787510333057,4.54406182885372,6.76815342218245,1.27021403649964
-13.238183020732,6.71287098792673,7.17007828954518,-1.76074558937093,4.44706193946567,6.75702899979871,1.27096177370621
-14.0873186487425,5.85434483312711,6.56398595008584,-2.02515671536036,4.31523448236388,6.72659446183592,1.26712880832889
-14.9311001507371,4.98590793623367,5.93338203050738,-2.32074090081279,4.15031154944734,6.67758805235674,1.25885678836603
-15.767130264533,4.11087673809075,5.28099708278922,-2.64633636851392,3.95484122374363,6.61117031880575,1.24634560977336
-16.5932110017904,3.23247161676656,4.60978841952904,-3.00009484566166,3.7320300772639,6.5288405891722,1.22983945424291
-17.4074195648627,2.35369090521243,3.92279756420581,-3.37961967050117,3.48556046679913,6.43233892168545,1.20961095292236
-18.2081595176799,1.47721363600388,3.22302162061348,-3.78211774384439,3.21940268927708,6.32354458699313,1.18594538814876
-18.9941871111989,0.605334299703856,2.51330713501841,-4.20455009688483,2.93763906732721,6.20438058236684,1.15912653410326
-19.7646155004895,-0.260071418481715,1.79627065252876,-4.64376923215914,2.64431206273708,6.07673097665569,1.1294252327778
-20.5189012785004,-1.11755403089378,1.07424628186222,-5.09663567027508,2.34330299589385,5.94237482910143,1.09709124547382
-21.256818347836,-1.96607648502916,0.349257756687301,-5.56011028693236,2.03824304865413,5.80293768695622,1.06234843027242
-21.9784238522557,-2.80498528503884,-0.376989130335423,-6.03132237020116,1.73245459655414,5.65985961024844,1.02539293273637
-22.6840200597285,-3.63397194265627,-1.10309837898077,-6.50761559193728,1.42891873324256,5.51437741674836,0.986393856862342
-23.3741150486763,-4.453029115274,-1.82796433403274,-6.98657529954655,1.13026394488925,5.36751830086215,0.945495786822347
-24.0493840208006,-5.26240455670048,-2.55074466420322,-7.46604090007274,0.838770922991287,5.2201019698385,0.902822522297696
-24.7106322126614,-6.06255487513098,-3.27082863432806,-7.94410690646436,0.556389099992652,5.07274876281974,0.858481437143608
-25.3587597725995,-6.85410020159251,-3.98780271454749,-8.41911570709902,0.284761332127514,4.9258916988292,0.812567944823463
-25.9947285816795,-7.63778026219829,-4.70141489708834,-8.88964449820252,0.0252540031208455,4.77979090446423,0.765169635379081
-26.6195308534033,-8.41441202269423,-5.41153862685497,-9.35448824141379,-0.221009462081315,4.63454933341797,0.71636973108364
-27.2341593333688,-9.18484897500142,-6.11813699251432,-9.8126400342569,-0.453113174340045,4.4901290533819,0.666249586962443
-27.8395790477132,-9.94994221873973,-6.82122775173635,-10.2632699620423,-0.670312655798678,4.3463676417719,0.614890042113537
-28.4367007172671,-10.7105036776664,-7.52084982478043,-10.7057033162796,-0.871999119440881,4.20299439534137,0.562371509454244
-29.0263561598882,-11.4672720318741,-8.21703203835947,-11.1393990040174,-1.05766529513987,4.05964614302987,0.508772778400409
-29.6092761695225,-12.2208821737587,-8.90976507229908,-11.5639289778656,-1.22687405439264,3.91588246931087,0.454168595852493
-30.1860715079971,-12.9718391838808,-9.59897771546875,-11.9789595558673,-1.37923120196933,3.77120013503911,0.398626184144308
-30.7572177245522,-13.7204979330239,-10.2845186261633,-12.3842355135539,-1.51436386424514,3.62504643765882,0.342200944528743
-31.3230445608701,-14.4670494523863,-10.9661447989912,-12.7795677922191,-1.63190586790681,3.47683120363986,0.284931675706987
-31.8837306882662,-15.2115151693057,-11.6435178479976,-13.1648255451733,-1.73149134529025,3.32593706187732,0.2268357017551
-32.4393044975047,-15.9537500054598,-12.3162090357711,-13.5399330433925,-1.81275752463167,3.17172761968246,0.167904346970242
-32.9896516025019,-16.6934551792282,-12.9837137133924,-13.9048716857801,-1.87535728266439,3.01355315568841,0.108099211571738
-33.5345296582673,-17.4302013634926,-13.6454755108243,-14.2596870467111,-1.9189815860736,2.85075346514597,0.0473496888924328
-34.0735909775537,-18.163462597006,-14.3009202269625,-14.6045005620403,-1.94339145989093,2.68265754458423,-0.0144478805790526
-34.6064132923814,-18.892661038367,-14.9494989389814,-14.9395251623246,-1.94845862835175,2.50857989900039,-0.077429100730384
-35.1325387269956,-19.6172222118054,-15.5907393457261,-15.265083898512,-1.9342134924915,2.32781339998097,-0.141758249562455
-35.6515206835729,-20.3366398385928,-16.2243038114135,-15.5816304205686,-1.90089865334502,2.13961884051928,-0.207622779678059
-36.1629778173333,-21.0505486353137,-16.8500519660684,-15.8897700373052,-1.84902575833152,1.94321163199635,-0.275225686379304
-36.666653617349,-21.7588026137982,-17.4681050720836,-16.1902799947009,-1.7794330411694,1.73774648502326,-0.344776018159939
-37.1624793551122,-22.4615554902285,-18.0789087185423,-16.4841275301366,-1.69334054445532,1.52230141351007,-0.416477978712546
-37.6506373826538,-23.1593388863215,-18.6832898044154,-16.7724841493004,-1.59239966627318,1.2958629930662,-0.490519215865462
-38.1316210697634,-23.8531332016983,-19.2825032814815,-17.0567343956659,-1.47873337023843,1.05731546956487,-0.5670589810695
-38.6062871052127,-24.5444254190412,-19.8782637588689,-17.3384770699432,-1.35496314751225,0.805437012729719,-0.646216840133836
-39.0758956129362,-25.2352477890726,-20.4727568720578,-17.6195164094331,-1.22421861587338,0.538907099424627,-0.728062494527736
-39.5421334217668,-25.9281912283122,-21.0686251673213,-17.9018400569621,-1.09012544153487,0.256329635640292,-0.812607014123896
-40.0071159738083,-26.6263873405077,-21.668923118384,-18.1875797872057,-0.956767004902445,-0.0437230589656301,-0.899795391014154
-40.4733634156549,-27.3334529149146,-22.2770355194205,-18.4789498298225,-0.828614783003948,-0.362639925694949,-0.989499822723369
-40.9437463291712,-28.0533904021692,-22.8965528154525,-18.7781563572605,-0.710421672556053,-0.701668881672746,-1.08151257474717
-41.421395970106,-28.7904369115006,-23.5310958095997,-19.087270383153,-0.60707134820232,-1.06177713932051,-1.17553672843339
-41.9095727136253,-29.5488526956876,-24.1840808238369,-19.4080553013181,-0.523375314781485,-1.44346943389565,-1.27117268784778
-42.4114847663475,-30.3326382311935,-24.8584153822702,-19.741740227039,-0.463807950105654,-1.84656123345842,-1.36789812381463
-42.930047505847,-31.145167757126,-25.5561150157777,-20.0887322333508,-0.432169459934049,-2.26990766495633,-1.46503924315644
-43.4675734964704,-31.9887286304495,-26.2778361682844,-20.4482663674268,-0.431169021138903,-2.71109581582927,-1.56173214274582
-44.0253862490308,-32.8639631775784,-27.0223315805786,-20.8180043540242,-0.461928294006727,-3.16612011906467,-1.65687488932486
-44.6033606359145,-33.7692276004793,-27.7858572411569,-21.1936141102452,-0.523422844337214,-3.62907961940385,-1.74907429533904
-45.1994135073425,-34.6999159453798,-28.561597781063,-21.5683945776067,-0.611909953983758,-4.09196271314991,-1.83659647349405
-45.8090027454982,-35.6478490208873,-29.3392302082263,-21.9330521938533,-0.720437546196554,-4.54461624810339,-1.91733694791658
-46.4247403177198,-36.6008932577426,-30.1048045585898,-22.27577625734,-0.838584633729197,-4.97502075819551,-1.98883285963128
-47.0362727928703,-37.5430314792014,-30.8411579670338,-22.5827767485591,-0.952628376870975,-5.36999055518972,-2.04834296329766
-47.6306037197114,-38.4551140483406,-31.5290511223016,-22.8394039560358,-1.04632813915201,-5.71635766924708,-2.09301495168738
-48.1929869464325,-39.3164215710602,-32.1490760946017,-23.0318328025739,-1.10241763475508,-6.00256308883241,-2.12013895141342
-48.7083807465458,-40.106942488814,-32.6841249322456,-23.1490740515736,-1.10468490258113,-6.22038785046811,-2.12745181388578
-49.1632413942577,-40.8099627880096,-33.1219095376127,-23.1848504844259,-1.04025191482196,-6.36639188464593,-2.11342182249012
-49.5472437804576,-41.4143288536793,-33.4568503874265,-23.1387870400989,-0.90147804130862,-6.44260721992037,-2.07742977173464
-49.8544687737275,-41.9157474130703,-33.6907569973045,-23.0165146942348,-0.686948091729178,-6.45622149202048,-2.01978678453113
-50.0837510369818,-42.3167785684583,-33.8321055741719,-22.8286420843795,-0.401292538566155,-6.41832347334078,-1.94158555492576
-50.2381663440756,-42.6256183330519,-33.8941869393883,-22.5889237634369,-0.0539821926801523,-6.34208899588702,-1.84444028683353
-50.3238992539652,-42.8541194547641,-33.8927029673009,-22.3121525263227,0.342470759247123,-6.24090496566286,-1.73020006397728
-50.3488493270628,-43.0156103833707,-33.8434141750675,-22.0122599021831,0.774411074849589,-6.12683498666252,-1.6007110125319
-50.3212954314319,-43.1229599795838,-33.7602515614951,-21.7009094080554,1.22867461114985,-6.00962120889779,-1.45766879549013
-50.24881539227,-43.1871269710861,-33.6540577441693,-21.3866505576263,1.69379525058993,-5.89621905825414,-1.30256686209431
-50.1375353940693,-43.2162501770806,-33.5319372402764,-21.0745605041331,2.16078303147838,-5.79074547243954,-1.13672162781527
-49.9917046245671,-43.2152319453865,-33.3971108136312,-20.7662519681073,2.62355085427222,-5.69469094381077,-0.961345778474414
-49.8135583403617,-43.185735006447,-33.2491595447256,-20.4601404960872,3.07907457975093,-5.60726932081149,-0.777640817629797
-49.6034269542083,-43.1265161559831,-33.0845654805723,-20.151899675351,3.52734130700388,-5.52582220293393,-0.586884560280226
-49.3600476428867,-43.034024632028,-32.8974708853527,-19.8350588005207,3.97110646645672,-5.44623419799598,-0.390495272788888
-49.0810248980099,-42.9031806822735,-32.6805708758516,-19.5016998772444,4.41546439212613,-5.36334161598651,-0.190060471732404
-48.7633665851431,-42.728222232064,-32.426029130862,-19.1431924724325,4.86724753232879,-5.27132946027937,0.0126749433495099
-48.4040027967002,-42.5034822475194,-32.1262833469309,-18.7508810583126,5.33430064217386,-5.16411362701952,0.21585944114834
-48.0001912157863,-42.2239594367299,-31.774610463371,-18.3166305622792,5.82471125088781,-5.03570261902412,0.417615645231802
-47.5497356706334,-41.8855852921201,-31.3653660934234,-17.8331570491503,6.34609571327499,-4.88053111278449,0.616136433778202
-47.0509925894792,-41.4851667791466,-30.8938924064718,-17.2941224570364,6.9050272146921,-4.6937596730971,0.809778356770252
-46.502698347631,-41.0200720559213,-30.3561781867579,-16.6940390032395,7.50664907880073,-4.47154113964699,0.997134688037142
-45.9036978751248,-40.4877942961097,-29.7484209547979,-16.0280853124484,8.15445951060913,-4.21126240871739,1.17707431045595
-45.2526755281249,-39.8855534894929,-29.0666617709272,-15.2919623708591,8.85020469465374,-3.91177699102364,1.34873893402794
-44.5479804322247,-39.2100762510084,-28.3066382307901,-14.4819078395833,9.59379281981444,-3.57364573070442,1.51149804926794
-43.7876100409662,-38.4576458540686,-27.4639483033424,-13.594951635691,10.3831469476944,-3.1993984688622,1.6648668461613
-42.969382209652,-37.6244616642224,-26.534560312593,-12.6294494865616,11.2139442116993,-2.79381709989132,1.80839629351544
-42.0912984033071,-36.7073042238241,-25.5156570376355,-11.5858849690948,12.0792338804703,-2.36421927669598,1.94154707018492
-41.1520807989633,-35.7044706360182,-24.4067638296931,-10.467884141941,12.9689817036158,-1.92069074125326,2.06356139184339
-40.1518474760607,-34.6169127314124,-23.2110676972938,-9.28333048471229,13.8696513296625,-1.47617321967919,2.17335050252055
-39.092861559314,-33.4494599160453,-21.9367677120938,-8.04539018865228,14.764003071028,-1.04627013482958,2.26942131256572
-37.9802433274644,-32.211927441545,-20.5981975367255,-6.77316007283707,15.6313519577692,-0.648602127079132,2.34987169759694
-36.8224723543738,-30.9198091335439,-19.2163477877239,-5.49156384299936,16.448544630433,-0.301562711206005,2.41248520280147
-35.6314559924714,-29.594180319466,-17.8183547526015,-4.2301196697109,17.1918303530054,-0.0224340591152377,2.45494422812843
-34.4219521919772,-28.2604796351192,-16.4356173851659,-3.02037817262754,17.8395656958369,0.174955466326512,2.47514960975115
-33.2102615199185,-26.9460798392224,-15.1005394026848,-1.89223056650762,18.3753275144536,0.282567377602392,2.47158762320801
-32.0123465035056,-25.6769834845303,-13.8424199814392,-0.869808094631757,18.7906645282819,0.299819955135878,2.44364391416568
-30.8418004988882,-24.4744107122562,-12.6834936793603,0.0319405114433273,19.0866305374899,0.233986715394221,2.39175901031516
-29.7082126387624,-23.3522106341181,-11.6362254896719,0.808986366255343,19.2735607143598,0.0991071974685536,2.31736849048885
-28.6163561460626,-22.3157710381576,-10.7025619966922,1.46782967784216,19.3691623698449,-0.0862820851937629,2.22265246029926
-27.5663208796638,-21.3625503866724,-9.87513251822836,2.02328588634988,19.3955561017799,-0.301910972125648,2.11018658221908
-26.5543968007218,-20.483830227705,-9.13978802898817,2.49527047833563,19.3761244559971,-0.528308616019115,1.9826043053465
-25.5743486036746,-19.6670377437395,-8.4786367959203,2.90548424938581,19.3328640967579,-0.748631582336145,1.84234849683398
-24.6187330000379,-18.8980445545619,-7.8728721202102,3.27464092307596,19.2845819921067,-0.949652213308572,1.69153971822595
-23.680026346292,-18.1630689377718,-7.30499284456525,3.62051702980839,19.2459477317611,-1.12202699372626,1.53194699949129
-22.7514607670084,-17.450037345021,-6.76030053045424,3.95682256425165,19.2272263115653,-1.26007486360923,1.36502710627235
-21.8275596760211,-16.749414844221,-6.22773148577796,4.29274793075994,19.2344660394518,-1.36129269464316,1.19199681334718
-20.9044100768169,-16.054585297621,-5.70015116452743,4.63300898710099,19.2699482820908,-1.42577853579565,1.01391095038344
-19.9797232759692,-15.3618789453322,-5.17424452642022,4.97823368731184,19.3327642260453,-1.45566794694748,0.831729736031001
-19.0527348270469,-14.670338346293,-4.65011810973634,5.32556922495062,19.4194360362227,-1.45463635696938,0.646368238462392
-18.1239897997723,-13.9813022891204,-4.13071020321395,5.6694174919619,19.5245346462655,-1.42748549616834,0.458727314173236
-17.1950551008441,-13.2978779816753,-3.62109133534229,6.00222530934117,19.6412656727796,-1.37981136234446,0.26970904676481
-16.2681964434544,-12.624363851321,-3.12772638015266,6.31526841063063,19.7620051225383,-1.31774002334921,0.080221075804355
-15.3460523468322,-11.9656759800818,-2.65775793294293,6.59937993628988,19.8787738769329,-1.24771203505845,-0.108825956314967
-14.4313305459275,-11.3268191795657,-2.21835614342062,6.84558811664222,19.9836477369133,-1.17629414739919,-0.296524501904653
-13.5265440607563,-10.712429903831,-1.81616370340113,7.04564362504466,20.0691084567544,-1.10999723703439,-0.481977351597211
-12.6337962886848,-10.1264048496195,-1.45684871193631,7.19243253100824,20.1283489936133,-1.05508152833775,-0.664304183961828
-11.7546181695127,-9.57161836311735,-1.14476517288358,7.28028352601577,20.1555511148736,-1.01733373036377,-0.842645616298671
-10.8898562878314,-9.04972458784256,-0.882712039758475,7.30518693956502,20.1461542865861,-1.00180527202973,-1.01616257599859
-10.0396084809544,-8.56103626351878,-0.671776624914197,7.26494816352963,20.0971314062143,-1.01250600601707,-1.18402832000941
-9.20320251382697,-8.10447027440294,-0.511245855037386,7.15930009176037,20.00728013793,-1.05205363431127,-1.34541023514058
-8.37921332520882,-7.67755001173209,-0.398569010798422,6.98999791395201,19.8775286807253,-1.12128653445323,-1.49943912664451
-7.56551554539859,-7.2764570808797,-0.329359457137299,6.76091338601999,19.7112408329886,-1.21885851505853,-1.64516551701281
-6.759371172532,-6.89613139047332,-0.297432789174524,6.47813160250407,19.5144851535984,-1.3408509922135,-1.78150592169754
-5.95755775304892,-6.53043012958865,-0.294896617128844,6.15002860092066,19.2962050458847,-1.48046348921542,-1.9071872994722
-5.15654891271522,-6.1723709591419,-0.312331732220363,5.78727299266017,19.0681925048916,-1.62787658290466,-2.02070451736953
-4.35276295487439,-5.81449691230092,-0.339128753957327,5.40265578572579,18.8447378636097,-1.7704146373545,-2.12031226275627
-3.54289052353337,-5.44939916657916,-0.364054184589982,5.01062618384017,18.6418227391321,-1.89314959743318,-2.2040761974656
-2.72429293692696,-5.07040612001756,-0.376095112215207,4.62642425934103,18.4757746927291,-1.98005131043885,-2.27000337451342
-1.89542751277459,-4.67238636929217,-0.365556610059404,4.26478188203143,18.3614351586253,-2.01567528300054,-2.31625432808677
-1.05621499505957,-4.25253127038641,-0.325266402384576,3.93831672559587,18.3100958257534,-1.98718662655149,-2.34140894085222
-0.20823997045099,-3.81091791383196,-0.251622540650306,3.65592587663637,18.32765752165,-1.8863112696593,-2.34472521212334
0.645306532478486,-3.35065668582351,-0.145176802170353,3.42159854602307,18.4135346671287,-1.71070047465868,-2.32631351732178
1.49996538870078,-2.87752572770547,-0.0105370178502291,3.23401491732145,18.5606729102289,-1.46429697215073,-2.28716555059598
2.35056119219033,-2.39915516072539,0.144422460641355,3.08706825233553,18.7567006256842,-1.15659399273743,-2.22902508934271
3.19183380687573,-1.92396554549527,0.30983202619848,2.9711472409156,18.9858667567605,-0.801037506654542,-2.15414292956122
4.01900765799842,-1.4601150245482,0.475248382400521,2.87480225797838,19.2312186921557,-0.413050969504849,-2.06499107519727
4.82820252972889,-1.01465653718095,0.630917949493956,2.78638350199486,19.4765161960958,-0.00816991302839298,-1.9640084852991
5.61665646669142,-0.592998197477833,0.768696636305432,2.69535473017249,19.7075843276365,0.399389143106278,-1.85342230692184
6.38278542321837,-0.198658073556137,0.882581438768307,2.59315778302626,19.9130425085902,0.797612949460971,-1.73515485132932
7.12613021579692,0.166755051966902,0.968908350389651,2.47364439328909,20.084510212949,1.17707902247271,-1.6108026954423
7.84724221533383,0.50341835921089,1.0263120873168,2.33316734295977,20.2164571470712,1.53097559854697,-1.48166430342957
8.54754620206952,0.813098732790044,1.05554028558877,2.17044023486472,20.3058615363562,1.85489412129438,-1.34879297670556
9.22920211708029,1.09892842597585,1.05919059593791,1.9862585525862,20.3518010247883,2.1465084645922,-1.2130573162743
9.89497304948112,1.36517368518677,1.04141103134615,1.78314688924309,20.3550544407221,2.40521871709767,-1.07519767810138
10.5480969741831,1.61700001115851,1.00758149340301,1.56497199165244,20.3177534250597,2.63180498363916,-0.935872374262453
11.1921547452984,1.86022819164772,0.963980901097341,1.33654424708533,20.2430950592595,2.82811335490062,-0.795691154224958
11.8309260519595,2.1010728335692,0.917439502289866,1.10322190565779,20.1351096780321,2.99678179571744,-0.655235995651587
12.4682275457333,2.34585824932351,0.874977741094628,0.870530495022812,19.9984698481644,3.14100603400318,-0.515070787180609
13.1077320454327,2.60071315422932,0.843438690242977,0.643811354585433,19.83832459849,3.26434215205101,-0.375742358917641
13.7527733782395,2.87125347224285,0.829127622040854,0.427914893975683,19.660145103892,3.37054148936591,-0.23777566865921
14.4061467749362,3.16226955104688,0.837477330753978,0.226953820032462,19.4695720911808,3.46341329652906,-0.101665894577374
15.0699187966115,3.47743872800094,0.872759816620825,0.0441282262293248,19.2722596199283,3.54671058541355,0.0321301624857682
15.7452628672222,3.81908570235444,0.937863502769579,-0.118371550175954,19.0737134785506,3.62403452559094,0.163201465283393
16.432336418059,4.18801154681775,1.03415084019638,-0.259385745364106,18.8791248379054,3.69875258102101,0.291187536311999
17.130213499575,4.58340791681147,1.16140503674891,-0.378738198317841,18.6932011731101,3.77392553244228,0.415779741335901
17.836882778342,5.00286678246261,1.31786785238936,-0.47713558616263,18.5199973505676,3.8522387664176,0.53671849899996
18.5493155214322,5.44248852642682,1.50036381533092,-0.556029855603566,18.3627508118371,3.93593384888307,0.653786147987735
19.2636019726158,5.89708320135721,1.70450038865471,-0.617461208041371,18.2237263949035,4.02673748448927,0.766795478935063
19.9751480763493,6.36045183518445,1.9249288733712,-0.663897105961317,18.1040786057735,4.12578649718245,0.875574241512518
20.6789185253915,6.82572767107774,2.15564736825557,-0.698079328480973,18.003741768035,4.2335494358435,0.9799462854668
21.3697073565007,7.28575189470979,2.39032505918902,-0.722886948034178,17.9213608376439,4.34974779575419,1.07971038193888
22.0424143989612,7.73345534485699,2.62262654897566,-0.741219011980225,17.8542770312453,4.47328261770542,1.17461818325087
22.6923051638905,8.16221726300165,2.84651582407021,-0.75589730686208,17.7985821710962,4.6021753120566,1.26435321035151
23.3152332784703,8.56617430694676,3.0565216270553,-0.769587234160551,17.7492534607726,4.73353478395693,1.34851320836393
23.9078080811714,8.94045753678289,3.24794921992674,-0.784733657086773,17.7003762831472,4.86356594189031,1.42659866187364
24.4674950709119,9.28134138702308,3.41702750734169,-0.803508497717199,17.645456729541,4.98763673266205,1.4980106182017
24.9926429862312,9.58629615118351,3.56098495187212,-0.827767654749933,17.5778179321813,5.1004207192597,1.56206100923885
25.4824377885618,9.85394354093762,3.67805235010026,-0.859016226678672,17.4910645306274,5.19612815192582,1.61799804703211
25.9367901209461,10.0839227241332,3.76739504406046,-0.898382826420719,17.3795872919597,5.26882865007082,1.665047626681
26.3561683971283,10.2766812820106,3.82898132719107,-0.946605670250488,17.2390654840838,5.31285220405045,1.70246883623752
26.7413942130078,10.4332114082652,3.8633977473608,-1.0040346228977,17.0669108171188,5.32323394560653,1.72961796961426
27.093420145526,10.5547563786393,3.87162608054536,-1.07065371756461,16.8625892448176,5.29614733768266,1.74601184571076
27.4131121971589,10.6425159406687,3.85480129202104,-1.14612702988156,16.6277625820393,5.22925825087306,1.75137921493745
27.7010599589988,10.6973815546492,3.81397454076062,-1.22986685251878,16.3662149718979,5.12193652460603,1.7456898969379
27.9574364850403,10.7197324504051,3.74990889358823,-1.32111764030838,16.0835669905013,4.97528466265666,1.72915539417397
28.181926205477,10.70931991128,3.6629357998141,-1.4190440292256,15.7868218471083,4.79197983571745,1.70220099989072
28.3737326602431,10.6652591288158,3.55289572523461,-1.52280859017682,15.4838191676085,4.57596336393055,1.66541573510074
28.531668816204,10.586135675864,3.41917631732376,-1.63162624874475,15.1826812060536,4.33203845748839,1.61949064024544
28.6543226052884,10.4702189433517,3.2608477040256,-1.74478725630762,14.8913223132763,4.06544477790528,1.5651568745632
28.7402807897069,10.315760481858,3.07688000036677,-1.86164751775698,14.6170628731021,3.78146814640108,1.50313300751778
28.788386943441,10.1213437456279,2.86641594213985,-1.98159168941593,14.3663562434778,3.48512263716287,1.43408709766874
28.7980051670945,9.88624498472017,2.62906394938128,-2.10397897225409,14.1446125418475,3.18091934812135,1.35861513356294
28.7692603611142,9.61076349663096,2.36517458412012,-2.22808325390702,13.9560919211042,2.87271815968523,1.27723423711597
28.7032280817558,9.29648260364315,2.07606578237573,-2.35303857868011,13.8038416746818,2.56364865823637,1.19038714573545
28.6020515261653,8.9464294871993,1.76416819066778,-2.47779883171847,13.6896613017575,2.2560835241369,1.09845382289346
28.4689694935759,8.56511133624634,1.43307016140361,-2.6011180306601,13.6140915050306,1.95164955448372,1.00176626454657
28.3082468560597,8.15841644444043,1.08745159348113,-2.72155534488152,13.5764319791943,1.65126525480433,0.900623290106151
28.1250080830965,7.73338162063594,0.732906460007791,-2.83750701145085,13.5747962010157,1.35519745978543,0.795303040926761
27.9249844025576,7.29784116509504,0.375665283431591,-2.94726539648529,13.6062090990926,1.06313167948883,0.686071879152954
27.7141955155464,6.85998671808661,0.0222403519866288,-3.04910319382696,13.6667471822359,0.774251745050661,0.573189303497013
27.4985958699804,6.42787954647977,-0.320973271630294,-3.14137799907012,13.7517130028178,0.487324375063566,0.45690933191118
27.2837214151626,6.00896471554696,-0.648100895034226,-3.22264945529599,13.8558293522355,0.200784231470617,0.337479499030718
27.074373648739,5.6096377380495,-0.954153573002844,-3.29179832559503,13.9734352666675,-0.0871845093112712,0.215139109150826
26.8743729458172,5.23490775868486,-1.23531794167194,-3.34813477042715,14.0986667800274,-0.378572745813969,0.0901186035768572
26.6864033943543,4.88818822352292,-1.48914216880993,-3.39148214718139,14.2256102790907,-0.675477723168048,-0.037358195168724
26.5119588735869,4.57122930676359,-1.71460215221679,-3.42222281193496,14.3484242639684,-0.98003872741596,-0.167067581642806
26.3513878045855,4.28418998055866,-1.91204464136934,-3.44129340035533,14.4614347143279,-1.29437189524284,-0.298774389189806
26.2040243843012,4.02583483743205,-2.08301398019623,-3.45011851890965,14.5592183968757,-1.6204959060439,-0.43221509738693
26.0683885282093,3.79383333011047,-2.22997534172723,-3.45047349075093,14.6366958544617,-1.96023787942556,-0.567075820225469
25.9424351992767,3.58513678688588,-2.35594989625098,-3.44426896313013,14.6892604748645,-2.31510719696672,-0.702965532916266
25.8238350709867,3.39640963799903,-2.46407787590319,-3.43325342841639,14.7129712010055,-2.686124645465,-0.839384764049587
25.7102708517078,3.2244932122812,-2.55712627988661,-3.41863512209223,14.704833452773,-3.07359593077655,-0.975689668682422
25.5997352567274,3.06688058681281,-2.63696152434626,-3.40063379621604,14.6631846235569,-3.47682335807907,-1.11105118761551
25.4908160191533,2.92217701393074,-2.70401603992241,-3.37798727356316,14.588185306731,-3.89375902360571,-1.2444093488258
25.3829494230585,2.79051080924968,-2.7567935055158,-3.34745919283559,14.4823925802652,-4.3206194565451,-1.37442428910053
25.276616244277,2.67384389587252,-2.79148061723166,-3.30342371399358,14.3513544044435,-4.75150742654047,-1.49942889379511
25.1734437590399,2.57611163285169,-2.80176145592932,-3.23763780187762,14.2041137520226,-5.17812185228836,-1.61739338584658
25.0761680810459,2.50310497585638,-2.77895487239787,-3.13934289457379,14.0534534475071,-5.58967628812085,-1.72591910756443
24.9884097679952,2.46200814142779,-2.71259783757037,-2.99584552734712,13.9156672311402,-5.97317521209763,-1.82228469543012
24.9142329359652,2.46054131457912,-2.59155208153817,-2.79368085814858,13.8096463248077,-6.31418771523872,-1.9035680740089
24.8575033952701,2.50574693215026,-2.40559457859555,-2.52033622311659,13.755170560648,-6.5981771882874,-1.96685615663653
24.821132775291,2.60259387678468,-2.14727035469407,-2.16630682837045,13.7705146329751,-6.81227840589628,-2.00952760749966
24.8063696168244,2.75270936647598,-1.81359997347533,-1.72703791936917,13.8697799585205,-6.94719764573977,-2.02955823362658
24.8123315147644,2.95360079316916,-1.40715466998509,-1.20420196389852,14.0606050435483,-6.99875066943582,-2.02577103035566
24.8359267189449,3.19863114947664,-0.936134104297404,-0.605878181625569,14.342920761914,-6.96856979031761,-1.99795491619674
24.8721932909727,3.47777637912659,-0.413391247799634,0.0544605316002267,14.7091280070437,-6.86374695813573,-1.94681544260481
24.914945686898,3.77893336988436,0.145301037414509,0.759850473831423,15.1456033849261,-6.69553373971574,-1.87377989245506
24.957535017027,4.08939976269395,0.723240699244231,1.492078696126,15.6350322099048,-6.47750466299511,-1.78072586773782
24.9935346326534,4.3971701739195,1.30456457656048,2.23371721881284,16.1589190838797,-6.22367460751791,-1.66971406655185
25.0172347699483,4.69183890807692,1.87550194666596,2.96960288892057,16.699745154633,-5.94694959401216,-1.54278431579837
25.0239178271701,4.96506789028422,2.42504566458392,3.68766472436905,17.2424947680032,-5.65809024885363,-1.40183823221425
25.0099494286435,5.21069639027984,2.94513287026375,4.37918426621295,17.7755134103602,-5.365189085324,-1.24860132468906
24.972747354588,5.42461622783132,3.43049424326802,5.03865681142547,18.290805308792,-5.07355994775861,-1.08464072411782
24.9106887635455,5.60453050543676,3.87832758197835,5.66342512850288,18.7839303533725,-4.7859076729945,-0.911411116671493
24.8230001157516,5.74968324828116,4.2879145908879,6.2532223278784,19.2536508984643,-4.50265998762363,-0.730305819676095
24.7096548449237,5.86061201791879,4.66025620590505,6.8097171357128,19.7014458732215,-4.22237423723524,-0.54269749759423
24.5712867332044,5.93894501778727,4.99776388599341,7.33611655229119,20.130974911904,-3.94216206642735,-0.349960796846507
24.40911372277,5.98724023565658,5.30401402300022,7.83684946883302,20.5475469141925,-3.6580993608497,-0.153475770098901
24.224857351556,6.00884554035288,5.58354783433273,8.317327159919,20.9576248041986,-3.36560647037331,0.0453841654499236
24.0206367049842,6.0077442774654,5.84167804552695,8.78375014928037,21.3683776899687,-3.05979703109593,0.245272932348613
23.7988127918485,5.98834116874629,6.08424690945735,9.2429063807288,21.7872707664959,-2.73580457812422,0.444892940455803
23.5617600941858,5.9551398850293,6.31727033567603,9.70188653878873,22.2216626158016,-2.38910554131013,0.643008293846182
23.3115474102311,5.91226856394415,6.54640351451183,10.1676336222493,22.6783620362654,-2.01586496498451,0.838442246315583
23.0495205027625,5.86282424971637,6.77617703073149,10.646249497249,23.1630862315845,-1.61333623150562,1.03005197242837
22.7757949461199,5.8080326156074,7.00898058734547,11.1420035274455,23.6797631449099,-1.18034601614725,1.216674811919
22.4886899404318,5.74625681659442,7.2438159489632,11.6560296387853,24.2296372066713,-0.717886886736299,1.39704195715749
22.1841650623448,5.67194269980002,7.47490638608322,12.1847635497002,24.8101762476522,-0.229816053627026,1.56965938579758
21.8553653077413,5.57466343232832,7.69034589995612,12.7182725068449,25.4138486562753,0.276389597163787,1.73266380209488
21.492436228493,5.43852934073267,7.87110635475712,13.2387796712666,26.0269576638239,0.788954855543062,1.88367585394567
21.0828295640945,5.24234558807239,7.99088404261607,13.7198837012341,26.6288879681321,1.2914546206156,2.01969485278089
20.6123434080249,4.96097481195736,8.01739546996378,14.127167646628,27.1923034193153,1.76316386695505,2.13710406603925
20.0670579829232,4.56827277152323,7.91567482942368,14.4209274323154,27.6849180330819,2.1805267975136,2.2318679373735
19.4360593870821,4.04155998770955,7.65347480399183,14.5613850067015,28.0732460657232,2.51998439058771,2.29997536447854
18.714394653895,3.36683661206265,7.20794035937371,14.5158168230717,28.3280538903806,2.76189452954028,2.3380941157701
17.9052775508479,2.54314118433583,6.57163516859255,14.2657653775913,28.430221362566,2.89456736178981,2.34426927019321
17.0205399177758,1.58423520371093,5.75554959619956,13.8117261457277,28.3749849367116,2.916971542983,2.31840614977059
16.0789252459388,0.516647327219712,4.78760611702143,13.1732979356762,28.1728255246442,2.83895533173213,2.26232412707883
15.1027753436188,-0.625299854879264,3.70712220916072,12.3847043347395,27.8466642921697,2.67887432841974,2.17935701243918
14.1143189341607,-1.80559677564967,2.55740300343911,11.4875917268772,27.4266408668122,2.45964415633273,2.07368212281483
13.1327176209646,-2.99178445686685,1.37899643723109,10.5237538295141,26.9444821577689,2.20468301410926,1.94964046969372
12.1724407778238,-4.15817513380701,0.205216582200875,9.52973506076493,26.4290630985038,1.93484448426506,1.81124054644859
11.2429167245071,-5.28695618174409,-0.939750319060307,8.53397405476861,25.903805781045,1.66672774294882,1.66190598889851
10.3490659175459,-6.36772310947463,-2.04071161627755,7.55614637775026,25.3857606712351,1.41218877653897,1.50442600675677
9.4922763260824,-7.39614059594271,-3.09012735542462,6.60795632765237,24.8858478537005,1.17864259718497,1.34102866828783
8.6714903486644,-8.37229525246354,-4.0862662779305,5.69465676033762,24.4097215556752,0.969761611969346,1.17350389639017
7.88420812191715,-9.29909478033898,-5.03132315157981,4.81678112472658,23.9588629811993,0.786292679107949,1.00332749473702
7.12731440856012,-10.1808972175615,-5.92975163073248,3.97178121776874,23.5316654488874,0.626836153104653,0.831761550989828
6.3976972921422,-11.0224457027126,-6.78692725896629,3.15541519763443,23.1243948398065,0.488516771398589,0.659923567083879
5.69265892496928,-11.8281241844727,-7.6081748159163,2.36282302736793,22.7319812253099,0.36752682194612,0.488826471283125
5.01013526592558,-12.601516883801,-8.39814944966637,1.58928013274105,22.3486366567055,0.259547171977869,0.319396169736183
4.34875171909888,-13.3452346844111,-9.16053420740393,0.83065223788413,21.9683133271837,0.160062218471845,0.152474445150726
3.70774832671792,-14.0609584751494,-9.89799893230931,0.083595093355225,21.5850252058728,0.0645880275803889,-0.0111857265681497
3.08681215698127,-14.7496413558554,-10.61235455973,-0.654444133354469,21.1930599073842,-0.0311670586251999,-0.170926973121708
2.48585530703576,-15.4118090133744,-11.3048327774056,-1.38536106014224,20.7871083102035,-0.131191360789925,-0.326192744075219
1.90477437912374,-16.0479006193619,-11.9764239050765,-2.1106021510883,20.3623381634701,-0.239092195744964,-0.47652878514959
1.34322202469769,-16.6586003623563,-12.6282146331167,-2.8313919707579,19.9144351945404,-0.358037537892833,-0.621579784414468
0.800414409921375,-17.2451202799998,-13.2616797182286,-3.54893615344041,19.4396315840296,-0.490705105848824,-0.761080733258829
0.27499162140115,-17.8094061805013,-13.8788952049713,-4.26456944369292,18.9347377165703,-0.639229094496743,-0.894842828734341
-0.235057785471964,-18.3542482401141,-14.4826528675243,-4.97983034048899,18.3971893045982,-0.8051368093427,-1.02273384229507
-0.732401118237067,-18.8832852819816,-15.0764649010338,-5.69645381123826,17.8251185387039,-0.989269511200634,-1.1446529428429
-1.22029046695933,-19.4008966952813,-15.6644541137122,-6.41628065435987,17.2174546601563,-1.1916841387983,-1.26050010377535
-1.70241366737377,-19.91197926988,-16.2511287502101,-7.14108681504229,16.5740557086481,-1.41153573895883,-1.37014052790696
-2.18266657984823,-20.4216094074916,-16.8410442380494,-7.87233955949741,15.8958682584656,-1.64694504449965,-1.47336506478215
-2.66484909427145,-20.9345961778247,-17.4383587933099,-8.61089169054134,15.1851046482996,-1.89486237416901,-1.56984845938034
-3.15229308176254,-21.4549396107786,-18.046298369718,-9.35663190496566,14.4454165791956,-2.15094833733652,-1.65910855404261
-3.64744026844528,-21.9852234214841,-18.666561157323,-10.1081206027471,13.6820298026666,-2.40950347832705,-1.74047132010475
-4.15140248964234,-22.5259931313342,-19.2987139892824,-10.8622564753645,12.9017883551277,-2.66349133951404,-1.81304870439378
-4.66355547618548,-23.0751982285588,-19.9396614488173,-11.6140382001019,12.1130427132752,-2.90470848395184,-1.87573826384809
-5.18123706870721,-23.6278053645781,-20.5832974417535,-12.3565018627481,11.3253124271863,-3.12415393270697,-1.92725441115495
-5.69963439872004,-24.1757073285657,-21.2204663225179,-13.0809179816693,10.5486714568436,-3.31263040712426,-1.96619926753418
-6.21194100089113,-24.7080427581322,-21.8393483787557,-13.7773090029826,9.79285373685729,-3.46156376694898,-1.99117506520025
-6.70983250871828,-25.2119876291283,-22.4263255283974,-14.4352893137445,9.06615800139019,-3.56395713926448,-2.00092937720811
-7.18424461416685,-25.6739776455906,-22.9672745986571,-15.0451397771274,8.37432599535954,-3.61532064783917,-1.99451139543247
-7.62635215140912,-26.081192880033,-23.449102586093,-15.5989344123217,7.71963724820662,-3.61437048888205,-1.97140730842761
-8.02857482307073,-26.4230316691503,-23.8612338773958,-16.0914821514955,7.10046132542933,-3.56330774592148,-1.93162192950329
-8.38541002952832,-26.692274642435,-24.1967405106874,-16.5208694976923,6.51141410646142,-3.46757936030536,-1.87568537766252
-8.69393511331076,-26.8857158490325,-24.4528955062526,-16.8884931423186,5.94410531822475,-3.33516202925281,-1.80458451088334
-8.95391449688667,-27.00418726729,-24.6310917944282,-17.1986136241608,5.38830724441226,-3.17553579050485,-1.71963993881182
-9.16754956754264,-27.0520585118515,-24.7362324598075,-17.4575795082474,4.83328599354106,-2.99857469758972,-1.62236156091464
-9.33897900398301,-27.0363927995407,-24.77579665049,-17.672921951274,4.26904309124535,-2.813561815698,-1.51431493454291
-9.47365681011369,-26.9659600395979,-24.7587978711615,-17.8524980169669,3.68729340656974,-2.62845980691684,-1.39702041336775
-9.57771434186056,-26.8502670144041,-24.6948001416979,-18.0037964332097,3.08210749415338,-2.44947902806072,-1.27189340658834
-9.65737451014462,-26.6987007599771,-24.5930841291612,-18.1334483054852,2.45023083300466,-2.28091578090803,-1.14022287172262
-9.71845205540574,-26.5198263951857,-24.4619938447479,-18.2469325027966,1.79114038454033,-2.12519701083325,-1.0031787216951
-9.76595345703897,-26.3208492083226,-24.3084597072103,-18.3484386787578,1.10691215542515,-1.98306032959592,-0.861836872201271
-9.80378338739971,-26.1072413336673,-24.1376839108657,-18.4408457032215,0.401963979523522,-1.85380848277615,-0.717211564401406
-9.83456544736527,-25.8825358665996,-23.9529786535842,-18.525780526357,-0.317281418946712,-1.73559442390025,-0.570286750826173
-9.85958577291318,-25.6482943488303,-23.7557550208652,-18.6037335952356,-1.04278701846257,-1.62570975276242,-0.422040691760653
-9.87886355041717,-25.4042490806683,-23.5456614751234,-18.6742161698094,-1.76533268983985,-1.52086190812428,-0.273460065158727
-9.89134076374366,-25.1486069807157,-23.3208623009855,-18.7359496038812,-2.47497854656888,-1.41743327169178,-0.125541836972614
-9.89516689291017,-24.8784798365818,-23.0784297808503,-18.7870768819831,-3.16154879378735,-1.31171886159297,0.0207170053406261
-9.88803805392295,-24.5903840984541,-22.8148052353351,-18.8253841977824,-3.81511633284237,-1.20013995282094,0.164339948132229
-9.86754035876768,-24.28074047403,-22.5262710300416,-18.848517741693,-4.42646006459599,-1.07943039977262,0.304398160987369
-9.83144839780653,-23.9463055367531,-22.2093742848918,-18.8541804405743,-4.98746299588593,-0.946792100549654,0.440039796950858
-9.77794215614118,-23.5844850213582,-21.8612550687284,-18.8402962511013,-5.4914228093149,-0.800016810465839,0.570516451369374
-9.70572569590118,-23.1935064018517,-21.4798540227321,-18.8051353324662,-5.93325739085967,-0.6375734922306,0.695202469152907
-9.61405233717801,-22.7724580617882,-21.063999682401,-18.7474002644988,-6.30960285001648,-0.458663009664647,0.813604204302032
-9.50267786431692,-22.3212255774229,-20.6133969596091,-18.6662793648924,-6.61881628719152,-0.26324434163001,0.925358170390381
-9.37177195828825,-21.8403674671099,-20.128550452305,-18.5614765165124,-6.8609059536237,-0.0520378283134939,1.03021882025857
-9.22181837846635,-21.330972932795,-19.6106584361232,-18.4332272322583,-7.03741545774321,0.173489128107917,1.12803808979148
-9.05352858728273,-20.7945356963204,-19.0615075936208,-18.2823083427965,-7.15128644349126,0.411149949613302,1.21873965645836
-8.8677847156617,-20.2328655129991,-18.4833883813967,-18.1100447447075,-7.2067174384836,0.65807885638305,1.30229112571742
-8.66561870850087,-19.6480461145828,-17.8790397634621,-17.9183121547047,-7.2090276042257,0.910784362977001,1.37867722183346
-8.44822676980061,-19.0424374696072,-17.2516221029701,-17.7095306694784,-7.16452496144382,1.16522057211114,1.44787671096313
-8.21701236918978,-18.4187121525533,-16.6047093700963,-17.4866408072146,-7.08037084545721,1.41688270750253,1.50984536392109
-7.97364689999806,-17.7799101095023,-15.9422867090655,-17.2530520976142,-6.96442694958842,1.66093418602051,1.56450681920106
-7.7201342593595,-17.1294928121597,-15.2687367921186,-17.0125546804185,-6.82506922144716,1.89237140173382,1.61175268459274
-7.4588640398282,-16.471376595789,-14.5887983836842,-16.7691872474886,-6.67095489442912,2.10622867136529,1.651452507749
-7.19263795072433,-15.8099262097329,-13.9074834525573,-16.527060295845,-6.51073563564131,2.29781920834865,1.68347324227412
-6.92465611166101,-15.14989389303,-13.2299452925044,-16.2901418013819,-6.35272105345841,2.46299903333755,1.7077065124448
-6.65845454170317,-14.4962970303876,-12.5612992187838,-16.0620219186571,-6.204511214962,2.59843097197863,1.72410047740753
-6.39779255111684,-13.8542382178607,-11.9064082848829,-15.8456819715966,-6.07263130070904,2.7018180257038,1.73269175303437
-6.14649789586494,-13.2286836182748,-11.2696567191915,-15.6432979497311,-5.96221168791715,2.7720726150381,1.73363213376759
-5.90828649996208,-12.6242258911147,-10.6547403730533,-15.4561074496306,-5.87675826957919,2.80939293978037,1.7272051925693
-5.68657974131899,-12.0448634876296,-10.0645037944049,-15.284360577389,-5.81804835436519,2.81523028555799,1.71382937426034
-5.48434362185923,-11.4938265280086,-9.50084673684438,-15.1273612845966,-5.7861683188275,2.79214896348242,1.69404665844955
-5.30396995807313,-10.9734709073033,-8.96471058773664,-14.9835897179692,-5.77968526695134,2.7435988717593,1.66849859537419
-5.14721125523123,-10.4852491980483,-8.4561409194128,-14.8508829626962,-5.79592314351224,2.67363419107867,1.6378937220769
-5.01517078027499,-10.0297532390741,-7.9744102218025,-14.7266445076155,-5.83129996215671,2.58661702263602,1.60297146388505
-4.90834040043337,-9.60681270537416,-7.5181778110898,-14.6080529398319,-5.88167974050409,2.48694143285428,1.56446746342453
-4.8266730153929,-9.21562852514013,-7.08566277173878,-14.4922464068345,-5.9426992796719,2.37880372652361,1.52308412816835
-4.76967449385813,-8.85491983560669,-6.67480947342043,-14.3764684579294,-6.01004236982506,2.26603253186713,1.4794685598252
-4.73650130821195,-8.52306683843229,-6.28343154690223,-14.2581700916712,-6.07964796772419,2.15198088964915,1.43419843471793
-4.72605327587353,-8.21823744853468,-5.90932701760938,-14.1350701713706,-6.14785095391322,2.03947415017606,1.38777518539501
-4.73705465269065,-7.93849126520715,-5.55036303432234,-14.0051809625084,-6.21146246103016,1.93080275836654,1.34062311410666
-4.7681203368255,-7.68185903690875,-5.20453260301335,-13.8668075350269,-6.26780123567181,1.82774750966522,1.2930928086513
-4.81780663393497,-7.44639899821021,-4.8699879129573,-13.7185297996425,-6.31468876489278,1.73162561392627,1.24546730072275
-4.88464778991255,-7.23023327358977,-4.54505558202246,-13.559174784081,-6.35042003449119,1.64334788280038,1.19796966168541
-4.96718044135723,-7.03156827798916,-4.22823894067516,-13.3877850906882,-6.37371981484344,1.56347974705463,1.15077105515883
-5.06395846838166,-6.84870304379208,-3.91821174734185,-13.2035877408229,-6.38369203920024,1.49230108697786,1.10399857980272
-5.17356068557674,-6.68002900230078,-3.61380681597568,-13.0059660878416,-6.37976763337543,1.42986176202797,1.05774250161575
-5.2945935442414,-6.52402416867666,-3.31400213612886,-12.7944362565433,-6.36165430039439,1.37603117213085,1.01206267745389
-5.4256906631147,-6.37924406888672,-3.0179062809782,-12.5686286491946,-6.32929032756627,1.33054119850353,0.966994112233972
-5.56551064004163,-6.24431119616154,-2.72474427345748,-12.3282744319592,-6.28280345513446,1.29302253385162,0.922551682844763
-5.71273425214174,-6.11790431085404,-2.43384460549095,-12.0731964993402,-6.22247514645842,1.26303480386208,0.878734111502738
-5.86606185240251,-5.99874851672927,-2.1446277655546,-11.8033041758359,-6.14871016255189,1.24009108615924,0.83552729310538
-6.02421151590585,-5.88560674391586,-1.85659639561708,-11.5185907986113,-6.06201109191038,1.22367751254873,0.792907083544544
-6.18591827477566,-5.7772730281652,-1.56932704361825,-11.2191332949841,-5.96295735841778,1.21326864323613,0.750841646204123
-6.34993461018644,-5.67256779078933,-1.28246338232115,-10.9050929125627,-5.8521881872427,1.20833926281378,0.709293438612603
-6.51503222650518,-5.57033517055675,-0.995710708293952,-10.5767163360465,-5.73038900597362,1.20837318664238,0.668220902874533
-6.68000502473411,-5.46944234098119,-0.708831507055398,-10.2343365403186,-5.59828078463904,1.21286959871394,0.627579906575339
-6.84367310791685,-5.36878064972503,-0.42164186052756,-9.87837285475449,-5.45661185013235,1.22134737378296,0.587324965944737
-7.00488759579367,-5.26726834554392,-0.134008476737802,-9.50932985178596,-5.3061517469148,1.23334777284197,0.547410272193199
-7.16253599053971,-5.16385460481359,0.15415386577075,-9.12779480273579,-5.14768674652359,1.24843584203137,0.507790534689885
-7.31554782742489,-5.05752454126374,0.442884646868874,-8.73443357274936,-4.98201664037374,1.26620079294417,0.468421651778489
-7.4629003490319,-4.94730486891096,0.7321798713109,-8.32998493115408,-4.8099524749632,1.28625559467762,0.429261219861769
-7.60362396806645,-4.83226989703615,1.0219944098135,-7.91525334709155,-4.63231491684738,1.30823596678488,0.390268894114761
-7.73680731808428,-4.71154755753194,1.31224452313537,-7.49110040759894,-4.4499329608911,1.33179892547737,0.351406617984636
-7.86160173526234,-4.58432519991579,1.60281064874762,-7.0584350446725,-4.26364272503014,1.35662100389663,0.312638742978416
-7.97722506072756,-4.44985493163933,1.89354050224643,-6.61820278768344,-4.07428610694071,1.38239624042347,0.273932064017223
-8.08296469277837,-4.30745832390732,2.18425251932551,-6.17137426765176,-3.88270911065665,1.40883400580637,0.235255798020954
-8.17817986199847,-4.15653034977715,2.47473964265801,-5.7189332071619,-3.68975969187605,1.43565672255797,0.196581534503019
-8.26230312384031,-3.99654245511292,2.7647734366318,-5.26186411904113,-3.49628500729471,1.46259751425079,0.157883185658645
-8.33484109028422,-3.82704469751055,3.05410849849853,-4.80113993725577,-3.3031280006752,1.48939781271846,0.119136960800349
-8.39537442328251,-3.64766690580994,3.34248711864286,-4.33770979475086,-3.11112330152552,1.51580494191885,0.0803213851137681
-8.44355711422241,-3.45811882688883,3.62964413165866,-3.87248716775484,-2.92109246362455,1.54156969238148,0.0414173766706937
-8.47911506013732,-3.25818922991951,3.91531188778212,-3.40633861376952,-2.73383862220947,1.56644389633576,0.00240838824709038
-8.50184393421555,-3.04774393970236,4.19922526480045,-2.9400733484065,-2.55014070494617,1.59017801275311,-0.0367193876471557
-8.51160632730593,-2.82672276868933,4.48112662888203,-2.47443392634229,-2.37074738704076,1.61251873137495,-0.0759767608021828
-8.50832812021048,-2.59513531943432,4.76077064170773,-2.01008831436181,-2.19637103543436,1.63320660658978,-0.115371251330618
-8.4919940393908,-2.35305563965605,5.03792880283517,-1.54762366363838,-2.02768193718547,1.65197373605698,-0.154906790850081
-8.46264234670507,-2.10061573148157,5.31239360720207,-1.08754209478121,-1.86530314550885,1.66854150356696,-0.194583451234974
-8.42035862503282,-1.83799794938429,5.58398219145946,-0.630258798412184,-1.70980629967731,1.68261841143796,-0.234397240821159
-8.36526865665742,-1.56542637028269,5.85253934712443,-0.176102720086634,-1.56170877786983,1.69389803611852,-0.274340011204305
-8.29753042651112,-1.28315727696618,6.11793978016155,0.274679966190631,-1.42147251502255,1.70205714623945,-0.314399517586323
-8.21732534847722,-0.991468966667732,6.38008951734528,0.721919484134919,-1.28950476484552,1.70675403067909,-0.354559672019046
-8.12484887421237,-0.690651166744753,6.63892637997994,1.1655131905355,-1.16616099976369,1.70762708792744,-0.394801020784917
-8.02030071669398,-0.380994406096812,6.89441947968235,1.60541357028573,-1.05175003281628,1.70429373058809,-0.43510146501362
-7.9038749826969,-0.0627797424232172,7.14656772745692,2.04161379137984,-0.946541316430806,1.69634965645377,-0.475437227501634
-7.77575056206134,0.263730726012593,7.39539739234914,2.47413126542437,-0.850774237140885,1.68336853213573,-0.515784050032109
-7.6360821458104,0.59830213844684,7.6409587858195,2.90298978243444,-0.764669094194153,1.66490212429495,-0.556118585240392
-7.48499224580874,0.940733552465463,7.88332218974623,3.32820087772105,-0.688439338710813,1.64048090097313,-0.596419927791479
-7.32256455016118,1.29086271611464,8.12257317609876,3.74974513013083,-0.622304568830721,1.6096151108947,-0.636671212787271
-7.14883888070029,1.64856872882787,8.35880749173648,4.16755408283086,-0.566503733776837,1.57179633693303,-0.67686119741045
-6.96380791955729,2.01377252388733,8.59212569628375,4.58149342103406,-0.521307997335648,1.52649951323303,-0.716985735932234
-6.76741575073793,2.38643525556334,8.82262774762357,4.99134794568949,-0.48703274501282,1.47318539768449,-0.757049059115602
-6.55955812910666,2.7665548268815,9.05040772962626,5.39680876275969,-0.464048279149373,1.4113035054418,-0.797064776298805
-6.34008425916178,3.15416093823981,9.27554892007807,5.79746298635116,-0.452788818903274,1.34029553835817,-0.837056531232486
-6.10879974450481,3.54930916072336,9.49811940094263,6.19278614632157,-0.453759490847373,1.25959938958671,-0.877058258388849
-5.86547026833432,3.95207463370429,9.71816842597917,6.58213741570129,-0.467541045491957,1.16865386333536,-0.917114002524011
-5.60982549353357,4.36254605145594,9.93572378894278,6.96475774540411,-0.494792051772391,1.06690432671912,-0.957277278161581
-5.34156262959464,4.78082063760896,10.1507904800609,7.33977102071879,-0.536248295218008,0.953809602324522,-0.997609954577835
-5.06034910232436,5.20700081116636,10.3633509787495,7.70618843829951,-0.59271902951939,0.828850514827625,-1.03818065343262
-4.7658237818491,5.64119322912827,10.5733676097943,8.06291644628804,-0.665079602496226,0.691540621450435,-1.07906263919521
-4.45759627385881,6.08351085467361,10.7807874891303,8.40876879402019,-0.754259795888897,0.541439781738067,-1.120331166532
-4.13524385438926,6.53407864591638,10.9855506935851,8.74248349379476,-0.861226985920604,0.378171352387984,-1.16206022336633
-3.79830573566662,6.99304339039828,11.1876024063368,9.0627458059852,-0.986962953719943,0.201443921109494,-1.20431857507127
-3.44627449473267,7.46058811435604,11.38690989954,9.36821870888005,-1.13243286177349,0.0110786062138493,-1.24716497583068
-3.07858469509409,7.93695136187237,11.5834853066615,9.65758269750759,-1.29854458555218,-0.192956976954265,-1.29064237212496
-2.69459900197285,8.42245142915542,11.7774151625781,9.92958712788297,-1.48609628513423,-0.410506984785376,-1.33477088489882
-2.29359247187827,8.91751531838719,11.9688976145069,10.1831156376054,-1.69570988803248,-0.641176893298155,-1.37953933235664
-1.87473622399177,9.42271167553243,12.1582879440922,10.4172683169619,-1.92774814333665,-0.884273743862056,-1.42489505831762
-1.43708242015889,9.93878621917568,12.3461524826981,10.6314631057529,-2.18221327625084,-1.13873724641413,-1.4707318844396
-0.979553429056241,10.4666970674978,12.5333300053018,10.8255580901109,-2.45862628406684,-1.40306318358985,-1.5168761411503
-0.500939231410375,11.0076458428208,12.7209980677228,10.9999945922246,-2.75588792400469,-1.67522259207883,-1.56307099309954
9.15295777534908e-05,11.5630984773505,12.9107393621955,11.1559577436905,-3.07212588179876,-1.95258317691156,-1.60895971210476
0.524960144720781,12.1347873500772,13.1045998905723,11.2955461070603,-3.40453788266901,-2.23184342494167,-1.6540692027337
1.07511853041304,12.724684147153,13.3051267674844,11.4219345939919,-3.74924780651869,-2.50899473345818,-1.69779596539558
1.65195477769669,13.3349313862129,13.5153693214071,11.5395056470577,-4.10120079417279,-2.77933182356574,-1.73939771426815
2.25665874553616,13.9677211001106,13.7388241188017,11.6539137309127,-4.45413238853264,-3.037535213609,-1.77799483967414
2.89004842072615,14.6251133107258,13.9793046356228,11.7720405573538,-4.8006528698625,-3.2778490814472,-1.81258641003849
3.55236694766609,15.3087960616,14.2407220839887,11.9017978580876,-5.13248640907844,-3.49437032213511,-1.84208486057943
4.24307232619254,16.019803267958,14.526777520958,12.0517465683036,-5.44089018572333,-3.68144745606683,-1.86537131666908
4.96065399487857,16.7582244135873,14.8405868020806,12.2305299976224,-5.71724792891003,-3.83416135821638,-1.88136938699023
5.70251794885429,17.5229559255915,15.1842851981599,12.446162464343,-5.95378798038635,-3.94882856849896,-1.8891297754337
6.46497912222164,18.3115503430836,15.5586790913215,12.7052637754397,-6.14432911014074,-4.02344272484466,-1.88791280996344
7.24338333096583,19.1202095308048,15.9630175700799,13.0123657765023,-6.28492619456777,-4.05796338469894,-1.87725329678226
8.03235354622598,19.943941092977,16.3949399193336,13.3694212397769,-6.37429018070197,-4.05438278968362,-1.85699392511174
8.82612529431074,20.7768599975198,16.8506179773824,13.7756092637848,-6.41389868328066,-4.0165473962935,-1.82727998617765
9.61891492510156,21.6125835677813,17.3250673203704,14.2274647057644,-6.40778325627856,-3.9497671361025,-1.78851735322638
10.4052603583417,22.4446501467394,17.8125650003018,14.7192863463217,-6.36205129590918,-3.86029060781486,-1.74130402256268
11.1802870056045,23.2668951854086,18.30709652545,15.2437259020366,-6.28424891495775,-3.75474338468815,-1.68635005715982
11.9398748941232,24.0737389270032,18.8027629064201,15.7924423802683,-6.18268313853412,-3.63961678819875,-1.62440051669918
12.6807269628186,24.8603671214835,19.2941023284828,16.3567216445482,-6.06580148009994,-3.52086516032294,-1.55617205479212
13.4003557370126,25.6228102766995,19.7763089294533,16.9279957291565,-5.94168929082951,-3.40363491864067,-1.48230853248946
14.0970134945161,26.3579421790391,20.2453540824039,17.498234479516,-5.81770636201668,-3.29211990508117,-1.40335623206617
14.769590980586,27.0634241012475,20.698029318404,18.0602123777175,-5.70025466983756,-3.18951999501886,-1.319756107495
15.4175048855106,27.7376196432919,21.1319347812269,18.6076716027022,-5.5946523705731,-3.09807335676935,-1.23184908309479
16.0405878309277,28.3794999168485,21.5454355185373,19.1354093647025,-5.50508367998086,-3.01913397410844,-1.13989027082622
16.6389886022181,28.9885524533361,21.9376029144561,19.6393165128852,-5.43459648035255,-2.95327137253919,-1.04406853336243
17.2130858421552,29.5647014749761,22.3081525198103,20.1163888131693,-5.38512581920184,-2.90037607159572,-0.944528603495557
17.7634155413595,30.1082426187856,22.6573838087873,20.564724736815,-5.35752923694353,-2.85976041778089,-0.841393692692683
18.2906112175526,30.6197919683339,22.9861227391448,20.9835158556461,-5.35162746190531,-2.83024940062713,-0.734787067715762
18.7953552433503,31.1002470786984,23.2956646811397,21.373029037355,-5.36625048887264,-2.81025965825128,-0.624851434454114
19.2783400131535,31.5507564279528,23.5877135024019,21.7345743635828,-5.39929383724084,-2.79786726866091,-0.511765192064194
19.7402381946828,31.9726932256763,23.8643124178911,22.0704496551755,-5.44779240981247,-2.79086629971323,-0.395754769177349
20.1816820020253,32.3676298024392,24.1277637324987,22.3838522764225,-5.50801950306923,-2.78682065684804,-0.27710238449101
20.6032520491252,32.7373098420792,24.3805376597413,22.678751777857,-5.57561599153305,-2.78311168489782,-0.156148725665964
21.0054767979255,33.083617505907,24.6251746389201,22.959722823142,-5.64574976750921,-2.77698341073362,-0.0332902422271599
21.3888437178143,33.408544709802,24.8641901363291,23.2317458261461,-5.71329893985357,-2.76558642658925,0.0910289807547174
21.7538229083661,33.7141600071731,25.0999946574666,23.499991190278,-5.77304548336516,-2.74602043351826,0.2163304454632
22.1009029886613,34.0025840101035,25.3348432583561,23.7696097431665,-5.81986080660947,-2.71537465301698,0.342118794911473
22.4306375137298,34.2759763553656,25.570827109701,24.0455545817904,-5.84886288930771,-2.67076494509018,0.467902424935673
22.7436982458209,34.5365375277614,25.8099142974859,24.3324565292505,-5.85552744290226,-2.60936676466799,0.593215374671926
23.0409296090942,34.7865254308168,26.0540386953088,24.6345665809016,-5.83574298431598,-2.52844412807989,0.717638307240605
23.3233970745121,35.0282821471395,26.3052261726712,24.9557657397406,-5.78581042121493,-2.42537646083954,0.840816196409638
23.5924213947975,35.264261818561,26.5657387813633,25.2996284470797,-5.70239929251363,-2.29768729996129,0.962470430334892
23.8495907037326,35.4970470562538,26.8382118170119,25.6695137509914,-5.5824825471576,-2.1430809985091,1.08240343025544
24.0967433486568,35.729339398129,27.1257566390719,26.0686508716492,-5.42327775999188,-1.95949552427921,1.20049446068837
24.3359155437658,35.963909115343,27.432003379194,26.5001836861644,-5.22222441037333,-1.74518096513782,1.31668590162865
24.5692491122922,36.203490755365,27.7610607368773,26.9671409706454,-4.97702507369209,-1.4988143651971,1.43095967381789
24.7988554399999,36.4506125823886,28.1173731583022,27.4723040650821,-4.68577460622884,-1.21966191832744,1.54330362930269
25.0266323849128,36.7073502547099,28.5054575792456,28.0179491824825,-4.34719697184137,-0.907799015040006,1.65366754977474
25.2540318535306,36.9749980870524,28.9295025487743,28.6054472861281,-3.96100449494454,-0.564396321387248,1.76190812411484
25.4817782653839,37.2536566237912,29.3928136881556,29.2347118124348,-3.5283874163335,-0.192074223042881,1.8677223094562
25.7095441851687,37.541745997595,29.8970952211246,29.9034977489531,-3.0526287075933,0.204684346110718,1.97056947100365
25.9356017752056,37.8354750833525,30.4415747644652,30.6065817842993,-2.53981372761672,0.619095557441519,2.06958554809872
26.1564904994644,38.128331808558,31.0220175531602,31.3349015020653,-1.99955865276694,1.04168130311588,2.16349822788854
26.3667739976303,38.4107123631699,31.6297466107803,32.0748086926446,-1.44561038281514,1.46004435631083,2.25056132131447
26.5589977493419,38.6698693196359,32.2508888725635,32.8076928523951,-0.896080200524229,1.85899456467748,2.32853819224091
26.7239872458298,38.8904038319557,32.8661814698461,33.5103227628887,-0.372996300790263,2.22124356996218,2.39477357953373
26.8516112742098,39.0555026604542,33.45173272535,34.1562621351005,0.0991338808090099,2.52884293440952,2.4463909661519
26.9320376876832,39.1489641266162,33.981034193483,34.7185374608653,0.495880729680804,2.76536205102077,2.4806269095611
26.9573187371085,39.1577506085728,34.428177268941,35.1733165354846,0.796301863128772,2.91848282987997,2.49526020700243
26.9229225380694,39.0744501181075,34.7716907743473,35.5038030165003,0.986437029989109,2.98234650573367,2.48902993162835
26.8287169240688,38.8988520411274,34.9979498960569,35.7031814465542,1.06181480266242,2.95885780174816,2.46190339572828
26.6790380808275,38.6380457405546,35.1030701162053,35.7755997322856,1.02808499356044,2.85741888516364,2.41509069982963
26.4818155142031,38.3049975007718,35.092727166779,35.7348853014718,0.899574847176782,2.69315380292998,2.35079999210672
26.2470819668741,37.9161366286729,34.9801522325,35.60155887891,0.696359368701377,2.48425003873466,2.27182906516795
25.9853610432867,37.488745580761,34.78314903188,35.3992165129199,0.44086378568613,2.24925532225463,2.18113285754215
25.7063436479953,37.038816703899,34.5210824885863,35.1512888884293,0.154914989363398,2.00497568040059,2.08147920381482
25.4180488733878,36.5796903433827,34.2124910783849,34.8787528694715,-0.142267240197141,1.76523734289631,1.97524155457714
25.1264629571124,36.1214632471146,33.8735615379587,34.598898992504,-0.435085232831216,1.5404452060072,1.86432058915385
24.8355380948163,35.6709760320983,33.517395839628,34.3249596166364,-0.711794416660188,1.33770587123952,1.75015751564374
24.5474084855506,35.2321494015356,33.1538594104723,34.0663022748477,-0.964237484007348,1.16126415332124,1.63379783960785
24.2627061401556,34.8064796286189,32.7897853769011,33.8289205075628,-1.18733197203918,1.0130582787951,1.51597356926999
23.9808986367458,34.3935679588464,32.4293563739737,33.6160310520343,-1.37848455986613,0.89327196135818,1.39718401554604
23.7006059090654,33.9916149767859,32.0745454462765,33.4286627218348,-1.5370324888992,0.80082149141924,1.2777653720685
23.4198772961927,33.597849971805,31.725548056242,33.2661795907311,-1.66375958259942,0.733755413796334,1.15794581534738
23.1364242465549,33.2088882167607,31.38117228577,33.1267174496176,-1.76050170198717,0.68956631214609,1.03788646727435
22.8478111385193,32.8210205305998,31.0391757686317,33.0075327687526,-1.82983890201486,0.665424403070487,0.917710193898484
22.5516094383381,32.430444040639,30.6965496666074,32.9052732736447,-1.8748634623986,0.658346050570561,0.797520724938648
22.2455208336379,32.0334438756218,30.3497556472644,32.8161831219028,-1.89901017745416,0.665310315663307,0.677414533482585
21.9274742375422,31.6265345031683,29.9949238111273,32.7362563314415,-1.90593518610077,0.683335224975201,0.557487633958045
21.5957003483281,31.2065676645169,29.628019450055,32.6613511984588,-1.89943076469427,0.70952359846503,0.437839093964855
21.248786069919,30.7708118142087,29.2449852417284,32.587276721649,-1.88336517451196,0.741086487650063,0.318572669332303
20.8857097331538,30.3170059068621,28.8418635239887,32.5098599312623,-1.86163853593914,0.77535072112847,0.199797578611232
20.505856826513,29.8433884460313,28.4149009741739,32.4250007118536,-1.8381476644492,0.809755774378489,0.0816290395876759
20.1090149721112,29.3487010785677,27.9606355993096,32.3287183268446,-1.8167547912377,0.841844155694156,-0.0358111885508397
19.6953463526986,28.8321649223171,27.4759637271234,32.2171915499918,-1.80125705016975,0.869248687773198,-0.152394347331083
19.2653359466823,28.2934275803463,26.9581830786626,32.0867923159337,-1.79535545025024,0.889679421262125,-0.267984641253935
18.8197149225305,27.7324796569996,26.405007390406,31.9341113345957,-1.80262360756961,0.900912405957812,-0.382440070815189
18.3593604908408,27.1495417523191,25.8145488942239,31.7559735368573,-1.82647756940682,0.900782150374753,-0.495614539917914
17.8851762100222,26.5449261739166,25.1852674092638,31.5494417099426,-1.87014839418735,0.887179319775208,-0.607361430153515
17.3979597623743,25.9188814858239,24.5158887164133,31.3118083322274,-1.93665860144578,0.858055072839076,-0.717538494008206
16.8982678916856,25.2714316834822,23.8052996646522,31.0405782192231,-2.02880218683232,0.811433439040988,-0.826013520660115
16.3862897946344,24.6022242842669,23.0524321037597,30.7334476236699,-2.14912583387475,0.745433304976894,-0.93266986198054
15.8617403044439,23.9104022573069,22.2561512049053,30.3882882533976,-2.29990665985778,0.65830190292496,-1.03741065587986
15.3237826296415,23.1945132782427,21.415165227681,30.0031466463162,-2.48311978772528,0.548462147001715,-1.14016049576297
14.7709876651066,22.4524667413561,20.5279731255753,29.5762701069809,-2.70038763656751,0.414576683766518,-1.2408633630114
14.201333816886,21.6815452811555,19.5928640241053,29.1061699584436,-2.95290227469549,0.255632028791573,-1.33947581253154
13.6122488435222,20.8784744478662,18.6079795056791,28.5917314959552,-3.24131249739114,0.0710465176776753,-1.43595461014881
13.0006941849628,20.0395526220825,17.5714467852729,28.0323780714605,-3.56556843202658,-0.139194209154716,-1.53023821472468
12.3632930233577,19.1608437427086,16.4815889163768,27.4282943364753,-3.92471857065572,-0.374371223393726,-1.62222168797488
11.6965057004567,18.238437622193,15.3372169246727,26.7807102875156,-4.31665772982374,-0.632835007266388,-1.71172489000715
10.9968593557135,17.2687854091066,14.1380070637163,26.0922421961995,-4.7378307120129,-0.911780545266808,-1.79845436825522
10.2612412278735,16.249118905937,12.8849617967875,25.3672766350452,-5.18290719048778,-1.2070067995586,-1.88196044438274
9.48726460465262,15.1779586251973,11.5809421212333,24.6123670621056,-5.64446065830762,-1.51268604942027,-1.96159296742187
8.6737095150431,14.0557022114446,10.2312373520757,23.8365866891205,-6.11270951811845,-1.82118806059414,-2.03646226678511
7.82102292168602,12.8852575020195,8.84410346221869,23.0517471946702,-6.57540997970537,-2.12302799186415,-2.10541588721174
6.93183237775181,11.6726408190624,7.43115419895707,22.27235713507,-7.01802056896582,-2.40702896224003,-2.16704580887991
6.01138442672776,10.4274063081396,6.00744214037729,21.5151737117284,-7.42426937517017,-2.66079669684149,-2.21974287345388
5.06777581408129,9.16272529844731,4.59104594792132,20.7982247543752,-7.77722144002437,-2.87157465645571,-2.26181163002196
4.11182624512214,7.89493050092767,3.20202301387158,20.1392733088726,-8.06084051038347,-3.02746578745518,-2.2916464413264
3.15647759729435,6.64241717126779,1.86072302490637,19.5538709573816,-8.26186788945004,-3.11887433934554,-2.307948309168
2.21571441738559,5.42396465298188,0.58567424265696,19.0533515555227,-8.37165350726425,-3.13988032190415,-2.30993801260627
1.30316147642386,4.25675969522301,-0.608530758611424,18.643252137267,-8.38747132582629,-3.08918809577157,-2.2975078300354
0.430654746533168,3.15456161662863,-1.71283355885428,18.3226055769518,-8.31292696932323,-2.97035908824833,-2.27126363548182
-0.392881037196332,2.12644495682473,-2.72439491224605,18.0843068641123,-8.15732508511831,-2.79124543088176,-2.23244212370376
-1.16201416024972,1.17637028042668,-3.64625820995577,17.9164159048897,-7.93419198046399,-2.56279337272786,-2.18272914050044
-1.87479721619003,0.303562462510063,-4.48619736841439,17.8039952841358,-7.65938043980496,-2.29755568873538,-2.12403318240253
-2.53229062254642,-0.496544041164674,-5.25514343647529,17.7310065686964,-7.34922134401374,-2.00827077362626,-2.05827110437119
-3.13782939734947,-1.23111727015668,-5.96559218529405,17.6818946319281,-7.01905667760921,-1.70675787070122,-1.98720514918836
-3.69623818444265,-1.90877662904929,-6.63027355119298,17.6426791612231,-6.6822935044763,-1.40322467786988,-1.91234536122209
-4.21313613273697,-2.53864843576106,-7.26120548475702,17.6015449411704,-6.34995462427463,-1.10595874962272,-1.83491146549783
-4.69439823673053,-3.12968830925798,-7.86912882612087,17.5490263084703,-6.03061152130234,-0.821308236947333,-1.755838228357
-5.14578190498466,-3.6902549781063,-8.46325056446782,17.4779156891463,-5.73056292904872,-0.553843935241284,-1.67580678989355
-5.5726949326009,-4.22788344515116,-9.05120212256334,17.3830156324343,-5.454140819081,-0.306611472910359,-1.59528768368836
-5.98006928012851,-4.74919731232496,-9.6391275973962,17.2608241961053,-5.20405904265383,-0.0814096951203278,-1.51458590075911
-6.37230595333343,-5.25990735567166,-10.2318368849348,17.1092121176018,-4.98175226672486,0.120943135850391,-1.43388250288281
-6.75326289894076,-5.76485633632631,-10.8329797257819,16.9271248377989,-4.78767768892157,0.300374506129325,-1.35327026804827
-7.12626582619241,-6.26808301944528,-11.4452142089907,16.714324878525,-4.62156844497457,0.457360922552033,-1.27278267421904
-7.49412911288949,-6.77288914997587,-12.0703560803173,16.4711792321346,-4.48263728499383,0.592768938495766,-1.19241648592617
-7.85917969066221,-7.28190117878498,-12.7095038386281,16.1984903400057,-4.36973414406813,0.70773010696563,-1.11214861453095
-8.22328095885926,-7.79712410832903,-13.3631400814157,15.8973661829393,-4.28146350740992,0.803544752222811,-1.03194803200972
-8.58785651282208,-8.31998837943154,-14.0312127658655,15.5691236874139,-4.2162682343544,0.881609365175043,-0.9517834987122
-8.95391500764315,-8.85139265889213,-14.7132016243162,15.215219276494,-4.17248651471003,0.943362920165468,-0.871627817036114
-9.32207803515928,-9.39174604956246,-15.4081753451419,14.8372005621793,-4.14838827129024,0.990248131351405,-0.791459291851303
-9.69261266190835,-9.94101289402452,-16.1148445557182,14.4366736575497,-4.14219673365684,1.02368442731729,-0.711261069949908
-10.0654695190447,-10.4987622956777,-16.8316144182448,14.0152813413831,-4.15210014373606,1.04505013152994,-0.631019032573398
-10.4403263016816,-11.064223048989,-17.5566390286508,13.574688244008,-4.17625762605834,1.05567194722536,-0.550718901167187
-10.8166355022498,-11.6363432025173,-18.2878781141683,13.116570268773,-4.21280221535915,1.05682033908295,-0.470343166879384
-11.1936744171051,-12.213852295828,-19.023155076492,12.6426065214421,-4.25984297481817,1.04970977774823,-0.389868359922066
-11.57059506673,-12.7953236149593,-19.7602144297379,12.154472948961,-4.31546716428948,1.03550307305984,-0.309263039451406
-11.9464717148859,-13.3792336949503,-20.4967762658451,11.6538376066669,-4.37774263773895,1.01531918563178,-0.228486725680236
-12.3203440952583,-13.9640167005836,-21.230585510402,11.1423579153769,-4.44472012675336,0.990243995730049,-0.147489835747565
-12.6912551317624,-14.5481120912524,-21.9594542922999,10.6216804429705,-4.51443482179573,0.961343546846889,-0.0662145453241622
-13.0582827020309,-15.1300049116547,-22.681296537817,10.0934436814014,-4.58490666071781,0.929679287653489,0.0154036058959184
-13.4205657119208,-15.708258971858,-23.3941547482668,9.55928406883846,-4.65413891864459,0.896324824215066,0.0974336076913822
-13.7773253074487,-16.2815439327212,-24.0962196595281,9.0208451853396,-4.72011498922538,0.862383668952175,0.179946634164427
-14.1278824184333,-16.8486578415828,-24.7858440562256,8.47978969993814,-4.78079359884296,0.829007433998202,0.263013706525389
-14.471672992568,-17.408546943283,-25.4615523786823,7.93781329178957,-4.83410305628072,0.797413857230641,0.346703568232475
-14.808262279869,-17.9603246658789,-26.1220479542129,7.39665942837666,-4.87793549375227,0.768903960599876,0.431080916905205
-15.1373594157175,-18.5032916090245,-26.7662197584973,6.85813355724613,-4.91014240098396,0.74487751133678,0.516205066598043
-15.4588333801641,-19.036958213798,-27.3931506314277,6.32411494475986,-4.92853310553231,0.726845775174851,0.602129037093425
-15.7727312159058,-19.5610716103729,-28.0021288713571,5.79656405894203,-4.93087822527244,0.716440303413592,0.688898985743294
-16.0792992145921,-20.0756479850427,-28.5926651829815,5.2775230414918,-4.91492053852304,0.715416169202602,0.776553812514334
-16.379007607588,-20.5810116540803,-29.1645170156435,4.76910642277589,-4.87839618974558,0.725647645254871,0.865124676731553
-16.6725791461382,-21.0778419075783,-29.7177224553357,4.27347880786392,-4.81906969823676,0.749113778802134,0.954634061064289
-16.9610217675522,-21.5672285165546,-30.2526459461063,3.79281577746505,-4.73478686240522,0.787870649222118,1.04509389714775
-17.245665289052,-22.0507365389828,-30.7700382015089,3.32924370214784,-4.62355035755789,0.844006273723532,1.1365021218746
-17.5282016626153,-22.5304805937524,-31.2711126179502,2.88475356132407,-4.48362357852551,0.919573153213594,1.22883685862206
-17.8107276550537,-23.0092079331326,-31.7576401792858,2.46108324109897,-4.31366899152153,1.0164923585224,1.32204721550597
-18.095787730455,-23.4903881818513,-32.232064006466,2.0595623079311,-4.11292771898983,1.13642196500901,1.41603947991488
-18.3864131353013,-23.9783050810981,-32.6976328713056,1.68091325268205,-3.88144683440415,1.28058183213422,1.51065730528031
-18.6861504332406,-24.4781414490834,-33.1585495391876,1.32500433603309,-3.6203590810084,1.44952677006503,1.60565442207982
-18.9990686448959,-24.9960421317201,-33.6201237496752,0.99055257509831,-3.33221507861881,1.64286208305577,1.70065862091075
-19.3297284840851,-25.5391303220642,-34.0889098162057,0.674782850552621,-3.02135849841466,1.85890104125209,1.79512651714032
-19.6830902295215,-26.1154402544027,-34.5727943232172,0.373062941636313,-2.69431754231332,2.09427548473522,1.88829030974386
-20.0643298346682,-26.7337153522924,-35.0809802954126,0.0785569502028931,-2.3601588346006,2.34353142983459,1.97910086541418
-20.478529248242,-27.4030099437453,-35.6237934560241,-0.218027961186636,-2.03071204146912,2.59877333697541,2.06617635677161
-20.9302126552532,-28.1320339504546,-36.2122220925334,-0.528487950699462,-1.72053050163898,2.84946196967646,2.14777214629247
-21.4227237742179,-28.9282077191677,-36.857110106948,-0.866816488096406,-1.44642120015058,3.08251129316308,2.22179404219494
-21.9574877687546,-29.7964634665501,-37.5679742860689,-1.24840087115804,-1.22638730181379,3.28284604333817,2.28587970828484
-22.5332727520149,-30.7379440228482,-38.3515276241568,-1.68864337184163,-1.0779171133761,3.43453788102381,2.33756617522726
-23.1456385128234,-31.7488817228324,-39.2101496398574,-2.2010860344401,-1.01574681071137,3.52250377260907,2.37454019031325
-23.7867895253238,-32.8200225178891,-40.1406922256903,-2.79534099393099,-1.04948469579204,3.53453453024041,2.39493424249074
-24.4459878976384,-33.936907279505,-41.1340447906657,-3.47532182270005,-1.1816940371403,3.46320466657637,2.3975978377709
-25.1105209967257,-35.08109693243,-42.1757249220395,-4.23830079538672,-1.40703347306187,3.30713077540194,2.3822626589753
-25.7670198924587,-36.232105299109,-43.2474367272848,-5.0751061078372,-1.71277363646425,3.0711922591425,2.34954648938678
-26.4027957019522,-37.3695504231519,-44.3292025614932,-5.97139609687826,-2.08055182968339,2.76566636218578,2.30079605933499
-27.006875539232,-38.4749937066898,-45.401508693686,-6.90960163392991,-2.48883344083947,2.40458444697386,2.23782370321129
-27.5705598235166,-39.5331119226951,-46.4469841534058,-7.87098826771451,-2.91541613626955,2.00380506836467,2.16261802559379
-28.0874986358397,-40.532116716699,-47.4513728549658,-8.83738513755696,-3.33945595072428,1.57926265017429,2.07709775453532
-28.5534101368038,-41.4635561461792,-48.4038122799818,-9.79235164291798,-3.74277436819097,1.14566709211577,1.98294577675389
-28.9656071524228,-42.321733401434,-49.296592184963,-10.7217703276915,-4.11046177841837,0.715725092208022,1.88152791013197
-29.3224779562143,-43.1029727379829,-50.1246143187062,-11.6139884086921,-4.43094120732157,0.299812350157083,1.77388067473132
-29.6230206933476,-43.8049035406903,-50.8847458689705,-12.4596744380355,-4.69569707180734,-0.0940342346163194,1.66074550763823
-29.8664855644939,-44.4258659653903,-51.5752021625696,-13.251541604652,-4.89884798767967,-0.459935693225964,1.5426288060634
-30.0521465419866,-44.9644889327881,-52.1950392688025,-13.984049410553,-5.03669216239895,-0.793904389529623,1.419872507224
-30.1792048492561,-45.4194571652854,-52.7437962745097,-14.6531528972083,-5.10730414505679,-1.09355995404709,1.292725131155
-30.2468145958424,-45.7894627219378,-53.2212994460404,-15.2561323908847,-5.11022236556121,-1.35786620806062,1.16140691957316
-30.2542114745452,-46.073320378127,-53.6276207613878,-15.7915082819262,-5.04623836254114,-1.5869058582923,1.02616485308715
-30.2009151957524,-46.2702099529869,-53.9631662810963,-16.2590234733019,-4.91727804527752,-1.7816955939372,0.887314492868285
-30.086965411247,-46.3799914124459,-54.2288534758515,-16.6596602447195,-4.72635037922504,-1.94403591452448,0.745266463132722
-29.9131422056223,-46.4035237709107,-54.4263225738718,-16.9956494021225,-4.47752901049824,-2.0763860410087,0.600536485488351
-29.681120291058,-46.3429127428725,-54.5581195813418,-17.2704296407756,-4.17592863491561,-2.18175353364505,0.453739391397736
-29.3935145037148,-46.201620503368,-54.6277924129229,-17.4885250898358,-3.8276416945266,-2.2635899087753,0.305569322804156
-29.0537936233869,-45.9843955743469,-54.639858509224,-17.6553275401328,-3.43961218315382,-2.32568670905682,0.156769988781337
-28.6660660409625,-45.6970172317334,-54.5996295557478,-17.7767922679261,-3.01943951110726,-2.37207005349943,0.00809993532724203
-28.2347672275352,-45.3458872867165,-54.5129094135568,-17.8590762509628,-2.57512208833219,-2.4068945659359,-0.139701972352979
-27.7642976352759,-44.9375314960571,-54.3856063676242,-17.9081591413425,-2.11476273695216,-2.43433892320643,-0.28594626142018
-27.2586656967302,-44.4780853780882,-54.2233136240972,-17.9294878269165,-1.64626304537692,-2.4585048021042,-0.430014363084771
-26.7211836777643,-43.9728332703815,-54.0309105648861,-17.9276758857089,-1.17703090169357,-2.4833190674122,-0.571369952540014
-26.1542481249791,-43.4258495616589,-53.8122243110102,-17.9062738423696,-0.713716869722292,-2.51243638035635,-0.709559455206775
-25.5592175702651,-42.839765281053,-53.569772573129,-17.8676101748019,-0.261984388554407,-2.54913689779458,-0.844202062064707
-24.9363837220429,-42.2156598094811,-53.3045909649399,-17.8126910409637,0.173690443501642,-2.59621214594193,-0.974970262575529
-24.2850223604476,-41.5530622304518,-53.0161359241057,-17.741141473498,0.590198914888052,-2.65583207295556,-1.10156231838344
-23.603507794486,-40.8500421797636,-52.7022507364619,-17.6511731308919,0.985968822554929,-2.72938817290399,-1.22366842150051
-22.8894789496151,-40.1033750959229,-52.359186953419,-17.5395727890369,1.36112616116736,-2.81731187363743,-1.34093268721151
-22.1400534145644,-39.3087784927211,-51.9816851169075,-17.4017198309637,1.71764198569798,-2.91887458939088,-1.45291380434998
-21.3520945414474,-38.461229551847,-51.5631337975256,-17.2316573866263,2.0594420528329,-3.03198633620403,-1.55904823386633
-20.5225421169648,-37.5553845803676,-51.0958401612833,-17.0222569887859,2.39243965305825,-3.15302343338348,-1.65862132523947
-19.6488151014498,-36.5861214819323,-50.5714525148369,-16.7655256134255,2.72443629675783,-3.27673099890054,-1.75075336595423
-18.7292820062256,-35.5492114729844,-49.9815684262177,-16.4531001529576,3.06482689130771,-3.39625868833895,-1.83440875230502
-17.7637691475348,-34.4420919517209,-49.3185339811926,-16.0769504301089,3.42405466343023,-3.50339131521732,-1.90843606010859
-16.7540424429931,-33.2646608896923,-48.5763876349923,-15.6302634117928,3.8127955212117,-3.58902042836837,-1.97164345671625
-15.7041649221452,-32.0199569946975,-47.7518330320141,-15.1084127548147,4.24091533263064,-3.64386136326664,-2.02290675769249
-14.6206170498973,-30.7145537115455,-46.8450609311539,-14.5098480922679,4.71632656050343,-3.65935446368816,-2.0612972061258
-13.5120884864248,-29.3585081298466,-45.8602146116464,-13.8366998248043,5.24394461002588,-3.62861615187055,-2.08620587555024
-12.3889148744411,-27.9647847572518,-44.8053357236898,-13.0949198547011,5.82497017145221,-3.54725629471306,-2.09743644576275
-11.2622262090446,-26.5482045837459,-43.6917418307452,-12.293876368334,6.45667352597337,-3.41388370269877,-2.09524222428013
-10.1429580856972,-25.1241037822323,-42.5329366044065,-11.4454628109395,7.13273632589746,-3.23019108293156,-2.0802968954527
-9.04091523168297,-23.7069649654641,-41.3432767946588,-10.5629097626459,7.84406111045807,-3.00062067234643,-2.05360652042153
-7.96405164706703,-22.3092735120427,-40.1366648467496,-9.65954939422271,8.57984957411545,-2.73171610645171,-2.01638504306296
-6.91805885096484,-20.940764067403,-38.9254918909512,-8.7477576821063,9.32871721854481,-2.43132404742142,-1.96992129084327
-5.90626854677361,-19.6081039616687,-37.7199551019875,-7.83821410377469,10.0796532273602,-2.10780751440657,-1.91546161854856
-4.92981117899062,-18.314959903213,-36.5277654185904,-6.93951737963742,10.8227169107515,-1.76938740827035,-1.85412273368368
-3.98794206393366,-17.062338888004,-35.3541835977293,-6.05811678721909,11.5494460916174,-1.42366797274218,-1.78683889525726
-3.07844836530477,-15.8490842387108,-34.2022870351202,-5.19847736033178,12.2530125184073,-1.07734975424812,-1.71434007265905
-2.19807011297351,-14.6724275356926,-33.0733692436105,-4.36338990685269,12.9281880889037,-0.736101052211132,-1.63715385589012
-1.34289361546045,-13.5285287161688,-31.9673929178302,-3.55435004719686,13.5711896850012,-0.40454566130275,-1.55562325748319
-0.508697499900349,-12.4129666943056,-30.8834421409324,-2.77195124458926,14.1794604278181,-0.0863250359482195,-1.46993373942121
0.308753278186701,-11.3211651361573,-29.8201408293283,-2.01625629433101,14.7514303775094,0.215799752125514,-1.38014466890488
1.11346196619421,-10.2487511581525,-28.7760193879219,-1.28712591363527,15.286285810096,0.499831653644796,-1.28622221018117
1.90899709128536,-9.19184996345431,-27.749819523706,-0.584491222321722,15.7837656417629,0.764423787278477,-1.18807204554128
2.69832754975009,-8.14731796568922,-26.7407297418395,0.0914398274002413,16.2439966336506,1.008778352621,-1.08557119652057
3.48369505003577,-7.11291303111858,-25.7485433579513,0.740051642799562,16.6673748066899,1.23256383421425,-0.978598622844459
4.26652811922318,-6.08739530117593,-24.7737293388095,1.36027558915556,17.0544976943891,1.43585279022638,-0.867064302723145
5.04740632212226,-5.07054780321964,-23.8174063220384,1.95063824895514,17.406149241931,1.6190802554493,-0.75093624960435
5.82608584053137,-4.06310488809331,-22.8812139627553,2.50940631003329,17.723335190699,1.78302099302525,-0.630264518343775
6.60159663141404,-3.06658032162062,-21.9670847357672,3.03482086342425,18.0073610828611,1.92878215480257,-0.505200834016929
7.37241595775817,-2.08299660638426,-21.0769334963397,3.52539918906301,18.2599378589296,2.0578062233497,-0.376012192192325
8.13671308561995,-1.1145322039538,-20.212299425508,3.98026532543985,18.4832926753578,2.17187751561294,-0.243086784201892
8.89264678925499,-0.163121033329128,-19.3739912927897,4.39945625039597,18.680257133101,2.27312433646491,-0.106931017350372
9.63868399971879,0.769945684786446,-18.5617968416735,4.78414362903292,18.8543038535929,2.36400846271752,0.0318427258745834
10.3738983858487,1.68435675861141,-17.7743157430541,5.13671603078596,19.0095067538185,2.44729427818432,0.172536685083861
11.098205373409,2.58100184891414,-17.0089610317785,5.46068431130965,19.150410275629,2.52599152514872,0.31439432778669
11.8124966563593,3.46203478063488,-16.2621485874967,5.76040018515075,19.2818060416175,2.6032678606047,0.456629292457286
12.5186513519402,4.33076157922307,-15.5296643176657,6.04060797448987,19.4084284013006,2.68232951516012,0.598452115620057
13.2194187823063,5.19136102794933,-14.8071721750324,6.30587420904992,19.5345896307604,2.76626969224987,0.739089986044004
13.9181845164296,6.04846670311333,-14.0908092676731,6.55995354300442,19.6637792306052,2.85788463995112,0.877795321279927
14.6186427837204,6.90665173732105,-13.3778092222551,6.805151328224,19.7982504424803,2.95945695573337,1.0138401856146
15.3244030791039,7.76986041320534,-12.6670988737386,7.0417369705546,19.938613729363,3.07250574836427,1.14649529560052
16.0385580522436,8.64082743625642,-11.959820061205,7.26745484960796,20.0834559459165,3.19750552597055,1.27499446303206
16.7632372207459,9.52052217414216,-11.2597307040603,7.47717828457758,20.2290096159432,3.33358224260403,1.3984878176319
17.4991713731064,10.407657434826,-10.5734324338087,7.6627612256704,20.3689120260162,3.47820791240624,1.5159901866804
18.2452998470517,11.2983145644044,-9.91035567723545,7.81316096314178,20.4941182856356,3.62693569028311,1.62633470443416
18.998468865916,12.1857581814095,-9.28241444351725,7.91492411966972,20.5930601215471,3.7732436609979,1.72814578838755
19.7532905743668,13.0605365492505,-8.70323848375624,7.9531289591112,20.652158959768,3.90858071344133,1.81984882083157
20.5022488802493,13.9109697959445,-8.1869239665382,7.91283379940639,20.6567855225226,4.02271713431715,1.89973367252263
21.2361318579576,14.7240935289949,-7.74633781055289,7.78097184181894,20.5926846235899,4.10447524541011,1.96608218133301
21.9448223500425,15.487030863023,-7.39116646611725,7.54846030847963,20.4477445559167,4.14283474807838,2.01735354877094
22.6183832108358,16.1886194311931,-7.12607394901679,7.2121089374761,20.2138161904665,4.12827919299658,2.05239853556629
23.2482564848119,16.8209738633645,-6.94943576098209,6.77582068504378,19.8881571107181,4.05411832862252,2.07065237189372
23.8283130970903,17.3806028834029,-6.85305001398969,6.2506746514918,19.4740870488562,3.91745937126722,2.0722506333439
24.3554992996885,17.8687872454081,-6.82297278845784,5.65377956615298,18.9806342850598,3.71956605439531,2.05803034922726
24.8299413242187,18.2911432742976,-6.84127944947687,5.00616651429994,18.4212605736408,3.46552672082181,2.02941501049694
25.2545386680713,18.6565442753285,-6.88828659419763,4.33026416779412,17.8120248654173,3.1633655993556,1.98821900128697
25.6342156369396,18.9757288759207,-6.94470341710552,3.64754351137308,17.1696552150022,2.82287089869092,1.93642610232678
25.9750533032849,19.2599366671967,-6.99331292393765,2.97675009680314,16.5099220399839,2.45442934501294,1.87599222590069
26.2834905896976,19.5198098818853,-7.02000809282281,2.33288388672517,15.8465231821904,2.06807430648114,1.80870237146236
26.5657049252763,19.7646612778049,-7.01420952825302,1.72686732045738,15.1905068721954,1.67283775672314,1.73608903604282
26.8272048389903,20.0020959661484,-6.96880769927741,1.1657233799185,14.5501381999602,1.27639961526005,1.65940322927688
27.0726140526776,20.2379134652597,-6.87980401623389,0.653061570593324,13.9310690852391,0.884973933847141,1.57962228572891
27.3056026755667,20.4761997190793,-6.74580207349956,0.189702895583534,13.33667903429,0.503355830452538,1.49747867081659
27.5289179110489,20.7195290220844,-6.56745686997622,-0.225672604728609,12.7684856046975,0.135060967472564,1.41349749512226
27.7444740867014,20.9692160721056,-6.34694749433212,-0.595923647688447,12.2265588003623,-0.217493456651906,1.32803479113752
27.9534722969213,21.225578518082,-6.08750684877297,-0.924923269446606,11.7099024275506,-0.552799678033166,1.24131233142555
28.1565295148919,21.4881861042919,-5.79302161502038,-1.21712255354876,11.2167851469364,-0.870081742401902,1.15344741090584
28.3538043047452,21.7560832061104,-5.46770441324115,-1.47720114653299,10.7450157166507,-1.16913899567263,1.06447762797465
28.5451112497649,22.0279781659065,-5.11583481193512,-1.70979794236522,10.2921630537495,-1.45021432186647,0.974381513907961
28.7300194915357,22.3023967332524,-4.74156390045279,-1.91931368443214,9.85572444825639,-1.71388729424582,0.883096129253041
28.9079329686896,22.577799241283,-4.34877676439352,-2.10977727766798,9.43324617235554,-1.96099060815077,0.790532674275757
29.078151557298,22.8526627226981,-3.94100737571638,-2.28476822515422,9.02240090138084,-2.19254733580063,0.696590899423979
29.2399136524197,23.1255304531204,-3.52140058886313,-2.4473882435052,8.62102642423907,-2.40972622377094,0.601172757634882
29.3924219474142,23.3950326390277,-3.09271587348171,-2.60027550536639,8.22713040388234,-2.61381216550339,0.504195387297834
29.5348552767116,23.659883192696,-2.657367003123,-2.74565497829282,7.83886659260557,-2.8061889668276,0.405603202275013
29.666370350289,23.9188587238436,-2.21749112684364,-2.88541792354804,7.45448892498328,-2.98833150295499,0.305378626204256
29.7860978986208,24.1707668876315,-1.77503951274547,-3.02122279888745,7.07229118451915,-3.16180430666086,0.203550861891799
29.893138076493,24.4144119141545,-1.33188090774702,-3.1546086933198,6.69054125090701,-3.32826353405456,0.100202046162655
29.986559816824,24.6485652949906,-0.8899071581331,-3.28711124703926,6.307419955379,-3.4894591539519,-0.00452978585091868
30.0654081531979,24.8719490688169,-0.451129839067867,-3.42037013086935,5.92097494496623,-3.6472341507535,-0.110451310543612
30.1287223391979,25.0832378175387,-0.0177565368327003,-3.55621697148986,5.5290993612647,-3.80351756992899,-0.217318175585429
30.1755660350429,25.2810834271183,0.407763576483433,-3.69673344042513,5.12954342868525,-3.9603084106382,-0.324842579672972
30.2050691302684,25.4641641075921,0.822733046556961,-3.84427120010518,4.71996432282573,-4.11964768284593,-0.432703376991751
30.2164792232418,25.6312564991384,1.22424331655884,-4.00142834574888,4.29801633965377,-4.28357634878338,-0.540557445666051
30.2092196571977,25.7813273728358,1.60925713679204,-4.17098041642032,3.86148000626252,-4.454077266745,-0.648050667317475
30.1829505503231,25.9136399104317,1.97473413993061,-4.35576730194956,3.4084260050202,-4.63299954974505,-0.754826618651345
30.1376294285599,26.0278689798947,2.31779498933108,-4.55853977425973,2.93740806069167,-4.82196387329583,-0.860531028329291
30.0735687255118,26.1242201266203,2.63591825658861,-4.78177051739352,2.44767831511388,-5.02224726581414,-0.964810226654799
29.9914881767698,26.2035477019774,2.92716411904207,-5.02743447182512,1.9394187098744,-5.23464601265452,-1.06730220870201
29.892560536588,26.2674679100776,3.19041942705501,-5.2967626710725,1.4139815249206,-5.4593159567082,-1.16761953554454
29.7784485369275,26.3184616208474,3.42565846456178,-5.58997371394215,0.874130094752385,-5.69559139542819,-1.26532412972391
29.6513292554806,26.3599587574782,3.63421121465807,-5.90598923802812,0.324265313646367,-5.94178793295606,-1.3598951547413
29.5138988010645,26.3963902694542,3.81902440390825,-6.2421460857386,-0.229386452881484,-6.19500211270537,-1.45069273035742
29.3693457544224,26.4331853137894,3.98488868606454,-6.59392989183406,-0.778663371729827,-6.45093225448501,-1.53692235800402
29.2212770475077,26.4766817069078,4.13858799501983,-6.95477298554997,-1.31349355786603,-6.70376040113013,-1.61760760181425
29.0735770065521,26.5339105918327,4.28890713824057,-7.31598147200395,-1.8221294463199,-6.94615203630703,-1.6915813937447
28.9301824269534,26.6122178309059,4.44641853940777,-7.66687505914657,-2.29166821257093,-7.16944176416549,-1.75750822652967
28.7947677601247,26.7187029448247,4.62297155317286,-7.99522558300747,-2.70891169455549,-7.36406849691785,-1.81394858126161
28.6703573917532,26.8594977217806,4.83084353316653,-8.28804952142531,-3.06155498314652,-7.52029016010748,-1.8594709784231
28.5589141709727,27.0389683251387,5.08159008661431,-8.53273436236753,-3.33958754342322,-7.62913891085603,-1.8928048857345
28.4609844150079,27.2589886553219,5.38474183376387,-8.71836635040269,-3.53667087139294,-7.68348458679636,-1.9130113950751
28.3754921904336,27.5184657512007,5.7465965833058,-8.83701601306788,-3.65117781152451,-7.67899208836865,-1.9196344751903
28.2997545750385,27.8132681691236,6.16939132999829,-8.88468762674252,-3.68660175221648,-7.61473644864505,-1.91279239532869
28.2297345961382,28.1366101502962,6.65106764618649,-8.86169551506281,-3.65119055427671,-7.49330838427371,-1.89318186480936
28.1604804152469,28.4798136444466,7.18568148453067,-8.77238621775271,-3.55688094628009,-7.32038593231289,-1.86199300970985
28.0866494848271,28.833266956423,7.76432532246872,-8.62431330548661,-3.41780380078712,-7.10390074625254,-1.82075978569435
28.0030064038738,29.1873683450399,8.376310490361,-8.42710465905895,-3.24871238505192,-6.85302087139859,-1.77118545319874
27.9048114071529,29.5332876256562,9.01034203682788,-8.1912919902293,-3.06363622665013,-6.57717448836795,-1.71498146201085
27.7880629184074,29.8634637100859,9.6554893565682,-7.9273114663302,-2.87493268075816,-6.28527137137304,-1.65374486444732
27.6495999245569,30.1718378660199,10.3018607541627,-7.644782606217,-2.69276918378467,-5.98518715420255,-1.58888286326579
27.4870953998301,30.4538747978083,10.9409812554661,-7.35207943387328,-2.52497168863296,-5.68349980382358,-1.52158025305154
27.2989797375851,30.706442387125,11.5659276423269,-7.05614875413527,-2.37713212756716,-5.38542506294085,-1.45279892844166
27.0843288760209,30.9276157738504,12.1712936067289,-6.76250697587828,-2.25286750743527,-5.09488541222298,-1.38329741383498
26.8427424309561,31.1164552204819,12.7530532190622,-6.47534827798005,-2.15414520212948,-4.81465399297359,-1.31366026893815
26.574227432215,31.2727892882894,13.3083754957164,-6.19771036016277,-2.08161675606986,-4.54652969337103,-1.24433020257189
26.2790955632959,31.39702014606,13.8354256905572,-5.93166034222659,-2.03492688174661,-4.29151489259412,-1.17563854762211
25.9578766146188,31.4899576405741,14.3331744615175,-5.67847769979424,-2.01298207595657,-4.04997974673226,-1.10783190150944
25.6112478558536,31.5526826533404,14.8012256203676,-5.43882179548492,-2.01417453457722,-3.82180557945419,-1.04109416002119
25.2399775598124,31.5864371306883,15.2396664515498,-5.21287864610318,-2.03656328803382,-3.60650536056774,-0.975564002191316
24.8448804203371,31.5925369704986,15.6489407239004,-5.00048581962264,-2.07801736586157,-3.40332227764797,-0.911348301547579
24.4267826275434,31.5723038059816,16.029742580774,-4.80123662769611,-2.13632667693473,-3.21130884391384,-0.848532098235917
23.9864946735071,31.527012168238,16.3829287772558,-4.61456580067103,-2.20928611180398,-3.02938948130705,-0.787185781733994
23.5247903204905,31.457849110195,16.7094466711882,-4.43981910756535,-2.29475772246547,-2.85640949215141,-0.727370074087068
23.0423905524349,31.3658840394622,17.0102756702802,-4.27630927206954,-2.39071505738431,-2.69117306562814,-0.669139313965055
22.5399516674522,31.2520470990667,17.2863802621289,-4.12336024002227,-2.49527299461095,-2.53247260562824,-0.612543443797776
22.0180569359724,31.1171149122035,17.538673187383,-3.98034149447206,-2.60670579413109,-2.37911129573415,-0.557629007721923
21.4772114762852,30.9617029071771,17.7679877226544,-3.84669376057348,-2.72345560043582,-2.22992047575191,-0.504439383874711
20.917840161317,30.786263729109,17.9750583722979,-3.72194711785657,-2.84413325172462,-2.08377310057345,-0.453014402648892
20.3402884832557,30.5910914480416,18.1605095237773,-3.60573225560189,-2.96751296954291,-1.93959428740719,-0.403389444941956
19.7448263726768,30.3763313990846,18.3248517990544,-3.49778537275606,-3.09252228610743,-1.79636972680163,-0.355594072245994
19.1316549989138,30.1419955429426,18.4684859330344,-3.39794704005313,-3.21822839343637,-1.65315253096442,-0.309650214075439
18.5009165690668,29.8879832138878,18.5917140262871,-3.30615521380995,-3.34382195139971,-1.5090689159021,-0.26556992748952
17.8527070930743,29.614107023312,18.6947579474956,-3.22243252589691,-3.46859925928495,-1.36332296051842,-0.223352747295073
17.1870920045041,29.32012353093,18.7777845109237,-3.14686798444624,-3.59194357357241,-1.21520055781377,-0.182982662172441
16.5041243996036,29.0057680501878,18.8409368035902,-3.0795933093786,-3.713306237344,-1.06407257054024,-0.14442477834943
15.8038655194826,28.6707926882611,18.8843707299401,-3.02075430631493,-3.83218818150446,-0.909397130471921,-0.107621765736606
15.0864069204538,28.315006390205,18.9082954565408,-2.97047794099022,-3.94812225984587,-0.750720973533779,-0.0724902174864765
14.35189360449,27.9383154542985,18.9130160468512,-2.92883610612116,-4.06065679930547,-0.587679682599095,-0.0389170897461352
13.6005472035981,27.5407627020546,18.898976189003,-2.8958074411562,-4.16934067957189,-0.419996708010913,-0.00675642052293469
12.8326881612005,27.1225632863623,18.8667986041899,-2.87123893450573,-4.27371020426415,-0.24748104589966,0.0241734471914831
12.0487557489092,26.6841350419377,18.8173205333821,-2.85480935530989,-4.37327798364512,-0.0700234669576235,0.0540918944900625
11.2493247193565,26.2261213580789,18.7516216893269,-2.84599676798311,-4.46752400577533,0.112408804246814,0.0832570551405779
10.4351174533065,25.7494048279651,18.6710422880453,-2.8440524182785,-4.55588901663003,0.299779061319672,0.11196559268228
9.60701061872936,25.2551103913137,18.5771892548763,-2.8479830871734,-4.63777023750401,0.491989852061839,0.140550989315055
8.76603564930901,24.7445973747021,18.4719294729309,-2.85654355435256,-4.71251930777082,0.688893603614434,0.169380139484327
7.91337275454406,24.2194406885916,18.357369962535,-2.86824008204984,-4.77944213323767,0.890305264823439,0.19884808920335
7.050338684925,23.6814024327325,18.2358261052303,-2.88134485262711,-4.83780004515322,1.09601707278607,0.229370832276821
6.17836904994535,23.1323962018861,18.1097803458339,-2.8939201431126,-4.88681134421727,1.30581549165982,0.261376169384755
5.29899656022142,22.5744473586712,17.9818350739124,-2.90384982048212,-4.9256519522277,1.51950026523077,0.295292756254246
4.41382705825975,22.0096533313181,17.8546644366627,-2.90887466041684,-4.95345358337076,1.73690536815907,0.331537610916649
3.52451551610491,21.4401484410201,17.7309704669876,-2.90662721689597,-4.9692976543772,1.95792143811329,0.370502511205574
2.63274423170887,20.8680777661443,17.6134489781019,-2.89466168810155,-4.97220317798096,2.18251903520745,0.412539882263123
1.74020518064581,20.2955839809117,17.5047700344788,-2.87047457413632,-4.96110721187937,2.41077181939483,0.457948934557849
0.848587868542684,19.7248099728566,17.4075764578674,-2.83151297572899,-4.93483714493888,2.64287848071373,0.506962946763967
-0.0404268817506057,19.1579183353355,17.3245017880197,-2.77516909434065,-4.892075202572,2.87918201257553,0.559738669428665
-0.925167872449489,18.5971267221698,17.258206602582,-2.69876171267479,-4.83131700339503,3.12018470286745,0.616348826716998
-1.8039709981627,18.0447557172566,17.2114293499267,-2.59950788974898,-4.75082765089574,3.3665570407905,0.676778583472716
-2.67517601376397,17.5032836309248,17.1870452366232,-2.47449046061102,-4.64860048264602,3.61913861518173,0.740926597593692
-3.53712603802383,16.9754007821697,17.1881245821253,-2.32062882943894,-4.52232494864239,3.87892901649676,0.808610879084686
-4.38817346113968,16.4640546897363,17.2179807546793,-2.13466170667979,-4.36937090940259,4.14706675025964,0.879579138589489
-5.22669572083896,15.9724773254346,17.2801974761606,-1.91315073882684,-4.18679678886116,4.4247941904923,0.953522670981019
-6.05112388871774,15.5041861785682,17.3786258848908,-1.65251352842527,-3.97138855486959,4.71340658878716,1.03009215801534
-6.85998638090156,15.0629520308731,17.5173428963712,-1.3490937054328,-3.71973572628953,5.01418300722709,1.10891317849074
-7.6519696512517,14.652727537285,17.7005635155902,-0.999275054210382,-3.42835002921272,5.32829665893939,1.18959877136016
-8.4259976692884,14.2775312662651,17.932500080908,-0.59964682974552,-3.09383251342157,5.65670144264617,1.27175615983576
-9.18133242597084,13.9412811858193,18.2171603454162,-0.147228747924133,-2.71309632791155,5.99999049203933,1.35498472274505
-9.91769848606268,13.6475693767648,18.5580735625114,0.360233304988872,-2.28365495935664,6.3582215817804,1.43886246885909
-10.6354352161251,13.3993663216145,18.9579298207369,0.923886798803305,-1.80398887035147,6.730703868685,1.5229186215311
-11.335679785068,13.1986396701362,19.4181143465273,1.54329176039856,-1.27400534893199,7.11574188083622,1.60659053435332
-12.020580797244,13.0458715369987,19.9381186387975,2.21582763399296,-0.695603641893017,7.51033787527494,1.68916430183255
-12.6935342246898,12.9394646938749,20.514819720188,2.93599017035335,-0.0733446407923637,7.90986556430545,1.76970064158391
-13.3594174531122,12.875048413778,21.1416458893771,3.69461399334169,0.584806126273674,8.30775029637185,1.8469517233748
-14.0247715924551,12.8447377840402,21.8077022170297,4.47811729187783,1.26674998252412,8.69522570248228,1.91928145641564
-14.6978479429953,12.8364725459394,22.4970185976712,5.26795672285529,1.9557149111943,9.06128252636669,1.98461147966016
-15.3884010825652,12.8336578152327,23.1881992488153,6.04058852740758,2.63017999873921,9.39296830462056,2.04042573542942
-16.1071015103916,12.8154172874678,23.8548533161251,6.76830635697668,3.26461358567641,9.67620475475982,2.083872096647
-16.8644906858746,12.7577789579802,24.4671835573166,7.42127550872114,3.8313309532432,9.89721522478644,2.11198989733239
-17.6695392797907,12.6359518150919,24.9948937850944,7.9708079855243,4.30352368492734,10.0444611126063,2.12205781565162
-18.5280767620957,12.4274785818371,25.4111055221138,8.39341581415179,4.65903919356667,10.1107051892263,2.11200005431546
-19.4415382602249,12.1155771482929,25.6964019189814,8.67463703121643,4.88397622858693,10.0945916603857,2.0807358679478
-20.4064796304728,11.6916929727862,25.8417931568109,8.81141695686909,4.97495515139295,10.0011517011668,2.02834911271553
-21.4150761078313,11.1564431862929,25.8496366522389,8.81221499520576,4.93927599453869,9.84098852586394,1.95601308316427
-22.4564505446316,10.5187233903789,25.7322995378356,8.6948561704695,4.79296856760066,9.62840415936942,1.86570483589002
-23.5183945391918,9.79342376202909,25.5091759471987,8.48295268414282,4.55749625696409,9.37909309875968,1.75982129341595
-24.5889986644942,8.99857242773032,25.2030951272087,8.20203438492485,4.25617458446184,9.10805459911646,1.64082336278174
-25.6578655927044,8.15267056125228,24.8370533139519,7.87630101210723,3.91115874681405,8.82812818589881,1.51099117375289
-26.7167995703758,7.27267212291502,24.431796744908,7.52643010804767,3.54140779783583,8.54924370025767,1.37231264104245
-27.7600271148125,6.37273272696857,24.0043753501104,7.16845431604597,3.16163932887077,8.27826126537464,1.22648247450872
-28.7840715623954,5.46364472425517,23.5675392154049,6.81349887884925,2.78207870308295,8.01919888206688,1.07496968051793
-29.7874045493734,4.55279999168931,23.1297676696179,6.46812076976375,2.4087601951149,7.77366359009284,0.919111884523138
-30.7699718783433,3.64452554512583,22.6957343482155,6.13502938502988,2.0441742689307,7.54135749059484,0.76020407517934
-31.7326675295697,2.74066471793654,22.2670517417702,5.81402281458588,1.68810802452957,7.32058323097991,0.59956070489463
-32.6768171225287,1.84129680928303,21.843167427796,5.50300894916444,1.33856170347214,7.10870964834287,0.43854074026027
-33.6037270103418,0.94549435209146,21.4222941913705,5.19899487120937,0.992639888600632,6.90257737496785,0.27853465203414
-34.5143483998287,0.0520189049559958,21.0022594258502,4.89893613585454,0.647324464333445,6.69883284120119,0.12092015466657
-35.409090306448,-0.840132762543859,20.5811723009756,4.60035678204145,0.300052729660438,6.49418410454456,-0.0330010067148839
-36.2877900370906,-1.73139207832408,20.1578399868606,4.30168917070917,-0.0509441134232407,6.28557749868861,-0.182070636718307
-37.1498211964677,-2.6215092009517,19.7319136206592,4.00233450533698,-0.406543488699485,6.07030106525983,-0.325332635710172
-37.9942960465278,-3.50964331405418,19.3037969284783,3.70249507259594,-0.766833837856899,5.84602753252033,-0.462073033483784
-38.8203085068557,-4.39459184095704,18.8743893272773,3.40286231937403,-1.13134716410014,5.61081407896449,-0.591837199365587
-39.6271677362871,-5.27508413845812,18.4447510551201,3.10425310295035,-1.49934425764324,5.36307707895581,-0.714424725668669
-40.4145862859704,-6.15007137088296,18.0157706260235,2.80727242150108,-1.87008627361883,5.10155781618847,-0.829865848191713
-41.1828046983724,-7.01896330314931,17.5878926476588,2.51205428257947,-2.2430484110653,4.82529113658187,-0.938384865477981
-41.9326502561755,-7.88178570187745,17.1609372466443,2.21810399872698,-2.61805527647007,4.53358473314614,-1.04035612177664
-42.6655380907392,-8.73925180180754,16.7340192938462,1.92424283070934,-2.995336511018,4.2260132535227,-1.13625727494942
-43.3834273843403,-9.59275437900296,16.3055602978936,1.62864257608655,-3.37551271702064,3.90242903018566,-1.22662331318399
-44.0887453138693,-10.444291156589,15.8733785281847,1.32893273786623,-3.75952612807626,3.56298978802045,-1.31200349777048
-44.7842884740628,-11.2963371883082,15.4348416320001,1.02236370090915,-4.14852995850378,3.20820274439104,-1.39292230356035
-45.4731076264187,-12.1516757572925,14.9870681677111,0.70601298946398,-4.5437473861857,2.83898363794349,-1.46984459796976
-46.1583778829184,-13.0131961387012,14.5271677628357,0.377025818332064,-4.94630765958025,2.45672800901228,-1.5431447705696
-46.8432535708444,-13.8836637390987,14.0525123561853,0.032884187534842,-5.3570642274404,2.06339020798016,-1.61307930873103
-47.5307054314281,-14.7654666234257,13.5610320632369,-0.328300305272381,-5.7763988997219,1.6615629091296,-1.67976242440275
-48.2233377207767,-15.6603429787151,13.0515277819365,-0.707476641794593,-6.20401736339222,1.25454624994327,-1.74314479039321
-48.9231846139561,-16.5690972634973,12.5239881216774,-1.10433946896352,-6.63874520756485,0.84639122899742,-1.80299625096409
-49.6314894835659,-17.4913191020603,11.9798902326202,-1.51702981923335,-7.07833999200648,0.441897243631579,-1.85889448868207
-50.3484775270244,-18.4251284091367,11.4224529729322,-1.94188416286644,-7.5193432930089,0.0465399128445068,-1.91022290702464
-51.0731417772536,-19.3669817425243,10.856798294259,-2.37327778141916,-7.9570054981301,-0.333695182648802,-1.95618209659017
-51.8030734908741,-20.3115856527348,10.2899665920284,-2.80361900460397,-8.38532226349849,-0.692591491396382,-1.99581963672269
-52.5343773091859,-21.2519678214673,9.73073030117009,-3.22355215995434,-8.79722030616658,-1.02409692195393,-2.02808192731671
-53.2617145574791,-22.1797494817021,9.18916464291113,-3.62241146211091,-9.18491642872037,-1.32281412188239,-2.05188861917122
-53.9785090525319,-23.0856374123846,8.67597036180077,-3.98893022935342,-9.54044445439841,-1.58453152373838,-2.06622494963278
-54.677325463541,-23.960110401837,8.20159842691832,-4.31215218595964,-9.8563031123279,-1.80671056313678,-2.0702409048421
-55.3503931904961,-24.7942224939327,7.77528761894697,-4.58242839566344,-10.1261352201404,-1.98882969412337,-2.06334084919489
-55.990209129948,-25.5804017147712,7.40416966364737,-4.79233865316922,-10.3453222698164,-2.13249922238063,-2.04524582983165
-56.590126131294,-26.3131087555258,7.092600322792,-4.93737355612182,-10.5113843934693,-2.24130527979971,-2.01601495425166
-57.1448331162642,-26.9892460980477,6.84182997389308,-5.01626154111356,-10.6241171656214,-2.32040441094988,-1.97602140316298
-57.6506600788587,-27.6082673134782,6.65004747238691,-5.03090906978668,-10.685460439882,-2.37594918084041,-1.92588958108531
-58.105685649349,-28.1720058680486,6.5127470566025,-4.9860097029462,-10.6991559754268,-2.41445776268873,-1.86640844242853
-58.5096688628897,-28.6842966090025,6.42331050561877,-4.88843697473273,-10.6702877563027,-2.44223724952148,-1.79843930004228
-58.863855159701,-29.1504853860757,6.37368090982886,-4.74655123345933,-10.6048026925817,-2.46493832592932,-1.72283420353021
-59.1707137918559,-29.5769131866604,6.35502552203105,-4.56952726058528,-10.5090859033705,-2.48727469824584,-1.64037526019792
-59.4336536646505,-29.9704327643604,6.3583257966192,-4.36676591861188,-10.3896285031799,-2.51290088285869,-1.55173876105297
-59.6567459546536,-30.3379831155596,6.3748739978284,-4.14740902929394,-10.2527909373228,-2.54441615320216,-1.45748269033151
-59.8444632247099,-30.6862216613378,6.39668501418004,-3.91994524320057,-10.1046401723118,-2.58345219017923,-1.35805297500453
-60.0014317867108,-31.021200809111,6.41684474115196,-3.69188047691674,-9.95082711929676,-2.63080364762868,-1.25380256196072
-60.1321888472147,-31.3480746353407,6.4298142620318,-3.46944788607643,-9.79647018555719,-2.68656920627784,-1.1450175572289
-60.2409379759206,-31.6708295442331,6.43169700343783,-3.25734437913983,-9.64601872576146,-2.75028127451877,-1.03194565644734
-60.3313035413942,-31.9920454181254,6.42045995993343,-3.0584975097946,-9.50308306639704,-2.82101245533076,-0.91482350239381
-60.4060942557714,-32.3127065117605,6.39608541576809,-2.87388282753701,-9.37023274394758,-2.89745492273131,-0.793901108665866
-60.4670948891337,-32.6320903438766,6.36062046687167,-2.70242323150448,-9.24877915396408,-2.97797466806698,-0.669462824227777
-60.514911367544,-32.9477657260121,6.31809049961219,-2.54100599908476,-9.13857108800336,-3.06064647656267,-0.541845247294474
-60.5488961323706,-33.2557266705771,6.27425032911008,-2.38464895149307,-9.03784022285737,-3.14327789379504,-0.41145283878711
-60.5671771756046,-33.5506772993858,6.23616249074928,-2.22683481199493,-8.94313738861262,-3.22343163355404,-0.278771657084851
-60.5668052540954,-33.8264645728089,6.21161514731949,-2.0600128417597,-8.84939801072224,-3.29845587296977,-0.14438071236826
-60.5440196447891,-34.0766318347223,6.2084206253247,-1.87624032507578,-8.75016473229093,-3.36553044778857,-0.00895917592948306
-60.4946141362473,-34.2950391384557,6.23366660177887,-1.66790570638356,-8.63797523461906,-3.42173381345268,0.126713505759219
-60.4143639664559,-34.4764709638784,6.29301924097708,-1.42844536438593,-8.50489387721251,-3.464130789729,0.261768127723605
-60.2994557929664,-34.6171363969148,6.39019135012096,-1.15294624266678,-8.34313123298693,-3.48987524757233,0.395269892047648
-60.1468529955149,-34.7149705557471,6.5266779256499,-0.838528063983638,-8.14566524141781,-3.49631650408191,0.526257343860688
-59.9545343017687,-34.7696753811715,6.7018201919671,-0.484429617554277,-7.90676396038509,-3.48109520533071,0.653794106414939
-59.7215671273091,-34.7824900342483,6.91319274966698,-0.0917814960505762,-7.62232243491589,-3.44221539093692,0.777027917555043
-59.4480131879368,-34.7557418650887,7.1572355812876,0.336882757867027,-7.28996534046291,-3.3780843666747,0.895248690759157
-59.1347015202041,-34.6922773630503,7.42999909146819,0.798267766766156,-6.90892117060697,-3.28751939882584,1.00793642497694
-58.7829298226428,-34.5948910856987,7.7278556876686,1.28897593726924,-6.47972376506748,-3.16972750578253,1.114791278248
-58.3941613380062,-34.4658548047987,8.04805852817914,1.80606676041715,-6.00382615281101,-3.02426951874704,1.21574158050432
-57.9697720491341,-34.3066089399978,8.38908224448185,2.34744076208115,-5.48321363710725,-2.85102119519788,1.31092980848644
-57.5108798872762,-34.1176318461534,8.7507386616552,2.91202550910595,-4.92008329224495,-2.65014304626031,1.40068021159354
-57.0182638276377,-33.8984657776486,9.13410354115405,3.49978343880541,-4.31662775770732,-2.4220679932499,1.48545390093552
-56.4923634447112,-33.6478593661117,9.54130990246527,4.11158393775241,-3.67493415450827,-2.16751325620066,1.56579754765869
-55.9333411891102,-33.3639844855622,9.97526194131894,4.74898535964004,-2.99699081999154,-1.88752069114435,1.64229075340714
-55.3411889517759,-33.0446945972434,10.4393090577017,5.4139628800051,-2.28478644361066,-1.58352820753366,1.71549533116693
-54.715864355168,-32.6878053296257,10.9369006521522,6.10860287453854,-1.54048549247425,-1.25747353952669,1.78590783566698
-54.05744750792,-32.2913909489662,11.4712253338153,6.83476984928018,-0.766666619645073,-0.911929856277909,1.85391519136048
-53.3663134055672,-31.8540994819403,12.0448263988101,7.59374146471295,0.0333866766807409,-0.55026961748624,1.91975246930613
-52.6433172510736,-31.3754929634378,12.6591805053364,8.38580288398975,0.855354586565914,-0.176847670085111,1.98346192462287
-51.8899886882774,-30.8564164621222,13.3142296203708,9.20979507235882,1.69352662229496,0.202814280059505,2.04485344784312
-51.1087255534464,-30.2993888846414,14.0078693004017,10.0626246399071,2.540456375458,0.581872832547722,2.10346871965693
-50.3029677349299,-29.7089886398185,14.7354213686557,10.9387673676824,3.38667987055392,0.952085804967522,2.15855459261604
-49.4773176611017,-29.0921779115605,15.4891570817739,11.8298342580013,4.22058048648458,1.30387904478093,2.20905520068316
-48.6375587204736,-28.458474398445,16.2579842109711,12.7243134453253,5.02850986846904,1.62663467086026,2.25363590562983
-47.7905133653071,-27.8198504374506,17.0274546314227,13.6076396499514,5.79528223290776,1.90926992274326,2.29075322265173
-46.9436896415035,-27.1902374211528,17.7802615567748,14.4627489157443,6.5051256427308,2.14113211904662,2.3187802582418
-46.104699764568,-26.5845637001218,18.4973432424466,15.2712178195911,7.14307843233733,2.31314793545821,2.33618449856517
-45.2804996865824,-26.0173698031171,19.159571020653,16.0149450630861,7.69666656813996,2.41904871264377,2.34173501591967
-44.4765776861559,-25.5012034978899,19.749795585185,16.6781350085366,8.15753707655768,2.45639466819838,2.33469628314334
-43.696275405587,-25.04513171316,20.2548379335056,17.2491698270807,8.52264030968362,2.42710493032199,2.31495740686681
-42.9404168620876,-24.6537329589104,20.6669504913696,17.7219150802877,8.79462502835565,2.33730739958885,2.28305788845459
-42.2073389651548,-24.3268128932661,20.9844020324881,18.0961459184366,8.98133296218282,2.19652393956439,2.24010205092298
-41.4932952524981,-24.0598640517137,21.2111104054907,18.3770530500466,9.09455480799935,2.01640837667019,2.18758951105904
-40.7931023116544,-23.845077589031,21.3555259184332,18.5740546420354,9.14840328420019,1.80935944142773,2.12721089426134
-40.1008590249376,-23.6726051324894,21.4291285190144,18.6992822649973,9.15769412136734,1.58730358428733,2.06065807341246
-39.4105946001919,-23.5317851020785,21.4449032937687,18.766094594295,9.13662371839185,1.36082479494592,1.98948153934119
-38.7167624615994,-23.4121454251769,21.4160491380408,18.7878550023193,9.09787407813051,1.13868355024294,1.91500590985506
-38.0145588091916,-23.3041087433768,21.3550348734559,18.777068542922,9.05213875872771,0.927669566842763,1.83829784021087
-37.3000864472001,-23.199412491044,21.2730047293783,18.7448660450162,9.00798409558598,0.732689567225064,1.76017230399049
-36.5704029108934,-23.0913013725232,21.179471996614,18.7007656628463,8.97193565542491,0.556990255150971,1.68122202470569
-35.8234932749656,-22.9745613013891,21.0822193318073,18.652626659515,8.94869067328352,0.402437756809816,1.6018575821492
-35.0582005800993,-22.8454558844326,20.9873300824757,18.6067191681782,8.94138254238958,0.269801341256947,1.52234964022924
-34.2741369340552,-22.7016110918947,20.8992921202524,18.5678523545622,8.95184981474284,0.159012219123348,1.44286827212356
-33.4715893976557,-22.5418780796534,20.8211344235097,18.5395226997005,8.9808834303783,0.0693846133817004,1.36351692148025
-32.6514280475083,-22.366191442062,20.7545725397405,18.5240600106156,9.0284406331278,-0.000203576655588233,1.28436014414559
-31.8150191311776,-22.1754311767839,20.7001507452213,18.5227602631241,9.09382311185332,-0.0511677815566706,1.20544515504205
-30.9641436175524,-21.9712909509936,20.6573764897657,18.5360019750173,9.17582188037536,-0.0851063529001338,1.12681762341358
-30.1009201341021,-21.7561520793624,20.6248473346005,18.5633473664129,9.27283369752014,-0.103717078982678,1.0485323248123
-29.227730875878,-21.5329612502278,20.6003729239895,18.6036319652724,9.38295451694185,-0.108735291432836,0.970659312255416
-28.3471491944712,-21.3051098398855,20.5810952495196,18.6550472040929,9.50405524471504,-0.101888930401321,0.893286289283578
-27.4618680074566,-21.0763131886797,20.5636101341228,18.715220431184,9.63384441433042,-0.0848667233586067,0.816517887809087
-26.5746287007189,-20.8504890956515,20.5440918954314,18.7812959768099,9.76992151474792,-0.0592963653292332,0.740472574863948
-25.6881507359363,-20.6316357727151,20.5184219265881,18.8500197964658,9.90982380191317,-0.0267302112201531,0.665277922482734
-24.8050625984004,-20.4237103564582,20.4823207055341,18.917828986452,10.0510685813593,0.0113635059336976,0.591064956045462
-23.9278350356679,-20.2305097305285,20.4314817339682,18.9809463574531,10.1911922545977,0.0536055191942037,0.517962239474824
-23.0587177088403,-20.0555558071603,20.3617051639849,19.0354793450672,10.327786889453,0.09870770527909,0.446090259550264
-22.199680498894,-19.901987646072,20.2690284206211,19.0775218979007,10.4585347154757,0.145473600975818,0.375556547832188
-21.3523607804275,-19.7724628987813,20.1498508442513,19.103257523911,10.5812406957528,0.192798026128107,0.306451841790909
-20.5180180823514,-19.6690711800359,20.0010491924937,19.1090613382509,10.6938631443441,0.239666353917109,0.23884745407949
-19.6974976649532,-19.593262087753,19.8200806418493,19.0915986149358,10.7945421670384,0.285153746414193,0.172793901684085
-18.8912046612212,-19.5457907254488,19.6050697328151,19.047916981242,10.8816254828362,0.328424458944221,0.10832075184707
-18.0990904759003,-19.5266836251195,19.3548755527397,18.9755290091858,10.9536909251367,0.36873112282153,0.0454375693437473
-17.320653037742,-19.5352278088495,19.0691354746637,18.8724816410685,11.0095646623842,0.40541375935326,-0.01586420292925
-16.5549521853623,-19.5699852404907,18.7482821081893,18.737408759611,11.0483339757466,0.437898175697355,-0.0756086351633427
-15.8006408974057,-19.6288340278876,18.3935308944467,18.5695634159191,11.0693533562054,0.465693358299378,-0.133832203478852
-15.0560122502144,-19.7090364233275,18.0068370351598,18.3688268517333,11.0722427858976,0.488387517253004,-0.190580427847271
-14.3190609732992,-19.8073320310554,17.5908221568423,18.1356925423784,11.0568773844243,0.505642540456179,-0.245904500254137
-13.587557365152,-19.9200528092479,17.1486731065332,17.8712249646164,11.0233681049055,0.517186773924655,-0.299858135909024
-12.8591302969523,-20.0432547089327,16.6840173539912,17.576994544611,10.9720338219461,0.522806230688063,-0.352494852159507
-12.1313551974208,-20.1728593437778,16.2007813345355,17.2549920280956,10.9033658632468,0.522334515779759,-0.40386583534614
-11.4018424245973,-20.3047981765033,15.7030394612648,16.9075271218116,10.8179867102957,0.515641911030244,-0.454018497692613
-10.668321357814,-20.4351514688276,15.1948622389824,16.5371174425735,10.716605121508,0.502624167402976,-0.502995759482509
-9.92871591491871,-20.5602747347638,14.6801718278107,16.1463744276452,10.5999702439275,0.483191591833428,-0.550836023963883
-9.18120797309128,-20.6769066104218,14.1626125443519,15.7378928363336,10.4688273386811,0.4572589887802,-0.597573752455607
-8.42428623095274,-20.7822537240462,13.6454422508966,15.3141498046705,10.3238775338618,0.424736932801177,-0.643240501898096
-7.65677928302761,-20.8740501499027,13.1314486156036,14.8774182540513,10.1657436005121,0.385524726220102,-0.687866262874355
-6.87787290702423,-20.9505910544341,12.6228920421193,14.4296979272758,9.99494315809415,0.339505255233054,-0.731480932684034
-6.08711267746401,-21.0107420201137,12.1214749702053,13.9726656839347,9.81187006798501,0.28654182073936,-0.774115774341566
-5.28439388646776,-21.0539270232909,11.6283354272243,13.5076450915822,9.61678412278874,0.22647690240693,-0.815804741066497
-4.46994132757743,-21.0800990771105,11.1440613528323,13.0355940006106,9.4098085801045,0.159132727949147,-0.85658558099554
-3.64428175324059,-21.0896980555392,10.6687213801504,12.5571077757717,9.19093465564599,0.0843134685948843,-0.896500670190702
-2.80821178733609,-21.0836002561466,10.2019074538122,12.0724352491539,8.96003182559953,0.00180886662204657,-0.935597549360238
-1.96276381023247,-21.0630638876012,9.74278481137591,11.5815042270814,8.71686267899576,-0.0886008824719748,-0.973929156816205
-1.10917191775946,-21.029674042887,9.29014536564943,11.0839535024547,8.46110111212149,-0.187139127273602,-1.01155375856025
-0.248839554014536,-20.9852899193698,8.84246125486521,10.5791686885074,8.19235282044978,-0.294025707971088,-1.04853457589335
0.616690099313687,-20.9319962103089,8.3979361744604,10.0663197305511,7.91017729750158,-0.409468847281652,-1.084939105417
1.48576038333258,-20.8720597847659,7.95455296456572,9.54439857659037,7.61411085109898,-0.533655892085864,-1.12083811765986
2.35662391029865,-20.8078920459491,7.51011673555551,9.01225612921678,7.30369046340341,-0.666742724098596,-1.15630431077539
3.22746200361932,-20.7420167368846,7.06229353462797,8.4686382134548,6.97847862616782,-0.808841571306506,-1.19141058607803
4.09640133622698,-20.6770424448602,6.60864517671383,7.91222084809448,6.63808955517714,-0.960006873789319,-1.22622790302318
4.96152852677461,-20.6156386207553,6.14666138769681,7.34164558553056,6.28221741003604,-1.12021879529911,-1.26082266246759
5.82090367190923,-20.5605135539036,5.67379085487462,6.75555608455611,5.91066730438325,-1.28936393574878,-1.29525355918872
6.67257399720457,-20.5143924110469,5.187473170126,6.15263740345198,5.52338997405506,-1.46721280461289,-1.32956783949685
7.51458900718743,-20.4799931190262,4.68517399225866,5.53165973346769,5.12052094825222,-1.65339368094367,-1.36379689869876
8.34501871520524,-20.4599975574312,4.16442605262072,4.89152842487021,4.70242491518622,-1.84736264210606,-1.39795116172838
9.16197672621973,-20.4570152312646,3.62287885514286,4.23134214577492,4.26974563759416,-2.04836982902132,-1.43201421443201
9.96365010266105,-20.4735363597957,3.0583600222738,3.55046079139738,3.82346119094762,-2.25542247982048,-1.46593620195623
10.7483380129563,-20.5118712357375,2.46895111004312,2.8485842265932,3.36494338933479,-2.46724596279452,-1.49962659604551
11.514501048963,-20.5740729069482,1.85308019875696,2.1258419571899,2.8960189445178,-2.68224502527646,-1.53294656639013
12.2608226800563,-20.6618409338229,1.2096324479808,1.38289222716033,2.41902811331495,-2.89846877944779,-1.56570138457667
12.9862834118851,-20.7764054285486,0.538077823853313,0.621026671589056,1.93687432649623,-3.11358453992066,-1.59763354558959
13.6902466499243,-20.9183930795432,-0.161387885576981,-0.157726557147398,1.45305569912651,-3.32486737430409,-1.62841759983617
14.3725528830592,-21.0876806435263,-0.887696992752405,-0.950512222830848,0.971666764374666,-3.52921381955225,-1.65765801034888
15.0336155754923,-21.2832464656692,-1.63877244312712,-1.75358527974844,0.497356928420712,-3.72318912182706,-1.68489160752983
15.6745083283181,-21.5030365588546,-2.41141853584979,-2.56229489532727,0.0352320330197884,-3.90311682156329,-1.7095962856789
16.2970291117407,-21.7438675939931,-3.20126443648464,-3.37113567922041,-0.409311725000392,-4.06521667213964,-1.73120731865179
16.9037248102438,-22.001393004011,-4.00278718501677,-4.17388424448348,-0.830825333934883,-4.2057910794,-1.74914192138009
17.4978594780362,-22.2701579520424,-4.80943768682134,-4.96383139444778,-1.22410844671962,-4.32145147189182,-1.76283139354844
18.0833139711844,-22.5437619642527,-5.61388278653225,-5.73410637976619,-1.58455271058147,-4.40936540289877,-1.77175847303609
18.6644136011907,-22.815133747432,-6.40835889629582,-6.47807137673334,-1.90849017033547,-4.46749527614962,-1.77549576470532
19.2456931265475,-23.0769027608275,-7.18511056302782,-7.18974570213951,-2.19349982975739,-4.49479385250012,-1.77373985765719
19.8316218895137,-23.3218310869029,-7.93686647650735,-7.86420616646415,-2.43862456640912,-4.49132332467523,-1.76633558161512
20.4263221204101,-23.5432534551379,-8.65729265433138,-8.49790784817989,-2.6444614385664,-4.45827498542853,-1.75328609567453
21.0333166920514,-23.7354686707441,-9.34136315038318,-9.0888808377682,-2.81310945603972,-4.39788352064938,-1.73474697509285
21.6553373502088,-23.8940344191306,-9.98560346165129,-9.63678075153043,-2.9479844918144,-4.31324906122657,-1.71100548265696
22.2942122328081,-24.0159369660701,-10.5881865289634,-10.1427975295823,-3.05353363978326,-4.20809567576586,-1.68244886722518
22.9508362146349,-24.0996313304602,-11.1488881318799,-10.6094502957912,-3.13489471906165,-4.08650275573264,-1.64952706781552
23.6252138611703,-24.144968959945,-11.6689299557875,-11.0403099812239,-3.19754832193361,-3.9526446056281,-1.61271533736683
24.3165558288712,-24.1530436827337,-12.1507500763828,-11.4396941027424,-3.24700151970355,-3.810565435703,-1.57248126453467
25.0234064859346,-24.1259911408705,-12.597741568114,-11.8123715047631,-3.28852845614007,-3.66400549483421,-1.5292590077873
25.7437824467727,-24.066773553067,-13.0139930603665,-12.163303102509,-3.32697835532002,-3.51628287228951,-1.48343184075411
26.4753066685069,-23.9789736484539,-13.4040542663835,-12.4974318946317,-3.36664942971233,-3.37022691821503,-1.43532274521265
27.2153287021341,-23.8666121226082,-13.7727382968878,-12.8195246769906,-3.41121936020124,-3.22815413990774,-1.38519194080626
27.961027156017,-23.7339943103002,-14.1249632006538,-13.1340603439899,-3.46371939605677,-3.09187551942135,-1.33323987976369
28.709494644014,-23.585585132587,-14.4656285811134,-13.4451554903391,-3.52653874413092,-2.96272457557219,-1.27961422756314
29.4578082230819,-23.4259070257378,-14.7995192991635,-13.7565165865696,-3.60144757869297,-2.84159717188774,-1.22441953952256
30.203089744683,-23.2594533085271,-15.131226733621,-14.0714084831074,-3.68962966327723,-2.72899625936406,-1.1677286007132
30.9425608584669,-23.0906088518653,-15.4650782334767,-14.3926306412613,-3.7917184888861,-2.62507691278109,-1.10959463344671
31.6735969057374,-22.9235706345691,-15.8050667984597,-14.7224947848829,-3.90783356486814,-2.52968890266422,-1.0500637498933
32.3937827890371,-22.7622624925415,-16.1547753147097,-15.0628002667276,-4.03761582291485,-2.44241553791511,-0.98918712319904
33.1009722742819,-22.6102409071116,-16.5172926295209,-15.4148061502548,-4.18026291192832,-2.36260861638623,-0.927032379372387
33.7933502171765,-22.4705918363459,-16.8951221627857,-15.7792016510413,-4.33456641920769,-2.2894200712329,-0.863693697732541
34.4694950938893,-22.3458221098286,-17.290087348395,-16.1560789637537,-4.4989537086643,-2.22183134705716,-0.799300081228433
35.1284372247312,-22.2377523988114,-17.7032415816073,-16.5449143620011,-4.67153708147967,-2.15868172261176,-0.734021253037932
35.7697065512058,-22.1474217176163,-18.1347929973401,-16.94456449111,-4.85017232518544,-2.09869674916786,-0.668070682156352
36.3933630907986,-22.0750151772918,-18.5840557162559,-17.3532846596087,-5.03252746384465,-2.04051772511738,-0.6017053567727
37.0000036115967,-22.0198267615731,-19.0494386796086,-17.7687745002329,-5.21616079947388,-1.9827327217384,-0.535222114988538
37.5907397441836,-21.9802668337397,-19.5284805478545,-18.188253603074,-5.39860538362937,-1.92390916577978,-0.468950591727714
38.1671456133902,-21.9539199314162,-20.0179344861049,-18.6085659235683,-5.57745522025888,-1.86262744775667,-0.403243117044223
38.7311767678982,-21.9376526390378,-20.5139005864691,-19.0263075182295,-5.75044715585213,-1.79751454684843,-0.338462161647971
39.2850660738214,-21.9277648344745,-21.0119971636147,-19.4379682253927,-5.91553189037904,-1.72727632554361,-0.274966126493008
39.8312055776717,-21.9201715658584,-21.5075564236529,-19.8400750953136,-6.07092804109098,-1.65072701158654,-0.213094382038046
40.3720254878319,-21.9105984443923,-21.9958262406707,-20.2293243512918,-6.21515471704661,-1.56681447788598,-0.153152466014277
40.9098818250221,-21.8947716102099,-22.4721587652173,-20.602689699937,-6.34704038529781,-1.47464022775539,-0.095398254291987
41.4469628909586,-21.8685844775015,-22.9321686310595,-20.9574978087272,-6.46570854324021,-1.37347343136347,-0.0400297563944896
41.9852217258195,-21.8282273615402,-23.3718482351793,-21.2914661822299,-6.57054336814184,-1.26275884448198,0.0128250059875147
42.5263377530476,-21.7702719705755,-23.7876340384483,-21.6027036852671,-6.66114063877202,-1.14211887357817,0.0631157628958844
43.0717066006927,-21.6917094861605,-24.1764248559699,-21.8896786889389,-6.73725048694767,-1.01135035150369,0.110875271689711
43.6224533597406,-21.5899473231702,-24.5355594149299,-22.1511634583841,-6.79871879182601,-0.870416711684451,0.156222061876576
44.1794619369981,-21.4627746370354,-24.862765074356,-22.3861654723822,-6.8454333371021,-0.719436200340087,0.199360640155409
44.7434119467777,-21.308309507999,-25.1560918843613,-22.5938566456035,-6.87727940411345,-0.558666588255301,0.240579139339647
45.3148148989746,-21.1249412759645,-25.4138460220956,-22.7735100882027,-6.89410757380562,-0.388486609187147,0.280244369654929
45.8940429654641,-20.9112798379338,-25.6345342916747,-22.9244513920878,-6.89571444124242,-0.209374137092579,0.318794212472196
46.481346095165,-20.6661204050384,-25.816827467315,-23.0460280427176,-6.88183499034803,-0.02188098796934,0.356727307460759
47.0768561298916,-20.3884278783601,-25.9595454767462,-23.137596903305,-6.85214371578757,0.173395766471538,0.394590039670272
47.6805794418808,-20.0773404139725,-26.0616625744751,-23.1985263374894,-6.80626035666187,0.375845945118132,0.432960940799454
48.2923820675942,-19.7321875998408,-26.12232644305,-23.2282068478218,-6.74375540733397,0.584881573348992,0.472432778039751
48.9119730201169,-19.3525155006455,-26.1408821132939,-23.2260624043504,-6.66415044165272,0.799974731776104,0.513592805662874
49.5388923261435,-18.9381090334575,-26.1168900950431,-23.1915541408873,-6.56690877037816,1.02069691565548,0.557001884768126
50.1725102223232,-18.489001828257,-26.0501282351893,-23.124168820278,-6.45141304688671,1.24675849788738,0.603173413982438
50.8120430391435,-18.0054648926918,-25.9405685474376,-23.0233863980512,-6.31692813700548,1.47804653391619,0.652553232636803
51.4565896578306,-17.4879677842326,-25.7883232851849,-22.888623913023,-6.16254978263981,1.71465883805772,0.705501822783129
52.1051902726007,-16.9371092741083,-25.5935584872279,-22.7191565136064,-5.98714215373057,1.95693200691322,0.762280204578403
52.756906746708,-16.353518264181,-25.3563776415655,-22.5140202790992,-5.78927002670351,2.20546087690552,0.82304084179598
53.4109213214701,-15.7377295426666,-25.0766824389346,-22.2719051076874,-5.56713367794358,2.46110679396097,0.887824602758014
54.0666481363099,-15.0900424086159,-24.7540213041208,-21.9910488173328,-5.31851623741167,2.7249920612841,0.956564327513209
54.7238501630305,-14.4103728203615,-24.3874389733135,-21.6691452640008,-5.04075386860954,2.99847801233227,1.02909484026479
55.3827530915327,-13.6981112378471,-23.9753415362497,-21.3032795233538,-4.73073861618192,3.28312429112963,1.10516837627589
56.0441474929578,-12.9519985962311,-23.5153910091991,-20.8899020935601,-4.38496229943865,3.58062700438675,1.18447347326298
56.7094712465034,-12.1700320987329,-23.0044420717452,-20.4248522519835,-3.99960802496928,3.89273328237953,1.26665454980282
57.3808652843261,-11.3494113076563,-22.4385318696744,-19.9034390433443,-3.57069458917139,4.22112925980704,1.35132878489101
58.061196605412,-10.4865342795699,-21.8129329484588,-19.3205880503769,-3.09427912910898,4.5672974363769,1.43809660016343
58.7540423433031,-9.57705429865656,-21.1222806429091,-18.6710640658664,-2.5667254321252,4.93233782633258,1.52654202744715
59.4636265508623,-8.61601107605721,-20.3607905374977,-17.9497844903806,-1.98504926225938,5.31674558527343,1.616219458667
60.1946967384647,-7.59805663701969,-19.5225891969152,-17.1522452581552,-1.3473568466148,5.72013674814553,1.70662367480149
60.9523198495201,-6.51780509462294,-18.602191188457,-16.2750883376637,-0.653395798302165,6.14091492188161,1.79714070525501
61.7415682786523,-5.37034508296232,-17.5951643935151,-15.3168431543591,0.0947652686256539,6.57587800112252,1.88697831658966
62.5670584572957,-4.15195887492437,-16.4990271240004,-14.2788659460525,0.891928637854316,7.01977940160744,1.97507750191943
63.4323034761189,-2.86108366543503,-15.3144028207573,-13.1664688669902,1.7288713456404,7.46488831280756,2.06001140708359
64.3388580928409,-1.49951280275222,-14.0464032932043,-11.9901585161592,2.59147685724352,7.90064263768095,2.13988701259409
65.2852846047754,-0.0737485959597812,-12.7060993761833,-10.7667778186867,3.46012577243129,8.3135546684943,2.21227805549756
66.2660659072244,1.4037284649507,-11.3117611011459,-9.52017262685146,4.30971272014044,8.68759403216407,2.27423258973875
67.2707334584802,2.91369587704576,-9.88934448537908,-8.28084293217375,5.1107452672883,9.00528669552575,2.32240681883652
68.2836130119641,4.43049060339181,-8.47158568551837,-7.08402240796833,5.83189608966747,9.24965820020784,2.35336338589882
69.2846089312974,5.92386449737391,-7.09522492403405,-5.96593520354304,6.44399165430748,9.40685788421463,2.36402295292578
70.2512231134831,7.3624577116352,-5.79646091832157,-4.95867311063432,6.92474336346041,9.46888440089002,2.352177655851
71.1615273875475,8.71823877478942,-4.60559696669771,-4.08497313452149,7.26286949944711,9.43552262920645,2.31690456848425
71.99730121585,9.97063707195159,-3.54248331239985,-3.35459561719111,7.46013238289432,9.31469652101464,2.25871755485661
72.7463683207204,11.1090508113894,-2.61423908245682,-2.76354971783144,7.53050773104284,9.12101906548862,2.17939227398933
73.4034934357422,12.1330771116862,-1.81580693298258,-2.29625213583826,7.49687288946269,8.87306282145934,2.08153977220648
73.9698222277949,13.0507530653355,-1.13275331708419,-1.92958286062403,7.38649596593763,8.59030345380366,1.9680963532645
74.4513528020249,13.8757188413943,-0.545083065496,-1.63737752072553,7.22673790680368,8.29059281751067,1.84189217147654
74.857073475209,14.6242636520208,-0.030906576489965,-1.39421486678977,7.04187534767489,7.98858561529515,1.70538665398737
75.1972465837669,15.3128752477185,0.430711169948729,-1.17799393782015,6.85129095682128,7.69510809508461,1.56057724942038
75.4820641220415,15.9565081912048,0.857884628114816,-0.971322744219536,6.66882606035071,7.41721551671783,1.4090387470314
75.7207035983465,16.5675174652439,1.26488722487373,-0.76199351847859,6.5029308649133,7.15864142158217,1.25203699972036
75.9207193866304,17.155104571907,1.66174945147547,-0.542847811122155,6.3572842847087,6.92040770443664,1.0906683508797
76.0876933426132,17.7251357307016,2.05428554692769,-0.311255917650014,6.23166212347803,6.70145641154423,0.925989739675082
76.2250956358163,18.2802455996326,2.4444334225587,-0.0683440307196833,6.12292678643541,6.49923757701132,0.759116984064776
76.3343367831751,18.8201853337173,2.83084828696869,0.181952593299712,6.02606214476379,6.31023042589451,0.591278781653819
76.4150037435978,19.3423870051255,3.20970487573482,0.433941242683923,5.93518625994786,6.13039284543539,0.42382266212131
76.4652607761657,19.8426963638379,3.57564031773764,0.681236995984545,5.8444628181004,5.95553658076718,0.258177359346969
76.4823671790026,20.3161888851781,3.92273165824179,0.917725204112832,5.74882454281299,5.7816233437779,0.0957833651965378
76.4632354282283,20.7579548085075,4.24537766654143,1.13830298118734,5.64443709233776,5.60497706298956,-0.0619917503021303
76.4049414400553,21.1637381618216,4.5389647543676,1.3393158052882,5.52887347099862,5.4224125518,-0.213935729180929
76.305111764958,21.5303482335701,4.80024383512797,1.51866807098556,5.40102419368004,5.23128941162511,-0.359057332263692
76.1621464629151,21.8558178419501,5.02741187771038,1.67565451793158,5.26081662510263,5.02950822122109,-0.496626844426456
75.9752772227351,22.1393393595881,5.21995336102361,1.8106081309677,5.10884115883924,4.81547048253519,-0.626189341297694
75.7444936501988,22.3810478159638,5.37833307420251,1.92447584802503,4.94597744521798,4.58802314465625,-0.747553866563263
75.4703878323207,22.5817325002972,5.50363685356094,2.0184182401475,4.77308807905984,4.3464039082213,-0.860764618894357
75.1539677996841,22.7425479995438,5.59723790681175,2.09349600491823,4.59081326620368,4.09019725683283,-0.966061026698794
74.796479670742,22.8647727112974,5.66053632746714,2.1504696122551,4.39946991617051,3.81930543503081,-1.06383286287579
74.3992629637308,22.9496379961884,5.69479008493732,2.18970943749148,4.19903884932289,3.53393457431539,-1.15457510248217
73.9636493407226,22.9982311904736,5.70103413585023,2.21119648985058,3.98921525066685,3.23459401684454,-1.23884565348656
73.4909045529905,23.0114632227944,5.68007217625084,2.2145875761589,3.76949750079092,2.92210611214953,-1.31722772622882
72.9822074141773,22.9900861173673,5.63252147703503,2.19932009312465,3.53929433298472,2.5976237206617,-1.39029757702818
72.4386572414327,22.9347451401614,5.55889239790821,2.16473690054229,3.29803664262765,2.26265278661509,-1.45859766357925
71.8613012020976,22.8460525513241,5.45968784597718,2.11021799559049,3.04528610425677,1.91907730327402,-1.52261483653463
71.2511742527885,22.724673096107,5.33551213337523,2.03531120732477,2.78083701721874,1.56918362821753,-1.58276300777129
70.6093458625124,22.5714142926223,5.18718218140734,1.939858019571,2.50481023873995,1.21568037942847,-1.63936973165573
69.9369690640342,22.3873166710906,5.01583625400641,1.82411268664739,2.21773882840623,0.861709109836606,-1.69266627764097
69.2353282192291,22.1737401073853,4.82303621093785,1.68885311893276,1.92064442023302,0.510839740288687,-1.74278102887119
68.505882170522,21.9324422761945,4.61085873796725,1.5354808230062,1.61510170136907,0.167043552909005,-1.78973637911441
67.7502992314735,21.6656441857396,4.38196939579669,1.36610481576422,1.30328607969415,-0.165364232024096,-1.8334496708203
66.9704799472819,21.3760760830278,4.13967107776595,1.18360136445554,0.98799712545499,-0.481820131004798,-1.87373904735448
66.1685629642447,21.0669952449712,3.88791625637422,0.99163833441909,0.672648301581044,-0.777652445751455,-1.91033527562483
65.3469092201223,20.7421660920122,3.63127119368378,0.794650859634759,0.361212693830273,-1.04826787319869,-1.94290050435363
64.5080603194667,20.4057935585088,3.37482123657091,0.597755249048758,0.0581158820927108,-1.28938033796047,-1.97105442636088
63.6546689989178,20.0624037007292,3.12401052270731,0.406591779097087,-0.231928395415502,-1.49726887544301,-1.99440734602168
62.7894031205431,19.716671615058,2.88441743504725,0.227095062789337,-0.504136276604418,-1.66904157263845,-2.01259827545017
61.9148293193704,19.3732055166681,2.66147838175823,0.0652026216778614,-0.753911605833467,-1.80287420847463,-2.0253346457116
61.0332875134396,19.0363057815319,2.46018484652537,-0.0734739613309427,-0.977118886814554,-1.89818845698322,-2.03242896427181
60.1467713016651,18.7097261419859,2.28478870419772,-0.183979011086784,-1.17033874377926,-1.95573803250926,-2.03382727855225
59.256830544419,18.3964681058484,2.1385548012268,-0.262301652275901,-1.3310713814301,-1.97758285596422,-2.02962499591188
58.3645100545639,18.0986368880282,2.02359531016811,-0.305584543815248,-1.45785945450199,-1.96694926693511,-2.02006747408726
57.4703326704789,17.8173777041637,1.94080763280674,-0.312225720541019,-1.55031470284355,-1.92799396741285,-2.00553541296973
56.5743273891188,17.5528974855425,1.88991984264105,-0.281865320754305,-1.60904931610459,-1.86550522370858,-1.98651771017287
55.6760958461283,17.30456279436,1.86962979339498,-0.215268450761015,-1.63552861582357,-1.7845826034827,-1.96357634465921
54.7749051368662,17.0710537163276,1.87781075714197,-0.114130678907989,-1.63187226254673,-1.69033484952801,-1.93730857770203
53.8697927937221,16.8505480366669,1.91175041203548,0.0191595062011034,-1.60063490859662,-1.58762619745647,-1.90831130711191
52.9596704525563,16.6409101903986,1.96839111355148,0.181766822346996,-1.54459456949878,-1.48088827512184,-1.87715114245253
52.0434156137265,16.4398638704468,2.04454556202079,0.370635094474907,-1.46657022428371,-1.37400162600444,-1.84434221312669
51.1199444409031,16.2451334946609,2.1370703566864,0.582672571587559,-1.36928196447814,-1.27024065818384,-1.81033232161998
50.1882619699859,16.054546103181,2.2429880715905,0.814884929916178,-1.25525952788218,-1.17226959956171,-1.77549708088322
49.2474887646477,15.866090497427,2.35955501892059,1.06445145697977,-1.12679935249625,-1.08217462619924,-1.74014117749716
48.2968648890196,15.677934286044,2.48427653793752,1.32874534812375,-0.985966432593337,-1.00151776570937,-1.70450577969163
47.3357334314892,15.488402432121,2.61487507283113,1.60530323739967,-0.83463462846734,-0.931400341964174,-1.66878117921341
46.363507165626,15.295923689197,2.74921949476573,1.89175302113435,-0.674556777668908,-0.872526705712843,-1.63312381017799
45.3796236210434,15.0989546758763,2.88522798731347,2.18571360156722,-0.507453241115712,-0.825262206925623,-1.59767663932404
44.3834960679849,14.8958955033588,3.02076160928332,2.48468557202134,-0.335104232103725,-0.789682513725934,-1.56259146024755
43.3744702080575,14.6850150612547,3.15353046538671,2.78595704595108,-0.159428167657601,-0.765614300590833,-1.52805086366621
42.3517976274966,14.4644063862824,3.28103698956449,3.08655135844953,0.0174729176214814,-0.752669804945641,-1.49428680084833
41.3146359455406,14.231990441152,3.40057812505699,3.38324003492189,0.19331692243841,-0.750279431417941,-1.4615921122195
40.2620809226516,13.9855781608314,3.50931789130294,3.67263293314029,0.365701652177264,-0.757727014305469,-1.43032164511039
39.193227946989,13.722986305755,3.60442460563649,3.95133866743607,0.532215195751921,-0.774191225176334,-1.40088097018486
38.1072514094229,13.4421864253686,3.68324764129429,4.21616749114807,0.690576039262263,-0.798794085934167,-1.37370311314917
37.0034841622765,13.1414544741107,3.74349465899413,4.46433383848035,0.838772092077511,-0.830654391731379,-1.34921648530869
35.8814783582939,12.8194867658891,3.78336827248463,4.69361359260308,0.975166843353114,-0.868941223411598,-1.32780932294144
34.7410343417074,12.4754573159781,3.80163253185349,4.90242335923408,1.09854997089686,-0.912921642256226,-1.30979662885825
33.5821933958723,12.1090081473542,3.79759959827729,5.08981050108471,1.20812519612595,-0.961997413145482,-1.29539466635998
32.4051994589991,11.7201811199588,3.77104739137444,5.25536483760873,1.3034439217059,-1.01572769898818,-1.2847060175776
31.2104410816799,11.3093114342427,3.72209284380625,5.39907830693454,1.38430400816284,-1.07383716184095,-1.27771594169102
29.9983868035721,10.8769068735668,3.65104992285896,5.52118444232428,1.45063680605127,-1.1362109517382,-1.2742989723456
28.7695253807121,10.423534151254,3.55829810090704,5.62200644926855,1.50240314513004,-1.20287925880798,-1.27423366481612
27.5243185834457,9.94972726559395,3.4441789067302,5.70183446918256,1.53951285782006,-1.27399449782225,-1.2772230441653
26.2631701438256,9.45592532531435,3.30892896952339,5.76084282026433,1.56177510704288,-1.34980407235392,-1.28291833935946
24.9864109048687,8.94244075895594,3.15264987408729,5.79904907500304,1.56888009249562,-1.43062132271572,-1.29094377513865
23.6942976889524,8.40945400068037,2.97530926269061,5.81631000217638,1.56040758952481,-1.51679686781271,-1.30092041983948
22.3870220439476,7.85702788381488,2.77676422371249,5.81234510775709,1.53585461335072,-1.60869215541115,-1.31248736436946
21.0647245923558,7.28513387105113,2.55679689419582,5.78677667394501,1.49467329882689,-1.70665660442133,-1.32531887792983
19.7275110732456,6.69368261748129,2.31515295532545,5.73917550934352,1.43631060036809,-1.81100922992666,-1.33913667575525
18.375466999799,6.08255276044412,2.05157573864556,5.66910353772263,1.36024319615426,-1.92202508926794,-1.35371700059988
17.0086690056269,5.45161383297582,1.76583136360851,5.57614723048106,1.26600345651897,-2.03992633540194,-1.36889278277343
15.6271920545242,4.80074130570589,1.45772307126806,5.45993899828726,1.15319490847537,-2.16487717477808,-1.38455159702881
14.2311126433167,4.12982363148757,1.12709524243844,5.32016643432965,1.02149782440297,-2.29698166896832,-1.40063041275305
12.8205088176354,3.4387625599511,0.77382922264898,5.15657137013009,0.870667104764011,-2.43628312205656,-1.4171082151261
11.395458183664,2.72746882092426,0.397833966390061,4.96894192654762,0.700525449210897,-2.58276374454903,-1.43399748164758
9.95603525190214,1.99585562883284,-0.000965217784513861,4.75710123063429,0.510955032797058,-2.73634335297695,-1.45133529356024
8.50230939319356,1.24383245223761,-0.422636693122265,4.52089640465016,0.301890716754035,-2.89687599168998,-1.46917460068951
7.03434458991901,0.47130130690232,-0.867248516914557,4.26019109572795,0.0733174420959047,-3.06414352142943,-1.48757590315729
5.5522020241302,-0.321842410452502,-1.33486806408228,3.97486438387011,-0.174725958187746,-3.23784536479705,-1.50659938996226
4.05594646172579,-1.13570271733544,-1.82555314660841,3.66481855277309,-0.442134629522908,-3.41758373660231,-1.5262974060847
2.54565735345952,-1.97036773218094,-2.33933267651959,3.32999798574153,-0.728715578217437,-3.60284382278649,-1.54670700537651
1.02144558536747,-2.82588451065744,-2.87617494797726,2.97042136054975,-1.03415403784754,-3.79296854025588,-1.56784228401734
-0.51652315383164,-3.70222223345015,-3.43594158415426,2.58622930099278,-1.35796692395782,-3.98712776880208,-1.58968617715255
-2.06799742243556,-4.59922192955365,-4.01832522602717,2.17774956930504,-1.69944222973155,-4.18428236865316,-1.61218144035217
-3.63260064458791,-5.51653108009102,-4.62276931248214,1.74558156023378,-2.05756375643848,-4.38314397915805,-1.63522063785105
-5.20978280160346,-6.45352199294798,-5.24836906724461,1.29070101440894,-2.4309216403705,-4.58213264710346,-1.65863514059282
-6.79876343971795,-7.40919404189068,-5.89375439648263,0.814584152851193,-2.81761101521051,-4.77933586177391,-1.68218342454534
-8.39846754571808,-8.38206204890513,-6.55695818981528,0.319347436810959,-3.21512412713753,-4.97247463113063,-1.70553937822999
-10.0074578944317,-9.37003658539591,-7.23527786822722,-0.192105498381984,-3.62024551125641,-5.15888475376509,-1.7282818908507
-11.6238703354826,-10.3703069387537,-7.92514407465733,-0.715944659689222,-4.02896537876069,-5.3355240982377,-1.74988766616483
-13.245362025917,-11.3792437397223,-8.62201781637158,-1.2473050867707,-4.43643255544285,-5.49901880517356,-1.7697298923969
-14.8690862061967,-12.3923447822241,-9.32034484592664,-1.78023960350089,-4.8369736578438,-5.64576167254849,-1.78708587317736
-16.4917096434623,-13.4042524418337,-10.0136011261466,-2.30776903945429,-5.22420716057333,-5.77207301779776,-1.80115666485879
-18.1094884651605,-14.4088711507757,-10.6944620660127,-2.82206471823425,-5.59127620255406,-5.87442645090001,-1.81110076401496
-19.718412995708,-15.3996052756408,-11.3551169075562,-3.31478580097526,-5.93120937849038,-5.94972871861866,-1.81608167826306
-21.3144211195039,-16.3697191592056,-11.9877258630267,-3.77756861310109,-6.23739358932457,-5.99562561575784,-1.81532586390011
-22.8936637768806,-17.3127935498639,-12.5849837308484,-4.20262889136308,-6.5041112277697,-6.01078949501255,-1.80818375135744
-24.4527892667518,-18.2232226228982,-13.1407182193931,-4.58340012160745,-6.72706488484628,-5.99513491296339,-1.79418371330765
-25.9892014182291,-19.0966741821257,-13.6504274069303,-4.91510598704534,-6.903798802792,-5.94991380727238,-1.77306835946848
-27.5012462242468,-19.9304329530943,-14.1116609638628,-5.19516551619813,-7.03393695023783,-5.87766223328914,-1.74480530135516
-28.9882943359781,-20.7235674369992,-14.5241780445967,-5.42336002471924,-7.119193109194,-5.78200209605741,-1.70957001940968
-30.4507091964803,-21.4768988286733,-14.8898629255337,-5.60174251981639,-7.16315766339107,-5.66733283908645,-1.66770484155731
-31.8897145322655,-22.1927923964394,-15.2124303131664,-5.73432444617676,-7.17091132178796,-5.53846854807329,-1.61966300566791
-33.3071922632064,-22.8748230327119,-15.4969884025603,-5.82661296826209,-7.14854278072502,-5.40027944336937,-1.56594876610391
-34.7054480873933,-23.5273790535838,-15.7495399986123,-5.8850846868445,-7.1026497661377,-5.25738482518461,-1.5070633680572
-36.0869777730021,-24.1552623468303,-15.9764920573412,-5.9166707159737,-7.03988575824606,-5.11392423478146,-1.44346353329071
-37.4542567297781,-24.7633255457706,-16.1842209627879,-5.92830317538913,-6.96658835753316,-4.97341298118592,-1.37553538332968
-38.809563728879,-25.356166603873,-16.378715314659,-5.92654566757316,-6.88849982278473,-4.83867284267734,-1.30358365327421
-40.1548402792198,-25.9378843839735,-16.5652975766674,-5.91730829914098,-6.8105720225828,-4.71182061242602,-1.22783414116935
-41.4915818734396,-26.5118887661422,-16.7484139946067,-5.90563478463989,-6.73683874671538,-4.59429535674276,-1.14844654207637
-42.8207558919655,-27.0807553997215,-16.931478561929,-5.89554498154042,-6.6703368313038,-4.48690762965137,-1.06553476371421
-44.1427426259751,-27.6461172674874,-17.1167596357466,-5.88991885575052,-6.6130614734955,-4.38989829395624,-0.97919210189262
-45.4572992929068,-28.2085906244716,-17.3053045566339,-5.89041479168934,-6.56594792931745,-4.30299942621883,-0.889518945096303
-46.7635507731914,-28.7677395329132,-17.4969058297684,-5.89742385588452,-6.52887936650443,-4.22549408045828,-0.796650807250322
-48.0600138922293,-29.3220891164348,-17.6901197420026,-5.91006977245214,-6.50072719730272,-4.15627497559925,-0.700784431340903
-49.3446630380131,-29.8692006728846,-17.8823523603973,-5.92626967656237,-6.47943412549207,-4.09390421048301,-0.602199555721179
-50.6150428619439,-30.405820180662,-18.0700266609643,-5.94287106669014,-6.46215004731984,-4.03667680420779,-0.501273870878546
-51.8684281014443,-30.9281042892073,-18.2488366916551,-5.95587423898554,-6.44542597035728,-3.98269019266242,-0.398488921428055
-53.102021818185,-31.4319150100519,-18.414080493694,-5.96073676433625,-6.42546149288163,-3.92991997766242,-0.29442539045362
-54.313173251928,-31.9131583278733,-18.5610455017057,-5.95273931126564,-6.39838888406083,-3.8762996674474,-0.189747373458324
-55.4995880389004,-32.3681272249434,-18.6854031654583,-5.92737471784468,-6.36056478454808,-3.81979960475847,-0.0851767579212046
-56.6595000055438,-32.7938014001661,-18.7835595055043,-5.88071040511132,-6.30883314064236,-3.75849861326536,0.0185396520624848
-57.791777223623,-33.1880582738267,-18.8529099467952,-5.80967299438172,-6.24072354947079,-3.69064178516041,0.120666488570727
-58.8959457109028,-33.5497637140726,-18.8919614044247,-5.71221530956765,-6.15455873965637,-3.6146794992888,0.220515441548598
-59.9721292869963,-33.8787329876288,-18.9003088318947,-5.58734737484897,-6.04946123844368,-3.52928575514801,0.317476326163904
-61.0209194918409,-34.1755765435705,-18.8784804467494,-5.43503846862543,-5.92526772314656,-3.43335732659886,0.411040824545712
-62.0432007849667,-34.4414645123292,-18.8276879048782,-5.25601941915055,-5.78237482581485,-3.32599805451254,0.500817516215103
-63.0399607854406,-34.6778535021959,-18.749529332894,-5.05152748764415,-5.62154845410777,-3.20649409748753,0.586538157172971
-64.012113017501,-34.8862183806162,-18.6456929339068,-4.82303836009027,-5.44372895255023,-3.07428598353988,0.668056196842365
-64.9603522301002,-35.0678224287267,-18.5176991649549,-4.5720225910014,-5.24985819054543,-2.92894217692667,0.745339117379489
-65.885052871603,-35.2235457507879,-18.3667047924505,-4.29975124358013,-5.04074497703043,-2.77013719539921,0.818456370694391
-66.7862123317163,-35.3537782116991,-18.1933770719503,-4.00716175686172,-4.81697519701848,-2.59763566094457,0.887564586262076
-67.6634337864415,-35.4583723484188,-17.9978341698969,-3.69478351285217,-4.5788649896159,-2.41128242368192,0.952891455381882
-68.5159396747431,-35.5366450130669,-17.7796402981427,-3.36271484219824,-4.32645017565101,-2.21099821026162,1.01471937073615
-69.3426056476455,-35.5874138005207,-17.5378407992248,-3.01063947965048,-4.05950296141332,-1.99678005631263,1.07336957826564
-70.1420055407792,-35.6090546798196,-17.2710226369997,-2.63787002017639,-3.77756704285996,-1.7687059341892,1.12918731263515
-70.9124598612219,-35.5995695961873,-16.9773881743048,-2.24340763101263,-3.48000376271864,-1.52694331523517,1.18252814986445
-71.6520825919429,-35.5566560018666,-16.65483354624,-1.8260100689417,-3.16604414043262,-1.27176176280862,1.23374561778917
-72.3588234491529,-35.4777736121776,-16.3010265419815,-1.38426312970846,-2.83484384288585,-1.00354994843769,1.28317995388348
-73.0305047265449,-35.360206674529,-15.9134821567021,-0.91665350460442,-2.48554015005322,-0.722837663027716,1.33114778436973
-73.6648535580252,-35.2011225538599,-15.4896366692612,-0.421643388568836,-2.11731154574473,-0.430323431725569,1.37793241717441
-74.2595317183561,-34.997629393436,-15.0269231667286,0.102251011295868,-1.72944168217186,-0.126908209230973,1.42377439119696
-74.8121660719172,-34.7468370893777,-14.5228529292369,0.656373673952901,-1.32139013680615,0.186264698048682,1.46886190863431
-75.320383621981,-34.4459269263534,-13.9751080722682,1.24183158500485,-0.892872599652739,0.507763916941016,1.51332080447539
-75.781855671762,-34.0922358988827,-13.3816512728153,1.85938199923009,-0.443952843675458,0.835819838530293,1.5572037878809
-76.1943560642843,-33.6833620090363,-12.7408582053252,2.50930059992347,0.0248520759677309,1.16827265332274,1.6004788483713
-76.5558385033424,-33.2172963797829,-12.0516771797668,3.19122863041185,0.51245368272313,1.50252306741263,1.64301697874924
-76.8645374077141,-32.6925865119327,-11.313818003727,3.90400004330815,1.01706410519997,1.83549252843487,1.68457975670564
-77.1190952873528,-32.1085319198991,-10.5279677428731,4.64545445557826,1.53606552266815,2.16360258276366,1.72480786913242
-77.3187165527062,-31.4654079880136,-9.69602425047746,5.41224852309194,2.06588985060821,2.4827858757591,1.76321234296355
-77.463342696521,-30.7647057858848,-8.82132884566742,6.19968719396916,2.60192816862224,2.78854357566073,1.79917099722559
-77.5538365418138,-30.0093647290085,-7.90886779266994,7.00160627523196,3.13849616149835,3.07606444141713,1.83193328095539
-77.5921541437027,-29.20396250314,-6.96540009268026,7.81034666130382,3.6688866509701,3.34041772900903,1.86063691871573
-77.5814735349399,-28.3548154356554,-5.99946021349316,8.61686467285355,4.18554003887701,3.57682395823394,1.88433925769276
-77.5262428624976,-27.4699372521913,-5.02118414976519,9.41101736451077,4.68035461028616,3.78099336450814,1.902064519866
-77.4321106181067,-26.558810656981,-4.04192138432548,10.1820419994818,5.14513867990621,3.94950277166768,1.91286516643822
-77.3057117425073,-25.6319489712208,-3.07362713862141,10.9192141880813,5.57217640450358,4.0801618378498,1.91589166100255
-77.1543064033175,-24.7002637153631,-2.12807572739098,11.612624813337,5.9548448918352,4.17230620421258,1.91046111694493
-76.9852998139069,-23.7743007129035,-1.21598555011652,12.2539744905941,6.28819322494498,4.22695572505122,1.89611316840495
-76.8057023606407,-22.8634471608007,-0.346181825378819,12.8372622606048,6.56938655787516,4.24679494475169,1.87264226906127
-76.6216080739009,-21.9752290794128,0.475071510777271,13.3592548492002,6.79793761417289,4.23596745679282,1.8400998520905
-76.4377680385333,-21.11480372995,1.24446997609322,13.8196647542206,6.97569027931203,4.19971539506123,1.79876626670535
-76.2573133212059,-20.28470891183,1.96175333711324,14.2210262876397,7.10657165581632,4.14392648036365,1.74909892793897
-76.0816478738775,-19.4848761514396,2.62949716071628,14.56831728906,7.19617217316161,4.07466365247551,1.69166746079642
-75.9104980617235,-18.7128668033614,3.2526798991352,14.8684119369988,7.25123512451383,3.99774439215494,1.62708764320177
-75.7420824824842,-17.9642625730293,3.83811578693538,15.1294591398892,7.27913446442466,3.91841441733463,1.55596397280645
-75.5733577568658,-17.2331381306441,4.39383839672325,15.3602655280229,7.28739922679617,3.84113330686645,1.47884702063929
-75.4003011044646,-16.5125576712327,4.92849661536029,15.5697333890839,7.28331514298633,3.76946635309018,1.39620789360971
-75.2182032091699,-15.7950597928996,5.45079611491837,15.7663739526128,7.27360851444939,3.70606212152877,1.3084291466078
-75.0219591237271,-15.0731169032604,5.96899487263556,15.9578936031429,7.26419979394188,3.65268925993353,1.21580973960808
-74.8063563921899,-14.3395706390466,6.49044640205732,16.1508386151772,7.26000634501448,3.61030699838421,1.11858098836368
-74.566365673385,-13.588050917623,7.0211806019383,16.350282917541,7.26477452825791,3.57914872148026,1.01693052022858
-74.2974391103907,-12.813383154616,7.56551839267847,16.5595512197469,7.28092850872911,3.55880459578844,0.911031602927918
-73.9958160741769,-12.0119774278955,8.12573000616876,16.7799837029667,7.30943467128687,3.54829595703684,0.801075539203959
-73.658825553986,-11.1821774959355,8.70176431796503,17.010764892923,7.34969386920334,3.54614015251435,0.687304908720417
-73.2851617449233,-10.3245303498269,9.29109346931127,17.2488543509188,7.39948635412297,3.55040938756737,0.570045226859236
-72.8750968738754,-9.44192321941275,9.88872763199635,17.4890655851349,7.4550029847639,3.55879048982224,0.449732134714555
-72.4305871693622,-8.53953063792212,10.4874529188814,17.7243368906367,7.51099756960357,3.56865396171342,0.326930731969579
-71.9552286191354,-7.62452526845948,11.0783256028323,17.9462191364475,7.5610854753511,3.57713973263347,0.202343422245114
-71.4540327617055,-6.70553653828615,11.6514157794959,18.145569383937,7.59819115371354,3.58126333006731,0.0768030229357426
-70.9330205647133,-5.79188919212803,12.1967378924603,18.3133901971083,7.61511408737653,3.57804008215355,-0.0487508082432088
-70.398670625926,-4.89271004535765,12.7052474852652,18.4417048637017,7.60514636681132,3.56461777613282,-0.173311510567155
-69.8572965856765,-4.01603808222912,13.1697435861892,18.5243266242759,7.56264797202941,3.53840224513832,-0.295858704421735
-69.3144540904902,-3.16809081670345,13.5855143856929,18.5573826147544,7.48348066501972,3.49715820218896,-0.415418399737849
-68.7744780205447,-2.35281592617384,13.9506092206877,18.5394971900518,7.36522483341628,3.43907080369348,-0.531122483583436
-68.2402227121501,-1.57179482428681,14.2657021584076,18.4716141765797,7.2071508697371,3.36276130860246,-0.642259480755251
-67.7130300542062,-0.824484165848996,14.5336044140478,18.3565183750122,7.00997204468373,3.26726009137529,-0.748310211216957
-67.1928994160057,-0.108710347545593,14.7585526023616,18.198175290354,6.77544996234479,3.15194862398928,-0.848964887711592
-66.6787962356547,0.578706843810244,14.9454265992502,18.0010273662129,6.5059430739306,3.01648627980867,-0.944121507208849
-66.1690219021626,1.24132540811281,15.099033333366,17.7693654245237,6.20398145707212,2.86073740337574,-1.0338681931201
-65.6615752904598,1.88254133387118,15.2235465315219,17.5068504032785,5.87192555269399,2.684710385141,-1.11845387420051
-65.1544574591857,2.50518928951074,15.3221386896442,17.2162121645329,5.51173536550594,2.48851559655016,-1.19825221101248
-64.6458957029371,3.11129540396488,15.3967975127102,16.8991139899182,5.12485026084289,2.2723447673256,-1.2737232256646
-64.1344836444361,3.70196598872867,15.4482926954172,16.5561496785757,4.71216307687842,2.03647159336263,-1.34537603814699
-63.6192472208411,4.27738249167062,15.4762499167831,16.1869339730966,4.27406599903334,1.78127209753127,-1.41373484990151
-63.0996522007938,4.83687091063079,15.4792923162486,15.7902514813813,3.81054676958823,1.50726307912717,-1.47930912474929
-62.5755692882418,5.37901892279783,15.4552196256541,15.3642389458037,3.32131889222513,1.2151573194961,-1.54256796212927
-62.0472102000452,5.90182206468298,15.4012068429547,14.906586463811,2.80597569276545,0.905934568351201,-1.60391799650562
-61.5150442383487,6.40284864240614,15.314014995478,14.4147526368499,2.26416359127191,0.580927345689889,-1.66368378673604
-60.9797011228075,6.87942014368831,15.1902148636186,13.8861955464467,1.69577376908304,0.241919964863264,-1.7220895566161
-60.441862893919,7.3288090928053,15.0264301199319,13.318625583281,1.10115310534931,-0.10874236639964,-1.77924129599079
-59.9021458854057,7.74845924185055,14.8196090595691,12.7102873191927,0.481334483515877,-0.468040273651207,-1.83510863878053
-59.3609734001023,8.13623343097927,14.5673336822616,12.0602754659509,-0.161717064843541,-0.83217293337914,-1.88950663901022
-58.8184409786748,8.49069182835706,14.2681706101352,11.3688837741035,-0.824852887829716,-1.19647280704116,-1.94207861521622
-58.2741792936622,8.81139678428608,13.9220591062036,10.6379745681752,-1.50350506084778,-1.55536556312052,-1.99228264350083
-57.7272248089479,9.09922943829965,13.530716236872,9.87133990012559,-2.19150158269525,-1.90240555790297,-2.03938594991342
-57.175914957906,9.35668747832515,13.0980179465842,9.07500386844902,-2.88098247259688,-2.23042186186186,-2.08247305200998
-56.6178314426853,9.5881149880487,12.6302900693172,8.2573933527791,-3.5624781874196,-2.53180756847898,-2.12047436483475
-56.0498194046163,9.79979922816669,12.1364219369712,7.42928943170967,-4.22521158837318,-2.79897072966361,-2.15222111852625
-55.4681078625692,9.99986427886991,11.6277090660121,6.60347641098091,-4.85766353111313,-3.02493479347035,-2.17652880663645
-54.8685439897782,10.1979080778557,11.1173542216705,5.79404204724645,-5.44839383844846,-3.20403133128092,-2.19230459499618
-54.2469296203582,10.4043738952264,10.6196163391175,5.01535525740192,-5.98703824438653,-3.33257904152471,-2.19866529636981
-53.5994177739815,10.6297144266336,10.1486869707672,4.28084253601759,-6.4653281219758,-3.40941089874036,-2.19504473724839
-52.9229011664202,10.8834754803485,9.71746573125299,3.60176751160399,-6.87793617607753,-3.4361179281701,-2.18126677157378
-52.2153168593556,11.1734661782344,9.33645867557144,2.98624823221479,-7.22296716296298,-3.41693289218201,-2.157565732714
-51.475808395781,11.5051703389654,9.01300568121341,2.43869994235355,-7.50199316673136,-3.35826591485572,-2.12454892911925
-50.7047239731813,11.8814897956831,8.75095599182625,1.9597802817103,-7.71964973363851,-3.26799220134807,-2.08311097241137
-49.9034710581859,12.3028214053063,8.55079128002728,1.54678486026956,-7.88291434204002,-3.15464367985791,-2.03432092242791
-49.0742777467049,12.7673923048707,8.41009248851408,1.19434568557266,-8.00024287647415,-3.02665535353417,-1.97930643596398
-48.2199204711052,13.2717383319923,8.32419459814302,0.895251399517694,-8.08073267913633,-2.89177339341994,-1.91915462040035
-47.3434684848781,13.8112123341948,8.28687706477949,0.641232347251123,-8.13343034303993,-2.75667119415177,-1.85484066997214
-46.4480764929504,14.3804388476155,8.29097847180089,0.423609592558311,-8.16683812213516,-2.62676629767332,-1.78718671242528
-45.5368369573253,14.9736707302051,8.32887683204943,0.233767313353734,-8.18861843020095,-2.50619820169432,-1.71684723410953
-44.6126885134804,15.5850378057326,8.39282322591238,0.0634548719456367,-8.20546199553237,-2.39791534067974,-1.64431461262642
-43.6783681389403,16.2087012464691,8.47514794783584,-0.0950472375606308,-8.22307126804094,-2.30382274255125,-1.56993797368702
-42.7363912890541,16.8389401861716,8.56837504113134,-0.24885189398626,-8.24621064883127,-2.22495245237922,-1.49394968247181
-41.7890442952999,17.470201535964,8.66528668274193,-0.404434264338493,-8.27878246423937,-2.16163101955103,-1.41649532057263
-40.8383754183641,18.0971430747495,8.75897730012965,-0.56760503523289,-8.3238976451295,-2.11362900975124,-1.33766440388301
-39.8861741577478,18.7146955595252,8.84293125316881,-0.743457161766329,-8.38392035191549,-2.08028552090897,-1.25752011470196
-38.9339323494114,19.3181627455362,8.91114867327695,-0.936266647076174,-8.46047550373463,-2.06060613262176,-1.17612692101245
-37.9827852218509,19.9033691761412,8.9583321148354,-1.14934072276441,-8.55441735094062,-2.05333617185487,-1.09357522078757
-37.0334357023215,20.4668546824634,8.98013247642056,-1.38482075112322,-8.66576595314374,-2.0570132562286,-1.01000219672866
-36.0860705424265,21.0061025553936,8.97343725417619,-1.64346120676757,-8.79362645677275,-2.07000427600806,-0.925608022068219
-35.1402815760405,21.519776793163,8.9366694712643,-1.92441848242188,-8.93611269051894,-2.09053260050465,-0.840666528678283
-34.1950086758439,22.0079346177202,8.87005404476814,-2.2250917849393,-9.09030074689858,-2.1167014700109,-0.755529517843253
-33.2485219052692,22.4721756459073,8.77580244041851,-2.5410608828706,-9.25223881772481,-2.14651926354005,-0.670624119779193
-32.2984582595972,22.9156902397577,8.65816815294274,-2.86616039811784,-9.41703578950539,-2.17793153578018,-0.586443011659661
-31.341923082295,23.3431774416622,8.52333575617215,-3.19271721319219,-9.57904274560713,-2.2088633036267,-0.503527873334731
-30.3756579522457,23.7606172413223,8.37912463138049,-3.51195715517953,-9.73212899747406,-2.23727298501506,-0.422447142451013
-29.3962665398546,24.1749014809864,8.2345133550284,-3.81456157204951,-9.87003888010677,-2.2612167429542,-0.343769841829014
-28.4004790399493,24.5933499403051,8.0990189506093,-4.09132736624491,-9.98679948157587,-2.27891905515429,-0.268037871758417
-27.3854264979224,25.0231594156404,7.98199213555646,-4.33386057819151,-10.0771358846089,-2.28884266309552,-0.195739550279373
-26.3488910159532,25.4708492438925,7.89190944258308,-4.53521960378488,-10.1368429854288,-2.28974937071558,-0.127287206790384
-25.2894985524208,25.9417721422338,7.83574985166461,-4.69042475284673,-10.1630646295223,-2.28074314716147,-0.0630011971889935
-24.2068286295214,26.4397515615846,7.81853367399084,-4.79676834931595,-10.1544428444789,-2.26128897315438,-0.00310182098565971
-23.1014285701916,26.9668864511612,7.84307550026602,-4.85389142997102,-10.1111205039858,-2.23120457705659,0.0522905727208808
-21.9747358160927,27.5235358676901,7.90996673093669,-4.86363199012948,-10.0346050203017,-2.19062672945674,0.103148240213445
-20.828926350743,28.1084664366563,8.01776571846495,-4.82968574204023,-9.92752237868982,-2.13995786436045,0.149523390954084
-19.6667167211582,28.7191226017994,8.16334420722979,-4.75714469146232,-9.79330465385585,-2.07980138470764,0.191532665477546
-18.4911499450982,29.3519676816042,8.34232362305756,-4.65198702221901,-9.63585763567794,-2.01089457727215,0.229341144462682
-17.305392177178,30.002843742905,8.54953484490004,-4.52058470250875,-9.45924926909574,-1.93404678136483,0.263147812149758
-16.1125595630403,30.6673075883215,8.77944698111077,-4.36927787465789,-9.26744770220812,-1.85008801505769,0.293173681099183
-14.915585856005,31.3409142362402,9.02652868925406,-4.2040438786986,-9.06412395439123,-1.75983049462975,0.319653047417076
-13.7171333562018,32.0194338897454,9.28552423479289,-4.03026916790523,-8.85252195665542,-1.66404307265173,0.342827746252297
-12.5195438036629,32.699000518968,9.5516419730785,-3.85261763497276,-8.63538984437674,-1.56343693726526,0.362943891232012
-11.3248223719057,33.3761985345567,9.82066358703062,-3.67497994464558,-8.41496133458122,-1.4586600351102,0.380250409033986
-10.1346465403692,34.0480985731543,10.0889882129267,-3.50048470992484,-8.19297423178905,-1.35029747287597,0.394998675674017
-8.95039178167468,34.7122549234216,10.3536275073989,-3.3315523538998,-7.97071360751466,-1.2388754051874,0.407442663094164
-7.77316705235666,35.3666765787515,10.6121670166138,-3.16997476740584,-7.74906899956541,-1.12486641536241,0.41783915643482
-6.60385451944093,36.0097822281388,10.8627070670452,-3.01700717476167,-7.52859729965001,-1.00869497226568,0.426447761649203
-5.44314944223668,36.6403473518429,11.103793672748,-2.87346210842436,-7.30958532006052,-0.890742089143473,0.433530563303259
-4.29159747399884,37.2574494685405,11.3343472263125,-2.73979858140252,-7.09210807952995,-0.771348760571828,0.439351401353989
-3.1496277483633,37.8604156575383,11.5535942985699,-2.61620219854042,-6.87608049206512,-0.650818086745678,0.444174809479752
-2.01758096537384,38.4487749324683,11.7610058711997,-2.50265401124374,-6.66130138351773,-0.529416214493,0.448264699822273
-0.895732298801498,39.0222168318162,11.9562437733017,-2.39898742408015,-6.44748962788262,-0.407372345168023,0.451882894980267
0.215690648773633,39.5805567112132,12.1391159597386,-2.30493348618556,-6.23431275808321,-0.284878103063059,0.455287604935887
1.31649437476429,40.1237076442295,12.3095405008623,-2.22015553799269,-6.02140873501898,-0.162086546432005,0.458731931256249
2.40650990468843,40.6516584579474,12.4675176662315,-2.14427452032842,-5.80840170755218,-0.0391110562973986,0.462462458649865
3.48558650753513,41.1644572411779,12.6131092272494,-2.07688637078786,-5.59491262584835,0.0839757263345216,0.466717969947633
4.55358812020534,41.6621995991763,12.7464240098916,-2.01757289681428,-5.3805655195721,0.207142813724686,0.471728297968532
5.61039197286581,42.1450209427383,12.8676087465022,-1.9659073802154,-5.16499015314789,0.330401598994617,0.477713308687564
6.65588899442195,42.6130921701372,12.9768433670011,-1.92145597738423,-4.94782164924144,0.45380641635795,0.484881996063615
7.6899856677907,43.0666181991581,13.0743400009196,-1.88377576581178,-4.7286975465786,0.577454992911043,0.493431660333794
8.71260708644528,43.5058389078121,13.1603451048997,-1.85241007470069,-4.50725264176721,0.701488876413205,0.503547138512537
9.72370102863781,43.9310321332424,13.2351442666338,-1.82688154340099,-4.28311186681482,0.82609393389636,0.515400057956978
10.7232429081305,44.3425184473739,13.2990693509437,-1.8066831883893,-4.05588138133425,0.951501012060673,0.529148090616279
11.7112414746657,44.7406674601182,13.35250773417,-1.79126763579584,-3.8251380152343,1.07798683321241,0.544934196149521
12.6877451290397,45.1259054201177,13.3959134208151,-1.78003459867417,-3.59041718997467,1.20587517175359,0.562885855878347
13.6528486732255,45.4987238313404,13.4298198308253,-1.77231664705658,-3.35119947085241,1.33553831590417,0.583114314726628
14.6067002540834,45.8596887500402,13.4548540066319,-1.76736333785375,-3.10689596602856,1.46739876961362,0.60571386419984
15.5495081743444,46.2094503307846,13.4717519052143,-1.76432383741066,-2.85683288410687,1.60193109052928,0.630761213754328
16.481547141947,46.5487520604669,13.4813743181503,-1.76222827785015,-2.60023568800382,1.7396636917703,0.658315008375162
17.4031634303969,46.8784390052268,13.4847228223489,-1.75996823372673,-2.33621343534833,1.88118035986269,0.688415554840327
18.3147783238234,47.1994642611015,13.482955003027,-1.75627687667629,-2.06374406354622,2.02712115739135,0.721084814781282
19.2168891408251,47.5128926887878,13.477398029857,-1.74970955310932,-1.78166155508659,2.17818228732748,0.75632670718522
20.110067073969,47.8199009201107,13.4695595128784,-1.73862572275895,-1.48864609777432,2.33511439486603,0.794127734245841
20.9949510533725,48.121772559873,13.4611344242355,-1.72117338787704,-1.18321853297602,2.49871866944285,0.834457901415543
21.8722368367329,48.4198874569865,13.4540067391136,-1.69527733459847,-0.863740566439312,2.66983997905643,0.877271844904468
22.7426605370059,48.7157038743019,13.4502443115791,-1.65863271193984,-0.528422414897601,2.8493561139016,0.922510008805832
23.6069758127869,49.0107323352277,13.4520853341238,-1.60870571714579,-0.175339802110042,3.0381620277011,0.970099631661748
24.4659239203375,49.3064997813742,13.4619144787916,-1.542743479124,0.1975374660792,3.23714772895875,1.01995520997865
25.3201957888966,49.6045025081536,13.4822264628639,-1.45779569453022,0.592302685134825,3.44716818682033,1.07197800811874
26.1703851718915,49.9061460194451,13.5155742448077,-1.35075123413655,1.01105194725395,3.66900326853536,1.12605408023519
27.0169318078502,50.2126695635283,13.5644983330108,-1.21839386413539,1.45580235087435,3.90330533737558,1.1820501649667
27.8600534172736,50.5250526695369,13.6314327714553,-1.05748244962023,1.92838383967709,4.15053175383149,1.23980671154869
28.6996654030299,50.8439006843137,13.7185823529066,-0.864862497304586,2.4302988866502,4.41085924648281,1.29912721050316
29.5352874886816,51.1693063360327,13.827764712644,-0.637617493540704,2.96254360216199,4.68407714913165,1.35976296008771
30.3659375532005,51.5006852038522,13.9602106283437,-0.373269818993161,3.52538399898512,4.96945718734989,1.42139245687413
31.1900150545673,51.8365853391663,14.1163168782375,-0.0700413129547983,4.11808299141163,5.26559939508651,1.48359485254435
32.0051802764088,52.1744761521289,14.2953496470888,0.272818505649578,4.73857863298353,5.57025765624612,1.54581752464066
32.808241830662,52.5105302686875,14.4951045116248,0.654635034063677,5.38312402252231,5.88015531546127,1.60733898362663
33.5950738250022,52.8394255068778,14.7115436345645,1.07285413029551,6.04591639485267,6.19081226691787,1.66723032773112
34.3605953853961,53.1542125407426,14.938453677436,1.52256645192825,6.71876862836691,6.49642017715301,1.72432141864208
35.0988565567451,53.4463149751215,15.1671986935963,1.99608147103069,7.39090949475459,6.78982032230932,1.77718171628442
35.8032805402668,53.705745354654,15.3866752396829,2.48266472114606,8.04903218473499,7.06265339980658,1.8241293881395
36.4671039237723,53.9216199656068,15.583598022182,2.96858902899944,8.67772741300004,7.30575190201555,1.86328391926282
37.0840238091031,54.0830196172899,15.7432303182996,3.43765701773748,9.2604121249937,7.50981861703778,1.89267400254303
37.6489988622636,54.1801600964711,15.8505994477179,3.8722962057487,9.78077249318737,7.6663682525164,1.91040121960343
38.1590715144948,54.205712916772,15.8920968942879,4.25519055789649,10.224578132414,7.76880856185917,1.91484106374821
38.6140140678496,54.1559974617541,15.8571900351168,4.5712163087764,10.5815381546817,7.81343702341485,1.90484203045541
39.016597312176,54.0317195216464,15.7398485884475,4.80927493487175,10.8467513758835,7.800086536095,1.8798719446017
39.372362782317,53.8380134004099,15.5393020824168,4.96356796172082,11.021345554808,7.73221561790611,1.84006871342698
39.6889265174628,53.5837433692164,15.2599220404697,5.03399427463294,11.112121465425,7.61639812154329,1.78618079334152
39.9749850344459,53.2802463561093,14.9102912871105,5.02562116668171,11.1303232779837,7.46135309931263,1.71941825650382
40.2392638519493,52.9398411371035,14.5017507335127,4.94745173942778,11.0898970934474,7.27677583227085,1.64126052324276
40.4896225806724,52.5744347265988,14.0468021791308,4.8108593711689,11.0056726539323,7.07223862118128,1.55327102152507
40.7324406621132,52.1944522824331,13.5576874759887,4.62804910392368,10.8918147161659,6.85634581272739,1.45695493379663
40.9723088164009,51.8081768023843,13.0453270252074,4.41078840366472,10.7607237385202,6.63621219433518,1.35367483555137
41.211982555894,51.4214734149035,12.5186634540401,4.16950817594804,10.6224099606615,6.41724083977753,1.24462085052094
41.4525258145107,51.0378154752846,11.984365714374,3.91276748556183,10.4842683173901,6.20312783987378,1.13082165963392
41.6935743367144,50.6585184181362,11.4468113373071,3.64702011037986,10.3511466203382,5.99601194526544,1.01317977639811
41.9336635360196,50.283101409142,10.908263937895,3.37660782348452,10.2256050699036,5.79670044474225,0.892516122596029
42.1705814812755,49.909717376026,10.3691786865166,3.10391477739075,10.108287610707,5.60492327796355,0.769612430595035
42.4017185022589,49.5356081400272,9.82858535344844,2.82963294852875,9.99834856999268,5.41958616604514,0.645243770517085
42.6243900441076,49.1575500427949,9.28450958626778,2.55310062913235,9.89389410975701,5.23900685681473,0.520196937120563
42.8361112936436,48.7722586238548,8.73439754521016,2.27268135529111,9.79240665143466,5.06112639553372,0.395273426550262
43.0348042282187,48.3767228486755,8.17550997014011,1.98615097749886,9.69112461522826,4.8836912266963,0.271278287954174
43.2189227178559,47.9684440942071,7.60525348251248,1.69105966575349,9.58735352752321,4.70440378191515,0.148998155984608
43.3874900577933,47.5455647386053,7.02142284909189,1.38503748056753,9.47869080919258,4.52104050715094,0.029173074401856
43.5400545410506,47.1068850948077,6.42233907890788,1.06601906458809,9.36315625195312,4.33153782018794,-0.0875328523279874
43.676579720054,46.6517826419252,5.80688293172629,0.732374796884651,9.23923199644826,4.1340483792103,-0.200557404567759
43.7972937935281,46.1800600166156,5.17443816577335,0.382949890077271,9.10582700554327,3.92697192135857,-0.309459378184102
43.9025252584419,45.6917549998976,4.52476994092489,0.0170258545591279,8.96218885408504,3.70896631954088,-0.413929014824262
43.9925491943283,45.1869454266132,3.85786880494444,-0.365772526934,8.80778850249906,3.47894505556624,-0.513789365319066
44.0674618330633,44.6655757513725,3.1737893439016,-0.765598482216748,8.64220167711913,3.2360669928248,-0.608989441835183
44.1270925859745,44.1273223589303,2.47250640794788,-1.18250867272297,8.4650049478973,2.97972336713586,-0.699590793431775
44.1709547286238,43.5715045447961,1.75380332982277,-1.6165742398756,8.27569760595234,2.70952565471963,-0.785749470149363
44.1982299777589,42.9970396537524,1.01719816462636,-2.06796590650862,8.07365383440558,2.42529674587174,-0.867695310168301
44.2077789085952,42.4024354166922,0.261907390642384,-2.53700804993862,7.85810463482566,2.12706686634486,-0.945710218103857
44.1981683419806,41.7858101880322,-0.513157543071474,-3.02420157662082,7.62814594002722,1.81507501260679,-1.02010671715483
44.1677078920988,41.1449320474441,-1.30936701546615,-3.53021839540834,7.38276816037302,1.48977626478831,-1.0912076433899
44.114490042868,40.4772697287411,-2.1283292225697,-4.05587147427375,7.12090259261974,1.15185510920255,-1.15932746479999
44.0364307088654,39.7800511871209,-2.97182964214231,-4.60206432892384,6.84148109437971,0.802244716881243,-1.22475538268002
43.9313097786052,39.0503286559727,-3.84175617049584,-5.16972287380703,6.54350669259397,0.44215187004822,-1.28774012555612
43.7968133044354,38.2850517717866,-4.74001004801193,-5.75971136414222,6.226133956865,0.0730868020525821,-1.34847618370665
43.6305806835716,37.4811525047664,-5.66840100994516,-6.3727330885271,5.88875875838301,-0.303103464838713,-1.40709116189166
43.4302612993496,36.6356470387824,-6.62852410467779,-7.00921587031917,5.53111725160088,-0.684200701794465,-1.46363395550351
43.1935856244185,35.7457602556458,-7.62161555605706,-7.66918259008335,5.15339339729635,-1.06758375715958,-1.51806358936295
42.9184556592995,34.8090779148635,-8.64838616909181,-8.35210812058716,4.75633294508757,-1.45020503861012,-1.57023880773772
42.6030585722007,33.8237296539164,-9.70883337282945,-9.0567665077703,4.3413593791326,-1.82858265908381,-1.61990887032032
42.2460053212759,32.788602249587,-10.8020373595571,-9.78107611932487,3.9106838672738,-2.19881768104833,-1.66670648150989
41.8464924644566,31.7035767311041,-11.9259530563372,-10.521955774422,3.46739688320182,-2.55664738235076,-1.71014431152024
41.4044801400441,30.5697748463564,-13.0772176581963,-11.2752111507923,3.01552442512147,-2.89754571872968,-1.74961706453222
40.9208723226667,29.3897904156787,-14.2510022353494,-12.0354769421491,2.56002769377174,-3.21688016313711,-1.78441134565315
40.3976776715708,28.167870731852,-15.4409435734176,-12.7962443986304,2.10672342801995,-3.51012880434451,-1.81372545211392
39.838122179471,26.9100050966511,-16.6391958505433,-13.550003340537,1.66210498300606,-3.77315232118085,-1.83670042395796
39.2466809547982,25.6238757156762,-17.8366372674048,-14.2885196490827,1.23305365481978,-4.00250260497907,-1.85246208251394
38.6289989429023,24.3186346490933,-19.023251261678,-15.0032519051608,0.826446398930501,-4.19573549844368,-1.86017144832611
37.9916814618725,23.0044916554606,-20.1886749729749,-15.6858852909798,0.448688076395117,-4.35168335425642,-1.85907830772902
37.3419551601255,21.6921300059729,-21.3228732548169,-16.3289321220096,0.105218616554382,-4.47063895030277,-1.84857059762268
36.6872247671543,20.3920037821623,-22.4168635766903,-16.9263249046095,-0.199939358548243,-4.55440979739551,-1.82821162956642
36.0345740070151,19.1135999774656,-23.4633967902717,-17.4739187321125,-0.464525702368285,-4.60622164768787,-1.797758603349
35.3902726158231,17.8647612667497,-24.4574995972096,-17.9698305097912,-0.68822946373608,-4.6304777804209,-1.75715926996852
34.7593505958524,16.6511553824162,-25.3968080092175,-18.4145711154282,-0.872694520682998,-4.63240825331461,-1.70652806629351
34.1452860713549,15.4759479593896,-26.2816597127866,-18.8109641507359,-1.02135418272091,-4.61766211028261,-1.64610714950804
33.5498301859456,14.3396980250919,-27.1149540887863,-19.1638792048063,-1.13913116882627,-4.59190029371079,-1.57622026399414
32.9729695415896,13.2404615967203,-27.9018191631159,-19.4798286110077,-1.23205220773335,-4.56043794989874,-1.49722772916599
32.4130106392017,12.17406818722,-28.6491383128066,-19.7664809426718,-1.30682454615394,-4.52796682236393,-1.40948933765494
31.8667645221551,11.1345297936345,-29.3649868690021,-20.0321349476064,-1.37040895071498,-4.49836816746639,-1.31333943498493
31.3298120728001,10.114548412514,-30.0580161952877,-20.2851813516384,-1.42960706933798,-4.47460967028544,-1.20907584288726
30.7968371050468,9.10609922200658,-30.7368086471965,-20.5335646661565,-1.49066671514421,-4.45870911158024,-1.09696224855523
30.2620207360379,8.10107505131259,-31.4092180925561,-20.7842486381818,-1.55890108941842,-4.451743386915,-0.977242471380522
29.7194924749103,7.0919783753339,-32.0817114413797,-21.0426901501359,-1.63831893330006,-4.4538826502471,-0.850164541498109
29.1638287093616,6.07263756154432,-32.7587376228898,-21.3123372253798,-1.73127163053051,-4.46443408769172,-0.716012460413456
28.590577299022,5.03890530944423,-33.4421691330511,-21.594184790581,-1.83813819215263,-4.48188652665663,-0.575143443954502
27.9967694151045,3.98927312514085,-34.1308824233334,-21.8864423271966,-1.95708620839508,-4.50395452710673,-0.428027983417923
27.3813602869808,2.92531325096717,-34.8205591310709,-22.1843836825435,-2.0839611580232,-4.52762771016515,-0.275288965781046
26.7455252207419,1.85184854324465,-35.5037906881483,-22.4804525202623,-2.21236144326716,-4.54923662637827,-0.117734434940468
26.0927342040945,0.776762691109677,-36.1705442233101,-22.7646781719888,-2.33394520121172,-4.56454888710025,0.0436231504820682
25.4285460772854,-0.289592855992833,-36.808992143337,-23.0254103294064,-2.43898245727136,-4.56890699554448,0.207569151970233
24.7601063522372,-1.3353621059496,-37.4066259447925,-23.2503102867473,-2.51711404726853,-4.55741157111427,0.372717261335001
24.0953968954128,-2.34838980402006,-37.9514870945142,-23.4274584909584,-2.5582189147679,-4.52514173722918,0.537570974558404
23.4423536201185,-3.31745904109996,-38.4332883517344,-23.5463828330168,-2.55324597488628,-4.46739219469342,0.700611963769555
22.8080135294514,-4.23332108435383,-38.8442018160082,-23.5988102383655,-2.49485963879482,-4.37989935242072,0.8604036028064
22.1978514105887,-5.08932195537302,-39.1791679269188,-23.5790084761252,-2.37779084964846,-4.25903109299438,1.01569213307277
21.6154140357894,-5.88154065679615,-39.4357097991757,-23.4836973833238,-2.1988665912643,-4.1019265632865,1.16548670040724
21.0622751645431,-6.60848775566458,-39.6133688595768,-23.3116251607568,-1.95677889883399,-3.90658935168035,1.30910357479009
20.5382522816087,-7.27051751117199,-39.7129602349041,-23.0629811391088,-1.65171534971109,-3.67195283931209,1.44616772496176
20.0417755609097,-7.86914814309886,-39.7358570121189,-22.7388299971645,-1.28498892986677,-3.39794510915969,1.57657346637006
19.570291744417,-8.40646313930958,-39.6834644847501,-22.3407135888391,-0.858780961730847,-3.08558096161388,1.70041222452533
19.120611326729,-8.88470729747405,-39.5569723647369,-21.8705034980351,-0.376065826625283,-2.73710176964455,1.81787818397355
18.689148173307,-9.3061257553604,-39.3574065314248,-21.3305274697932,0.159259843039774,-2.35617234428008,1.9291621794168
18.2720402004615,-9.67304324809138,-39.0859579992208,-20.7239494978072,0.742057883888212,-1.9481285769747,2.03434227922779
17.8651698263002,-9.98814929908633,-38.7445437610366,-20.0553548518594,1.36548267743062,-1.52024929126806,2.13327807206428
17.4641229921721,-10.254936330998,-38.3365394003938,-19.3314664318927,2.02044106749187,-1.08199837406609,2.2255163005874
17.0641386919404,-10.4782202884244,-37.8676010842352,-18.5618843452611,2.69508827559026,-0.645148338186975,2.31021900323086
16.6601094024707,-10.6646477162906,-37.3464531144519,-17.759689350351,3.37451847541541,-0.223659307876513,2.38613125257316
16.2466946853182,-10.8230580027038,-36.7854569979257,-16.9416904988103,4.04085582376092,0.166835611647534,2.45161141073743
15.8185981283217,-10.9645378614852,-36.2007205491066,-16.1280592615758,4.67396437104258,0.510066610190385,2.50474739314264
15.3710217426933,-11.1020077170645,-35.6114989602747,-15.3411321227789,5.25292309322777,0.790713017056742,2.54357082880513
14.9002483390897,-11.2492547698433,-35.0387449430442,-14.6033369427733,5.75821539790724,0.996374769504039,2.56635281831261
14.4042267324713,-11.419491093759,-34.5029100912965,-13.9345061896682,6.17428384303261,1.11953120328396,2.57192556584015
13.8829856696921,-11.6237224765755,-34.0214198639934,-13.349172822749,6.4918263409143,1.15893654982064,2.55994283029696
13.3387231098974,-11.8693552931867,-33.6064726186216,-12.8546018868303,6.70914721296798,1.11996957302546,2.53099397524402
12.7755170917345,-12.1594357484103,-33.263777358197,-12.4501381284047,6.83213308945129,1.01377307326341,2.4865313415331
12.1987370737865,-12.4926986317216,-32.9925224282577,-12.1279946498876,6.87290104912624,0.855440890852602,2.42863861724744
11.6143272933743,-12.8643181641093,-32.7864320883076,-11.8751180045031,6.84760270079174,0.661802297897587,2.35972028928384
11.0281426460571,-13.267056543821,-32.6354583100089,-11.6754996732282,6.7740403888951,0.449377907239609,2.28220276547688
10.4454565124358,-13.692472112843,-32.5275929326605,-11.5123416834312,6.66963427549056,0.232883436483565,2.19831029808561
9.87067709593588,-14.1319435129856,-32.4504219287282,-11.3697153027219,6.55001249401557,0.0243931290876098,2.10993762068316
9.30724583974374,-14.5774018354624,-32.3922478792001,-11.2336089639395,6.42824553221982,-0.166924332074596,2.01860860444245
8.75766300197532,-15.0217711293494,-32.3427731305181,-11.0924378753947,6.31459684494316,-0.334673010316066,1.92549479895805
8.22358473984436,-15.4591747950532,-32.2934260372947,-10.9371620201332,6.21661623461026,-0.4748766541061,1.83146647012793
7.70594935851442,-15.8849794750615,-32.2374371153357,-10.7611604311861,6.13942199764318,-0.585540136934251,1.7371547650532
7.20510672980374,-16.2957378289319,-32.1697587685686,-10.5599762945349,6.08606222801863,-0.666210058707148,1.64301133191897
6.72093852325743,-16.6890730573971,-32.086895697949,-10.3310072673932,6.05788981384588,-0.717578346806537,1.54935826019745
6.25296603534611,-17.0635307535827,-31.986687622892,-10.0731822998399,6.05491890776029,-0.741145673142338,1.45642581863695
5.8004472450679,-17.4184116492649,-31.8680676407268,-9.78664443967495,6.07615119731435,-0.738946445233047,1.36437837442746
5.3624661814574,-17.7535928290989,-31.7308095445692,-9.4724478596105,6.11987029870508,-0.713330312271939,1.27333053966509
4.93801680058964,-18.0693438788659,-31.5752741229015,-9.13227388841026,6.18390532362036,-0.666793072502688,1.18335637216186
4.52608141648278,-18.366146247661,-31.4021652459256,-8.76817185298613,6.26586338334171,-0.601850025052118,1.09449457241255
4.12570135422467,-18.6445265619126,-31.2123084747676,-8.38233291090645,6.36332824669179,-0.520945591650882,1.00675220109287
3.7360358113428,-18.9049158065264,-31.0064656491299,-7.97690635749663,6.4740205760123,-0.426393657216312,0.920108642293158
3.356404510208,-19.147545068993,-30.7851970816772,-7.5538667948241,6.59591520316739,-0.320343339990153,0.834520563365919
2.98631071484065,-19.3723848982536,-30.5487785778537,-7.11493695775682,6.72731287539151,-0.204764947301998,0.749927715422442
2.62544321760682,-19.5791302037059,-30.2971745842574,-6.66156583796712,6.86686712831384,-0.0814509711862415,0.666258791513758
2.27365831991074,-19.7672274007536,-30.0300628849457,-6.19495644366263,7.01357038039163,0.0479726564175057,0.583436325595406
1.93094495360155,-19.9359364862425,-29.7469018098128,-5.71613338445075,7.16670602568164,0.182029126936986,0.501379763590135
1.59737743997482,-20.0844186539959,-29.4470286750922,-5.22603822772124,7.32577467922603,0.319370253785373,0.420006255549691
1.27306080078717,-20.2118399778484,-29.12977811923,-4.72564028349855,7.4904027502903,0.458754967812753,0.33922924536456
0.958073162132691,-20.3174831133417,-28.7946105522108,-4.21605164269646,7.66024055407352,0.599027897065432,0.258955425896527
0.652408951652198,-20.4008611017958,-28.4412431937293,-3.69863714021239,7.83485579375887,0.739098357570561,0.179080986785765
0.355925660002406,-20.461829388592,-28.0697782401919,-3.17511167373254,8.01362703578417,0.877919602266259,0.0994882733419408
0.0682962423776041,-20.5006934423341,-27.6808238881587,-2.64761842816468,8.19564122193305,1.0144679901905,0.0200440066449915
-0.211031017244333,-20.5183094437781,-27.275603820925,-2.11878179055194,8.37959956587616,1.14772182657804,-0.0593998847339483
-0.482863099464513,-20.5161742450764,-26.8560492567663,-1.59172820515446,8.5637374047119,1.27663995027322,-0.139001978579597
-0.748280537041393,-20.4964982711983,-26.4248649899831,-1.07006738298618,8.74576548815008,1.40014066006623,-0.218923088323671
-1.0086397679225,-20.4622516806167,-25.9855576768863,-0.557825968960364,8.92284226439503,1.51708220863288,-0.29931391546524
-1.26555529345185,-20.4171707538512,-25.5424120165161,-0.0593270949454462,9.09158808535782,1.62624674275735,-0.380299125762296
-1.52085755009983,-20.3657094795949,-25.1004000414089,0.420986585327316,9.24815172439146,1.72633006528362,-0.461959108822422
-1.77652398481823,-20.3129223455341,-24.6650122443978,0.878780904814593,9.38833587635387,1.8159397114717,-0.544311554219591
-2.03458425896686,-20.2642701585548,-24.2420082554944,1.31009230990075,9.50778052500993,1.89360333843166,-0.627295810323478
-2.29700570522522,-20.2253521244414,-23.8370993422603,1.7115940403977,9.60219146736493,1.95778817398727,-0.710763508790892
-2.56557118527356,-20.201583382431,-23.4555929443897,2.08082538950336,9.66758803307893,2.00693034671572,-0.794478792511303
-2.84176648191466,-20.1978540174226,-23.1020457510689,2.41633958450462,9.70053322928825,2.0394707327409,-0.87813039713739
-3.12669601359342,-20.2182173996686,-22.7799798174419,2.71773408901595,9.69830612045353,2.05389220471353,-0.961355785048084
-3.42104230579227,-20.2656566658682,-22.4917104457538,2.98554778159875,9.65898372135165,2.04875260444741,-1.0437749056821
-3.72507635411053,-20.3419654292337,-22.2383140613717,3.22103773509768,9.58141763195272,2.02270881121056,-1.12502872183056
-4.03871501566012,-20.4477550486309,-22.0197344683836,3.42587512496974,9.46511404732515,1.97452978686866,-1.2048162628654
-4.36161147542881,-20.5825735247369,-21.8349964472735,3.60181577890851,9.3100468149904,1.90309971189763,-1.28292418672979
-4.69325892485382,-20.7450994111789,-21.6824763461431,3.75040113787037,9.11644509465591,1.80741532322377,-1.35924457749173
-5.03308724567909,-20.9333642673511,-21.5601750358422,3.87273171833777,8.88459734084029,1.68658359016027,-1.43377930241045
-5.38053680211226,-21.1449600274199,-21.4659478251697,3.96933444517685,8.61470411173639,1.53982668844398,-1.50663177535199
-5.73510004316193,-21.3771994195676,-21.3976626348806,4.04012548597572,8.30679886505255,1.36650110887406,-1.57798867527699
-6.09632801919999,-21.6272124749732,-21.3532749800814,4.0844569955017,7.96074365457907,1.16613715524342,-1.64809474353134
-6.46380352714442,-21.8919753895727,-21.3308213127908,4.10123115633045,7.57629865733714,0.938504493092294,-1.71722336698333
-6.83708497758209,-22.1682770861509,-21.3283393442485,4.08906668038317,7.15326138580774,0.683709016248611,-1.78564463290177
-7.215625684892,-22.4526337233968,-21.3437259939373,4.04650871623006,6.69167210033227,0.402325993517563,-1.85359134941374
-7.59867301319342,-22.7411635498289,-21.3745427878658,3.97228002848636,6.1920842390062,0.0955737707825839,-1.92122251176431
-7.98515170290443,-23.0294360339981,-21.417777481499,3.86557702219602,5.65590023301089,-0.234469650550039,-1.98858311903356
-8.37353677631183,-23.3123122614325,-21.4695719674654,3.72641663858035,5.0857712439291,-0.584609445834718,-2.05555933357484
-8.76172466794754,-23.5838000258124,-21.5249325933801,3.55603712184977,4.48605110988461,-0.950247680757219,-2.12182899890518
-9.14691750521502,-23.8369579885496,-21.5774520531001,3.35734430596091,3.86327664353028,-1.32509536490414,-2.18680984291723
-9.52554513517603,-24.06389835479,-21.6190933003597,3.13537215821384,3.22661528969217,-1.70093472801541,-2.24961163671445
-9.89326147008897,-24.2559531169791,-21.6401138479361,2.8976898187715,2.58817681000174,-2.06751534678014,-2.30900415952024
-10.2450620558815,-24.404076223213,-21.6292356575659,2.6546403596256,1.96303574955289,-2.41269928414993,-2.36341906821606
-10.5755702789459,-24.4995379396276,-21.5741743234933,2.41925306181087,1.36877776527203,-2.72298375408059,-2.41100791970394
-10.8795186794769,-24.5349106198592,-21.462605134601,2.2066609691179,0.824403907965158,-2.98449657937677,-2.44977578149261
-11.1524002378141,-24.505239851107,-21.2835391982122,2.03291900039813,0.348545687790324,-3.18445267760714,-2.47779475132966
-11.3911873718122,-24.4091646788117,-21.0289149318002,1.91328034752133,-0.0428274895611569,-3.31288067369146,-2.49347310019375
-11.5949439305689,-24.2496598050736,-20.6950387519713,1.86021995171029,-0.338752237892043,-3.36423818975838,-2.49582239136213
-11.7651365877386,-24.0341025101637,-20.2834408573323,1.88168651820337,-0.535037294497782,-3.33844700489282,-2.48464591113777
-11.9055213594953,-23.7735507336891,-19.8008342155953,1.98008227867879,-0.634902354366435,-3.2409933697663,-2.46058543001274
-12.0216203323417,-23.4813872991999,-19.258154431464,2.15225580126997,-0.648291074677732,-3.08203890785957,-2.42500990594007
-12.1199417389954,-23.1716958108824,-18.6689692660946,2.39044374701001,-0.590112120059158,-2.87482343178094,-2.37978560897529
-12.2071595451651,-22.8577752911699,-18.047712368906,2.68380316118104,-0.477971521364832,-2.6338319244743,-2.32700130676509
-12.2894361566753,-22.5510766520685,-17.408154604177,3.02007535423428,-0.329992762841793,-2.37316973645852,-2.26872031589185
-12.3719820291119,-22.2606517212557,-16.762347602271,3.38701437813544,-0.163130510579749,-2.10540945609602,-2.20680319852226
-12.4588554595983,-21.9930480124415,-16.1200781704962,3.77339545630637,0.00787635797820307,-1.84096625523008,-2.14281150694293
-12.5529498534538,-21.7525066859094,-15.4887414084277,4.16958519032308,0.170968612885684,-1.58791602989599,-2.07797963885166
-12.6560986161902,-21.5413173666227,-14.8734918502515,4.56775413197228,0.316801841230218,-1.35211402999568,-2.01323251118784
-12.7692361939384,-21.3602180153179,-14.2775414721298,4.96184434997123,0.43852064668781,-1.1374774229764,-1.94922764341263
-12.8925720931367,-21.2087711120333,-13.7025083994166,5.34739479523287,0.531407760435666,-0.946329526119056,-1.88640579137691
-13.0257527781739,-21.0856830530863,-13.148757760547,5.72130058281119,0.592499645765687,-0.779741760936743,-1.8250404625671
-13.167999914326,-20.9890573468256,-12.615705819159,6.08155455895717,0.620221096955161,-0.637840092134171,-1.76528158402756
-13.3182220424392,-20.916585470844,-12.1020781310458,6.42699764493471,0.614063353924772,-0.520063130856017,-1.70719188473976
-13.47510147992,-20.8656853374238,-11.6061235620828,6.75708991531293,0.574313015048745,-0.425370740755998,-1.65077645948474
-13.6371604147617,-20.8335992397149,-11.1257910641642,7.07170629451641,0.50182998562133,-0.352407568341669,-1.59600693352105
-13.8028108222994,-20.8174628882847,-10.6588771747217,7.37095758883399,0.397869163746348,-0.299627843830541,-1.54284198839951
-13.9703926834808,-20.8143558416538,-10.2031507251562,7.65503780320157,0.263940386642894,-0.2653878349095,-1.49124594513846
-14.1382043960305,-20.8213417769658,-9.75645821109422,7.92410088028677,0.101702702891192,-0.248011641261854,-1.44120671756989
-14.3045284429397,-20.8355048053507,-9.31680960334845,8.17817261279342,-0.0871090365993252,-0.245835287796571,-1.39275377767248
-14.4676544841141,-20.8539855767598,-8.88244116227659,8.41710487553289,-0.30072613368494,-0.257233656832247,-1.34597587702123
-14.6259012120825,-20.8740184917438,-8.45185027716627,8.64057799250117,-0.537357956600847,-0.280634753191114,-1.30103729433587
-14.7776377162407,-20.8929693583438,-8.02379847883007,8.84815223693282,-0.795177787195885,-0.314525940810373,-1.25819058801783
-14.921304827232,-20.9083717288257,-7.59728275450733,9.0393617696434,-1.07229058536344,-0.357456798338769,-1.2177835241407
-15.0554369117396,-20.9179601058646,-7.17148111710582,9.2138358533502,-1.36669466232527,-0.408042803068899,-1.18025822198848
-15.1786846965526,-20.9196990593395,-6.74568407519102,9.37142583486618,-1.67625148627261,-0.464973051406259,-1.14614157195545
-15.2898397352044,-20.9118085855323,-6.31922714372207,9.51231450426534,-1.99867708016917,-0.52702382924168,-1.11602732778038
-15.3878609458587,-20.8927871744174,-5.89143965367563,9.63708757927592,-2.33156471732772,-0.593078435824728,-1.09055150434048
-15.4719032632806,-20.8614346433116,-5.46162211836376,9.74675382751673,-2.67244308487406,-0.662152624730022,-1.07036345116548
-15.5413478922303,-20.816876637576,-5.0290595897152,9.84270821642276,-3.01886846038137,-0.733424539900557,-1.05609509440441
-15.5958329530796,-20.7585918006602,-4.59307328350573,9.92663925390289,-3.36854502102159,-0.806268004614151,-1.04833049703831
-15.6352824702196,-20.686441105152,-4.15310819758171,10.0003863883648,-3.71946457499918,-0.880288185181494,-1.04757738679574
-15.6599306539096,-20.6006968702761,-3.70885062628856,10.0657563294094,-4.07005538632301,-0.955358685920161,-1.05424193438814
-15.6703374066664,-20.5020668881708,-3.26036606574386,10.1243095339497,-4.41932870987947,-1.03165884103917,-1.06860798046618
-15.6673902392198,-20.3917072882451,-2.80824473758068,10.1771308490552,-4.76701078029947,-1.10970934332413,-1.09082206635978
-15.6522877239142,-20.2712168519082,-2.35373903120354,10.2246016203416,-5.11364745885237,-1.19040355997726,-1.12088582200332
-15.6265006547648,-20.142606020227,-1.89887533203909,10.2661937161665,-5.46066916435617,-1.27503121704134,-1.15865723437149
-15.5917092874678,-20.0082359903257,-1.44652297494668,10.3003073836488,-5.81040579478105,-1.36529086396758,-1.20386182485194
-15.5497180835308,-19.8707268072603,-1.0004061845328,10.3241731713639,-6.16604539450708,-1.4632878120898,-1.25611372346382
-15.502352408304,-19.7328372398384,-0.5650507231216,10.33383262576,-6.53153581541258,-1.57151498711279,-1.3149451743352
-15.451343572209,-19.5973221670296,-0.145664336509156,10.3242038777774,-6.9114341862546,-1.69281499760999,-1.37984147576067
-15.398208604484,-19.4667739959415,0.252043136390388,10.2892288484936,-7.31071280949784,-1.83032216841197,-1.45027716262786
-15.3441289684669,-19.3434527112781,0.622090202740719,10.2220916554179,-7.73453053558104,-1.987382769149,-1.52574868734127
-15.289828593108,-19.2291048435355,0.958495422505403,10.1154955816548,-8.18797496033618,-2.16744977827739,-1.60579900258902
-15.235447211782,-19.1247660283289,1.2555863921758,9.96199006810805,-8.6757732809677,-2.37394508673262,-1.69003006769377
-15.180401303159,-19.0305362971512,1.50835124234779,9.754349343376,-9.20195949897217,-2.61007710357715,-1.77809997856927
-15.1232230531596,-18.9453132204076,1.71284936612078,9.48601896361209,-9.7694745024729,-2.8785955253792,-1.86970175015946
-15.0613687672282,-18.866467053014,1.86670957396321,9.15166330404677,-10.3796653536269,-3.18145817107541,-1.96452053110341
-14.9909935441812,-18.7894464272569,1.96975217499093,8.7478626255993,-11.0316437468243,-3.51937874590443,-2.06216530972572
-14.9067013681818,-18.7073170534607,2.02477121744902,8.27401724151832,-11.7214664833306,-3.89122266551387,-2.16207058626651
-14.8013032788558,-18.6102663677764,2.03849439134991,7.73350804969937,-12.441123252536,-4.29322797219622,-2.26336440787058
-14.6656562528784,-18.4851640209801,2.02268413313109,7.13511806088753,-13.1773767453178,-4.71806329105064,-2.36470408986114
-14.4887147831443,-18.3153602442054,1.9952311463397,6.49460862247525,-13.9106213844521,-5.15381465681372,-2.46409364947263
-14.2579971128349,-18.0810260788896,1.9809024203862,5.83613445279312,-14.6141283400046,-5.58313754825461,-2.55872141234009
-13.9607113216022,-17.7604450085704,2.01115996638162,5.19287277439885,-15.2543024904373,-5.98301418408609,-2.64489222048712
-13.5857216427291,-17.3326362320219,2.12228355155264,4.60593820866177,-15.7927613292536,-6.32573904907992,-2.71816273488865
-13.1262576095002,-16.7813472283113,2.35117448409187,4.12064366625128,-16.190874550072,-6.58171669011923,-2.77378469404733
-12.5827571237456,-16.0997036571519,2.72898959143991,3.77985171481737,-16.4165611706989,-6.72413329514259,-2.80747151251278
-11.9647238289334,-15.2939189568256,3.27411185241664,3.6156586172706,-16.4516915822096,-6.73452159018885,-2.8163199808678
-11.2904641448958,-14.38418058251,3.98711306008143,3.64223619694701,-16.297249020065,-6.60722726262424,-2.79953990808846
-10.5843768006995,-13.4017896430358,4.85010187831818,3.8529018332919,-15.9737451854475,-6.35077011577463,-2.75864562818093
-9.87269899285907,-12.3834625941426,5.83087521726375,4.22267426631655,-15.5165398541131,-5.98546419478237,-2.69701228878503
-9.17932695037636,-11.3650428611746,6.88995641843561,4.71487413409274,-14.9681973885793,-5.53850401718736,-2.61902514281813
-8.52301268592956,-10.3767357514074,7.98766998775332,5.28879932342901,-14.3709513264428,-5.03863697002794,-2.52919805065679
-7.91631489958727,-9.44076122351686,9.08921559778852,5.90594129994192,-13.7614190065706,-4.51209540395964,-2.43154132067942
-7.36591251219906,-8.57111546590371,10.1671913844715,6.53369280272182,-13.1680937916823,-3.98037849303319,-2.3292600314964
-6.87362736383227,-7.77459343934348,11.202079164781,7.14677112141666,-12.6110163191145,-3.45961799834487,-2.22471755271344
-6.43762219826664,-7.05228082592207,12.1815372321522,7.72712918200474,-12.1026928900722,-2.96093690939369,-2.11955155277971
-6.05347866841154,-6.40102232500294,13.0992079493023,8.26311127111665,-11.6494956731053,-2.49126309973874,-2.01484718803855
-5.71505479136067,-5.81465527093645,13.9534685201206,8.74836859029099,-11.2530867874589,-2.05424746833235,-1.91130884680245
-5.41513036685789,-5.28497413574013,14.7463172346997,9.18080431254238,-10.9116629253992,-1.65110947835725,-1.80940272502986
-5.14589035835055,-4.80247159403026,15.4824421992886,9.56164816573933,-10.6209714642831,-1.28134639196454,-1.70946148007963
-4.89929931801769,-4.35692136920445,16.1684507074853,9.8946684514017,-10.3751214228844,-0.943301288006837,-1.61175169785396
-4.66740640601765,-3.93785779025123,16.8122170155349,10.1854922212449,-10.1672345873346,-0.634608241105337,-1.51650898400046
-4.44260305856337,-3.53498623545872,17.4223114161881,10.4409995561804,-9.98997859383108,-0.352537533522407,-1.42394715967285
-4.21784041902755,-3.13853817903638,18.0074889867409,10.6687690790128,-9.83601048806096,-0.0942603234480012,-1.33424884925275
-3.9868042698428,-2.73956994401958,18.5762327471169,10.876567867564,-9.69834527186646,0.142953163267004,-1.2475451346766
-3.74404221408123,-2.33019776560193,19.1363576797691,11.0718925914848,-9.57065386250781,0.361592225240477,-1.1638917914594
-3.48504035028562,-1.90376304600334,19.6946866765546,11.2615759279797,-9.44749038065015,0.56381378044498,-1.08324866561625
-3.20625244008684,-1.45492829327072,20.2568072641927,11.4514721284396,-9.32444914824589,0.751393271782624,-1.00546694207492
-2.90509077409636,-0.979712540004125,20.8269114274902,11.6462297474396,-9.19825517492594,0.925711179981647,-0.930286656157143
-2.57989209629421,-0.475481452222256,21.4077134384281,11.8491513297328,-9.06679567639597,1.0877672056818,-0.857344307259799
-2.2298726528625,0.0590904554540028,22.0004353834074,12.0621327428268,-8.929102271145,1.23821393032098,-0.786188393473349
-1.85508365902347,0.624070570020363,22.6048486449793,12.2856710948383,-8.78529305643668,1.377402350684,-0.716299488569141
-1.45637330619879,1.21832299482671,23.2193617816596,12.5189302725292,-8.63648112824326,1.50543308991345,-0.647111258293773
-1.03535544938037,1.83956603895631,23.8411495547782,12.7598560007583,-8.48465246500439,1.62220903348957,-0.578029434062792
-0.594379822830916,2.48443787133685,24.4663222738982,13.0053361102151,-8.33251287600468,1.72748721967708,-0.508446935383942
-0.136495061159453,3.14858051682249,25.0901374487102,13.2514045944092,-8.18330209965423,1.82092964771975,-0.43775470991054
0.334605603774989,3.8267540903761,25.7072558632856,13.4934887811621,-8.04057373302943,1.90215397201208,-0.365349129303764
0.814665386642253,4.51299187876796,26.312041461072,13.7266971305275,-7.90794252383297,1.97078569205506,-0.290637718155827
1.29897868983383,5.20080306912346,26.8988992868971,13.9461410845482,-7.78880516037931,2.02651342408015,-0.213045478849575
1.7825428289818,5.88342438650519,27.4626391749831,14.1472789033948,-7.68604622810837,2.06914826509152,-0.132024073943391
2.26024574565528,6.55411556627877,27.9988461033272,14.3262636764014,-7.60174643451942,2.09868731466528,-0.0470656667479785
2.72708439047236,7.20648738620437,28.5042324296356,14.4802729315578,-7.53691450712406,2.11538030760886,0.0422776374247132
3.17840458839031,7.83484571783954,28.9769436802138,14.6077945575429,-7.49126645755551,2.11979720481311,0.136368984899499
3.61015006550037,8.43453124108451,29.4167889505182,14.7088438316333,-7.46307557607431,2.11289360018175,0.235458245079548
4.01910595471341,9.00223223910397,29.8253697196375,14.7850895393963,-7.44911329815789,2.09606997945889,0.339652915093843
4.40312031255031,9.53624705620685,30.2060870447467,14.8398733927971,-7.44469491147498,2.07122024565361,0.44889302958156
4.76128579839071,10.036673153467,30.5640166461243,14.8781159002716,-7.4438350161028,2.04076460965352,0.562935641784449
5.09406293063024,10.5055014689422,30.9056541225863,14.9061130252328,-7.43950593414506,2.00766215811693,0.681354554858646
5.40332722613079,10.9465989765714,31.2385478137256,14.9312405369343,-7.42397869185357,1.97539944950963,0.803559719356763
5.69232663279464,11.3655703636355,31.5708527290857,14.9615951575018,-7.3892128348907,1.94795349348292,0.928837787038259
5.96554431895188,11.7695023966405,31.9108518652922,15.0056105086807,-7.32725197247061,1.92973011438746,1.05641097465856
6.2284747627789,12.1666103967388,32.266496043736,15.0716877017538,-7.23058129518595,1.9254809843734,1.18550663709919
6.48733523023517,12.565821009635,32.6450058991627,15.1678723447268,-7.09241483025957,1.94020306260757,1.31542632106407
6.74874498207076,12.9763330323143,33.0525591311879,15.3015917720747,-6.90690331829988,1.9790214724973,1.44560197748919
7.01940583008974,13.4071934902925,33.4940571118551,15.4794422109311,-6.66928276700222,2.04705055453663,1.5756288850639
7.30580779503013,13.8669085429767,33.9729355799925,15.7069913839141,-6.37601060600205,2.14921866357235,1.70526873817326
7.61396473986413,14.3630821101205,34.4909623130556,15.9885428974521,-6.02495400481407,2.29003167187621,1.83442040531752
7.94916236670853,14.9020463925307,35.0479546856538,16.3267969698159,-5.61570084205072,2.47323958946918,1.96305829362462
8.31568093979257,15.4884248484984,35.6413525533003,16.7223376659765,-5.15005915563223,2.70136173701777,2.09113832582272
8.71644239470406,16.1245556160217,36.2655974535537,17.1728811165267,-4.63279597750341,2.97502133669588,2.21846995091554
9.15253029028411,16.8097083206858,36.9113030278408,17.6722395026574,-4.07263500402166,3.29204715050561,2.34455148352327
9.6225478783826,17.5390612746464,37.5642680842983,18.2090098473753,-3.48346725727333,3.64633270522479,2.46836893157352
10.1218270007077,18.3024904226832,38.2045056105426,18.765115270577,-2.88560142035689,4.02652809547564,2.58817038335697
10.641597250411,19.0833842167214,38.8056575606991,19.3145433613825,-2.30666388168486,4.41480649359018,2.70125472880983
11.1683830926609,19.8579516094536,39.3354154204573,19.8229430474354,-1.78146670039348,4.78620769504235,2.80385695631623
11.6840859646248,20.5957687527412,39.7577420523749,20.2490470428861,-1.34992674208572,5.10934009126008,2.89125955903511
12.1673016712005,21.2623927420707,40.037503448765,20.5488703165424,-1.05226011290877,5.34928111041249,2.95826862126631
12.5961930119018,21.8243989322753,40.14723897252,20.6828521356482,-0.921589901217363,5.47298030475214,3.0000984883476
12.9525313680033,22.255989621179,40.0742912375926,20.6244405874824,-0.975786003826123,5.45617451598008,3.01348428141977
13.2256065027862,22.5449082316916,39.8253199940356,20.3669244804553,-1.21181724478235,5.28937376173004,2.99759874388768
13.4143369445446,22.6950231943107,39.4257232229158,19.9252462956281,-1.60555182836176,4.98019198403667,2.95432321065563
13.5266570798713,22.7243890546973,38.9139191566558,19.3318138467995,-2.1173697616664,4.55091874042463,2.88772727017614
13.5766641191185,22.659921819289,38.3330550406915,18.6284117217209,-2.70097742437992,4.03268647388053,2.80303590960592
13.5809580038472,22.5311921294965,37.723455882149,17.8577582791203,-3.31178158897768,3.45892941171874,2.70556094470012
13.5555245973371,22.3654765285178,37.1178578367726,17.0573719067825,-3.91242558647163,2.86033520370154,2.59994773432722
13.5137954282144,22.1849227103908,36.5396594267207,16.2565363834043,-4.47506461145934,2.26208874603457,2.48982942915063
13.4658457316785,22.0056035759952,36.0033246149808,15.4757767990797,-4.98122924523388,1.68308554219906,2.37779749109301
13.4183795731343,21.8377950459941,35.5158721742642,14.727812939661,-5.42041536566964,1.13636987572722,2.26554498563866
13.3751335856898,21.6868482663278,35.0786677360589,14.0191181210851,-5.78826946462892,0.630124460896231,2.1540678448365
13.3374381100887,21.554237572474,34.689096684359,13.3515496210093,-6.08485378172903,0.168777799318887,2.04385845854851
13.3047898635053,21.4385662165511,34.3419584494085,12.7238000017817,-6.31318547160465,-0.245987542976616,1.93506487850813
13.2753712285123,21.3364439502796,34.0305646055532,12.1325900367603,-6.47808187216605,-0.61440335534061,1.8276114699549
13.2464964325102,21.2432196880552,33.7475806231031,11.5736050424621,-6.58527533856743,-0.93796722304613,1.72128691646996
13.2149855633426,21.1535809944025,33.4856630290016,11.0422034767497,-6.64074498330406,-1.21895463032277,1.61580827735563
13.1774744972132,21.0620393623165,33.2379360033686,10.5339278441163,-6.65022043076898,-1.46006252181703,1.51086898765817
13.1306695938833,20.963318253473,32.9983378716148,10.0448403959096,-6.6188282346668,-1.66415735858687,1.40617635127742
13.0715543020452,20.8526560134307,32.7618550313352,9.57169910856066,-6.55086666014948,-1.83410546951274,1.30148132968673
12.9975522893097,20.7260308559367,32.5246513208539,9.11198743255179,-6.44970474691809,-1.97266794795552,1.19660097768666
12.9066491312261,20.5803114281375,32.2840961798343,8.66381580739976,-6.31780454439857,-2.0824455932819,1.09143228112712
12.7974724610517,20.4133346844107,32.0386957810546,8.22572286599259,-6.15686026007811,-2.16586146973912,0.985955791608819
12.6693294421335,20.2239134311663,31.787937348431,7.79641626842676,-5.96803602001176,-2.22516994791109,0.88022839421293
12.5222010467489,20.0117789890686,31.532066220604,7.37450225269454,-5.75226877755712,-2.26248210764557,0.774366405381275
12.3566950353758,19.7774691781716,31.2718244512348,6.95825439074141,-5.51059032650337,-2.27979858041666,0.668522228116846
12.1739631080055,19.5221766435248,31.008184923849,6.54546310748037,-5.24441798988163,-2.27904260153422,0.562859158015392
11.9755912090356,19.2475755023946,30.742113393589,6.13338952404165,-4.95577029399313,-2.26208827426095,0.457529091843594
11.7634741130442,18.9556441258565,30.4743824568874,5.718825006155,-4.64738045053792,-2.23078156663185,0.352656814299831
11.5396854829702,18.6484985554127,30.2054488031124,5.2982378166267,-4.32270168668813,-2.18695391006843,0.248332677111568
11.3063527503256,18.3282458332911,29.9353922447074,4.86797557602815,-3.98581801314138,-2.1324299846515,0.144613495208555
11.0655432622537,17.9968611417976,29.6639054446869,4.42448872306425,-3.6412870120058,-2.06903208691888,0.0415299241502769
10.8191652151545,17.6560885758243,29.3903186805756,3.96454444204751,-3.29394587543967,-1.99858339870801,-0.0609022724751765
10.5688847178918,17.3073632848631,29.1136441266977,3.48540922911612,-2.94870943585673,-1.92291176660758,-0.162669817396959
10.3160591537329,16.9517524141024,28.8326273462298,2.98498781165569,-2.61038217694674,-1.8438546184887,-0.263750777144279
10.0616867000799,16.5899130937334,28.5457980730411,2.46191399200471,-2.28349825146813,-1.76326471948237,-0.364106448389484
9.80637200007824,16.2220668251594,28.2515163297276,1.91559411172452,-1.9721965164735,-1.68301581284274,-0.463677298026232
9.55030816194839,15.8479903982083,27.9480127243499,1.34620648057845,-1.68013248881131,-1.60500687928237,-0.562383245344412
9.29327517047787,15.467023599044,27.6334232374683,0.754661268024191,-1.41042584490427,-1.53116373330282,-0.660127899763136
9.03465432511033,15.0780934583997,27.3058193662023,0.142526169128483,-1.16563998700836,-1.46343683408638,-0.756805793923066
8.77345750142844,14.6797538312122,26.9632346159614,-0.488075525353993,-0.94778850416175,-1.40379435422466,-0.852311222682297
8.50836907550784,14.2702380643226,26.6036885556134,-1.13458572741138,-0.758361569390743,-1.35420956839319,-0.946547064407932
8.23779750845015,13.8475217329149,26.2252101933078,-1.79413996599212,-0.598363370162953,-1.31664138617446,-1.03943195669253
7.9599331527792,13.4093922185402,25.8258633099338,-2.46368999727568,-0.468349914241776,-1.29300633352146,-1.13090441829511
7.6728090485173,12.953522456291,25.4037774396741,-3.14010626116082,-0.368455527033927,-1.28513954972158,-1.22092289074486
7.37436243199566,12.4775475303438,24.9571891576119,-3.82024673174665,-0.298396505102095,-1.29474154409885,-1.30946110851339
7.06249635114345,11.9791448538769,24.4844990734467,-4.50098151488617,-0.25744186427591,-1.32330672147964,-1.39649858178615
6.73514295774959,11.4561211646891,23.9843503198389,-5.1791668528324,-0.244343761198979,-1.37202922144305,-1.482006212692
6.3903324082295,10.9065121272641,23.4557342976064,-5.85156738334794,-0.257223698545175,-1.44168163795133,-1.56592715973344
6.02627345488876,10.3287024749332,22.8981288273393,-6.51473109621626,-0.293414941885002,-1.53246299959535,-1.6481530942744
5.64145330143677,9.72157574958543,22.3116722420112,-7.16482738778626,-0.34926699124052,-1.64381449080397,-1.72849610646912
5.23476458458335,9.08470200250851,21.6973735615904,-7.79746536531501,-0.419925262807336,-1.77420554555046,-1.80665691159021
4.80566571717722,8.41856826155261,21.0573526874841,-8.40751781554397,-0.49910944948827,-1.92090018106676,-1.88219090207167
4.35437627225079,7.72484872823368,20.3950942532185,-8.98898644447978,-0.578928205031718,-2.07972482093201,-1.95447517036643
3.88210040715875,7.00669808264388,19.7156835662325,-9.53495540654758,-0.649785439658626,-2.24487484615959,-2.02268195554881
3.39125757599992,6.26903119050033,19.0259736361725,-10.0376897424124,-0.700451424368778,-2.40881634228228,-2.08576679183834
2.88568136323989,5.51872753731758,18.3346124506483,-10.488936745812,-0.718382354417749,-2.56235705347817,-2.14248213791872
2.37072768217613,4.76467513444631,17.6518481860217,-10.8804719252991,-0.690362177170395,-2.69496649759432,-2.19142785419918
1.85322094042337,4.01755892439777,16.9890403903725,-11.2048875305957,-0.603495371958706,-2.79540548279662,-2.23114639182067
1.34117330995864,3.28931958203835,16.3578509912293,-11.4565485277425,-0.44649095016725,-2.85266757928841,-2.26026119718722
0.843249125737698,2.59227247175821,15.7691734484005,-11.632553736719,-0.21105906107112,-2.85714050000094,-2.27764213885385
0.368013893819649,1.93797752990626,15.2319619284781,-11.7334753089742,0.106864694827546,-2.80179001598884,-2.28256627789455
-0.0769141127491455,1.33605522941594,14.7522005897784,-11.7636533333744,0.506383323744867,-2.68310300500718,-2.27483406548704
-0.485638387597641,0.793199036468662,14.3322561054935,-11.7309179368342,0.981618287406786,-2.50154869758359,-2.25480727058108
-0.854518388371385,0.312601124287122,13.9707647635407,-11.6457730313897,1.52243927336551,-2.26143856159651,-2.22335599338382
-1.18236452620797,-0.106108801415948,13.6630521618528,-11.5202330988959,2.11576135184498,-1.97023841786908,-2.18172927294991
-1.47029470222556,-0.466458545055174,13.4019390146194,-11.3665846420436,2.74708667757058,-1.63753162892944,-2.13138419329733
-1.7213386637245,-0.774419815074051,13.1787121334129,-11.1963204602825,3.40195676590984,-1.27388954667639,-2.07381365702056
-1.93991628270499,-1.03758038831841,12.9840512119711,-11.0193977579173,4.0670785497832,-0.889868931461097,-2.01040396150244
-2.13130763356057,-1.26436624027573,12.8087714048414,-10.8438571878782,4.73102663781755,-0.495265231907724,-1.94233746575584
-2.30119550928852,-1.46341360172995,12.6443250966242,-10.6757547399786,5.38454276759153,-0.0986554359812022,-1.87054101489071
-2.45531783376054,-1.64312627166858,12.4830716378165,-10.5193180866229,6.02052144644811,0.292803135300546,-1.79567177778731
-2.59923332026733,-1.81140733951587,12.3183599993507,-10.3772360412965,6.63379008382677,0.673383429826948,-1.71812907913575
-2.73818340155148,-1.97553024177138,12.1444805085821,-10.2510074624279,7.22078011241039,1.0386780702895,-1.63808177905376
-2.87702490454049,-2.14210661748005,11.9565380411265,-10.1412993725963,7.77916111903027,1.38542592840831,-1.55550353767393
-3.02020688077687,-2.31711049598734,11.7502893986016,-10.0482843984074,8.30748533207579,1.71131827825542,-1.47021130524093
-3.17176762109753,-2.50592424999523,11.5219778213427,-9.97194134651766,8.80487079033208,2.0148119936559,-1.38190478134055
-3.33533185485814,-2.71337831000093,11.2681901510381,-9.91230963606872,9.27073944520589,2.29496567576657,-1.29020613370188
-3.5140925666983,-2.94376286812501,10.9857572556385,-9.86968979010666,9.70462022324237,2.55130662377034,-1.19469998981927
-3.71076685939628,-3.20079613788367,10.6717147655042,-9.84478027282342,10.1060245996379,2.78373148352235,-1.09497375523269
-3.92752142758472,-3.48754131302281,10.3233370388004,-9.83873802805178,10.4744010880636,2.99244026073466,-0.990657843532659
-4.16587101121689,-3.80627430448492,9.93825051731614,-9.8531488297135,10.8091728392752,3.1779012813835,-0.881464617094668
-4.42656259051677,-4.15831698942573,9.51462165191048,-9.88989675521569,11.1098571767646,3.34084294073776,-0.767223952832075
-4.70946793160499,-4.54386498132973,9.05139914570469,-9.95093194054335,11.3762562320515,3.48226630688199,-0.647912621551594
-5.01351500718483,-4.96185184070802,8.54857233640091,-10.0379527403867,11.6086943637468,3.60347076526938,-0.523674369052831
-5.33669157488732,-5.40989866235857,8.00739161611577,-10.1520401083557,11.8082634787477,3.70608319682024,-0.394827930752814
-5.67614885461732,-5.88439440983028,7.43048905511139,-10.2933027743231,11.9770264394139,3.79208023820675,-0.261861286236269
-6.02841874730412,-6.38073563128314,6.82184350444748,-10.4606039457302,12.1181267363112,3.86379359772792,-0.125412155635211
-6.38973649818294,-6.89372592589054,6.18655652461629,-10.6514370261272,12.2357630104732,3.92389052474113,0.0137632600277021
-6.75643745041713,-7.41810221251647,5.53043994982647,-10.8619968654214,12.3350091971643,3.9753250923883,0.15482943529156
-7.12537845515499,-7.94912601671681,4.85945381541946,-11.087458485969,12.4214897048693,4.02126005709141,0.296913437913068
-7.49432727672877,-8.48316248487185,4.17906358832552,-11.3224366884026,12.5009457823375,4.064962447256,0.439144056850983
-7.86226900062747,-9.01817208722682,3.49359943097063,-11.561568711854,12.5787462090993,4.1096776392358,0.580683070315334
-8.229594605926,-9.55405819201318,2.80569489052609,-11.8001463642319,12.6593985749838,4.15848608487072,0.720744766931187
-8.59815783096419,-10.0928409073261,2.11586198195641,-12.0347257327208,12.7461077825364,4.21414449292504,0.858601400049745
-8.9712057173161,-10.6386547237094,1.42223273162092,-12.2636575014101,12.8404113595459,4.27891027992774,0.993573898980328
-9.35320070630083,-11.1975867472583,0.720473384560909,-12.4875010089001,12.9419038281893,4.35434601615968,1.1250086966463
-9.7495556840239,-11.7773794778789,0.00386379714059615,-12.7093019982184,13.0480511021163,4.44110100128015,1.25224294720713
-10.1662988189704,-12.3870173001056,-0.736466091174694,-12.9347214004958,13.154094565711,4.53867149199968,1.37456183692432
-10.6096758690638,-13.0362032126659,-1.51114028253712,-13.1719982691294,13.2530538362231,4.64515064404337,1.49115334139845
-11.0856890834152,-13.7347190093924,-2.33196345695801,-13.4317166708162,13.3358545691861,4.75699438854246,1.60106778142505
-11.5995699550155,-14.4916572707157,-3.21114249714856,-13.726331406318,13.3916267953398,4.86884910071537,1.70319172096364
-12.1551935839642,-15.3145266091347,-4.16028238206436,-14.0694030603002,13.4082302072614,4.97350692592933,1.7962474560595
-12.7544683856776,-16.2082692526915,-5.18917277164033,-14.4745140194111,13.3730526692651,5.06206661479333,1.87882921623866
-13.3967734716183,-17.1742906653956,-6.3044519929892,-14.9538960253783,13.2740850180606,5.12436939428026,1.94948344482565
-14.0785550379612,-18.2096685288435,-7.50832742488756,-15.5168961797903,13.1011959310071,5.14973883068541,2.00683178704724
-14.7932109725616,-19.306750786597,-8.79761131326858,-16.1685180906898,12.8474313565911,5.12797824797085,2.0497223009971
-15.531366698307,-20.453331081737,-10.1633487550089,-16.9083487226793,12.5100832139635,5.05048588988375,2.07738079953546
-16.2815663791847,-21.6334837968666,-11.5912296380865,-17.7301634933599,12.0912619526518,4.91127434110438,2.08952672203468
-17.0312919948641,-22.828971728791,-13.0627931540568,-18.6223671449276,11.5977973652324,4.70766949325793,2.0864224214546
-17.7681242846329,-24.0209734002232,-14.5572164037815,-19.5692123541704,11.0404621688403,4.44053485311129,2.06884178113932
-18.4808210592238,-25.1917908739586,-16.0533231414949,-20.5525311182289,10.4326943756789,4.11399569886543,2.03796700289196
-19.160126946764,-26.3262305803493,-17.531422529167,-21.5536053947362,9.78910832169105,3.73476834069477,1.9952409388941
-19.7992209985295,-27.4124746515676,-18.9746887236422,-22.5548277973301,9.12409052538766,3.31127880066224,1.94220909197632
-20.393809321991,-28.4424132223235,-20.3699575394455,-23.5409259324834,8.45069320200132,2.85276221287192,1.88037997650424
-20.9419409249272,-29.4115271611551,-21.7079702537055,-24.4996753929362,7.77991874765353,2.36848589205171,1.81112021721123
-21.4436524786541,-30.3184674477591,-22.9831897467999,-25.4221470607641,7.12038425752188,1.86716955597916,1.73558813204329
-21.9005397841176,-31.1644781074391,-24.1933437974103,-26.3025990859814,6.47829224975341,1.35661489135975,1.65470082508965
-22.3153274517689,-31.9527775864547,-25.3388337522437,-27.1381380955642,5.85761251540377,0.843517352796763,1.56912602030819
-22.6914788290353,-32.6879718853663,-26.4221094386444,-27.9282573145949,5.26038693220647,0.333415973747813,1.47928989039142
-23.032864133466,-33.3755362266874,-27.4470722421535,-28.6743305506922,4.68708883469083,-0.169264530026966,1.38539422113164
-23.3434888311395,-34.0213762829437,-28.4185375748969,-29.3791130591072,4.13699012331223,-0.661118441078814,1.28743893132877
-23.6272758943503,-34.6314651737779,-29.3417681997806,-30.0462789580468,3.60850704643419,-1.13964031522574,1.1852483468641
-23.8878929023344,-35.211546464105,-30.2220800229996,-30.6800113681501,3.09950773448495,-1.60310384398718,1.07850130731095
-24.1286162456588,-35.7668938383759,-31.0645196743232,-31.2846547904838,2.60757143531298,-2.05045215043366,0.966766070607646
-24.3522286181399,-36.3021230494476,-31.873616026976,-31.8644376524183,2.13019220003321,-2.48120803210624,0.849541130782124
-24.5609514302648,-36.8210595240059,-32.6532134012842,-32.4232744673896,1.66492001718586,-2.895408800991,0.726302579639741
-24.756419401211,-37.3266736306812,-33.4063997670904,-32.9646593042789,1.20943182810386,-3.29356744218939,0.596557632707117
-24.9397086499168,-37.8211024238557,-34.1355455360064,-33.4916625475403,0.761525556905549,-3.67665924031077,0.459902521569967
-25.111429675424,-38.3057777993264,-34.8424635052953,-34.0070379167886,0.319034598951443,-4.04613020346121,0.316081283603161
-25.2718902721709,-38.7816723490029,-35.5286846989398,-34.5134334263665,-0.120329685614693,-4.40392000829985,0.165040320432548
-25.4213191310702,-39.2496527825026,-36.1958168976625,-35.0136769380959,-0.559183023825721,-4.75248744864713,0.00697238303191554
-25.5601196508713,-39.7108973552448,-36.8459158819572,-35.5110763479073,-1.00067412144298,-5.09482058863566,-0.157656498840949
-25.6890999024793,-40.1672946700709,-37.4817629749334,-36.0096430525011,-1.44862183639586,-5.43440769509745,-0.328101992477439
-25.8096066331337,-40.6217084949158,-38.106919999207,-36.5141258178656,-1.90749805462964,-5.77513978135111,-0.503359309784749
-25.9234872641741,-41.0779807951529,-38.7254373085499,-37.0297411764995,-2.3821689037571,-6.12111254852007,-0.682198918266504
-26.0328190864969,-41.5405622274136,-39.3411276116932,-37.5615111200358,-2.87732299318043,-6.47629542908652,-0.863208139632632
-26.1393776730608,-42.0137049018049,-39.9563819453701,-38.1131654825812,-3.39654691418121,-6.84403842619839,-1.04482066672087
-26.2438594724847,-42.5002156635961,-40.5705808161022,-38.6856256324704,-3.94104947248721,-7.22639410377508,-1.22531335143831
-26.3449192167511,-42.9998380087461,-41.1782337222835,-39.2751526727397,-4.50808548074941,-7.62324626549059,-1.40275240617865
-26.4381317503507,-43.5074080793335,-41.7670717358613,-39.8713282129161,-5.08919918740571,-8.03126920697348,-1.57488128862263
-26.5150519511913,-44.0110358752759,-42.316447687458,-40.4551693143373,-5.66852453656868,-8.4428108873947,-1.73896200506303
-26.5626402019886,-44.4907272032801,-42.7965921550713,-40.9978937598625,-6.22157437096365,-8.84492106114734,-1.89161224661573
-26.5634358693309,-44.9180841183625,-43.169499942269,-41.4611295877496,-6.71521138822286,-9.21893127839672,-2.02872096897211
-26.4969253195302,-45.2578982487168,-43.3923150340726,-41.7995512040483,-7.10969090572604,-9.54116967902892,-2.14556084830359
-26.3424060195011,-45.4723200479015,-43.4237103793014,-41.9666815547593,-7.36349802002531,-9.78537772716435,-2.23721217822523
-26.0831268381215,-45.5275213143417,-43.2326086911922,-41.923544213399,-7.44081506864297,-9.92694066387623,-2.29932160086624
-25.7106481717663,-45.4013636816768,-42.8068680815073,-41.6480625995293,-7.31988025657626,-9.94809141302244,-2.32903162308944
-25.2277279411038,-45.0893069310424,-42.1583967578106,-41.1416429102909,-6.99913114892159,-9.84227482271249,-2.32573041447573
-24.6483171001967,-44.6058992159201,-41.3220000878293,-40.4298044384581,-6.49826941991436,-9.6157581188787,-2.29126283230051
-23.9945549373607,-43.9811298622251,-40.3481468198971,-39.5563931181229,-5.85364604389752,-9.28576710881717,-2.22948873227453
-23.2920977695015,-43.2534164430382,-39.2927596990777,-38.5740194220629,-5.11012969909086,-8.87614353655338,-2.14540846420077
-22.5656205433677,-42.4621746799355,-38.2079207191638,-37.5345759519428,-4.31280851076122,-8.41245331543297,-2.04423886236904
-21.835744710744,-41.6422519633992,-37.1359235718993,-36.4825684622438,-3.50099553818701,-7.91814969375573,-1.93073598641013
-21.1176772733984,-40.8209982214768,-36.107016146885,-35.451976609364,-2.70526804307241,-7.41241916373703,-1.80885883385766
-20.4211818167117,-40.0175749325842,-35.1398553797135,-34.4659231387104,-1.94698131389529,-6.90952052172161,-1.68171247663159
-19.7513124317737,-39.2436662502528,-34.2434027723853,-33.5379819324988,-1.23926239774691,-6.41908896757078,-1.55165400831488
-19.1094454483856,-38.5048376368097,-33.4192818492896,-32.6741447946872,-0.588625931166618,-5.94690115916567,-1.42045936821877
-18.4943268419887,-37.802048103821,-32.6640371622412,-31.8748433097921,0.00332767695593694,-5.49576079268115,-1.28948696430982
-17.9030012687386,-37.1330587933551,-31.9710531251381,-31.1367374921049,0.538395761448503,-5.066324363352,-1.15980786506473
-17.3315765116326,-36.4936324489799,-31.3320715343705,-30.4541752406864,1.02053039492396,-4.65779487592409,-1.03229441587783
-16.7758185742547,-35.8784963659118,-30.7383268809484,-29.8203197846512,1.45487490910591,-4.26846972622689,-0.907670992850646
-16.2315884716625,-35.2820748270104,-30.1813451194145,-29.2279776373833,1.84705237359451,-3.89615469010294,-0.786535816678049
-15.695137103765,-34.6990098470936,-29.6534566315718,-28.670168742046,2.2026695222133,-3.53846424884519,-0.669364133633211
-15.163277302939,-34.1244950254233,-29.1480738948839,-28.1404811658559,2.52699944208617,-3.19302913001888,-0.556502328227063
-14.6334547283528,-33.5544518882183,-28.6597841009864,-27.6332520820002,2.82480796223113,-2.85763000550636,-0.448160638911757
-14.1037413827998,-32.9855818065944,-28.1843063879354,-27.1436161091409,3.10029032085713,-2.53027386078465,-0.344409744555299
-13.5727760157229,-32.4153281246686,-27.7183606706696,-26.6674603475261,3.35708676024849,-2.20922723877962,-0.245184066238211
-13.0396738854506,-31.8417815500421,-27.2594892874956,-26.2013216901791,3.59834891824231,-1.89301841433286,-0.150292553120502
-12.5039244274633,-31.2635571160359,-26.8058641317952,-25.7422560401716,3.82683344134535,-1.58041850468648,-0.0594362036070546
-11.9652901864508,-30.6796642018822,-26.356102057013,-25.2877017600212,4.04500470827199,-1.27040957313506,0.0277693356873371
-11.4237149905185,-30.0893836311665,-25.9091017957579,-24.8353521856252,4.25513415208637,-0.962146000101636,0.111768129242385
-10.8792447016798,-29.4921591146361,-25.4639077754295,-24.3830454616931,4.45938865173687,-0.654913861180938,0.193037299855376
-10.3319605147942,-28.8875051528037,-25.0196007530806,-23.9286750073395,4.65990433146862,-0.348091818786159,0.272061156178151
-9.78192281814471,-28.2749302401389,-24.5752121427683,-23.4701207759273,4.8588446744718,-0.0411161074587696,0.349307548998752
-9.22912292152751,-27.6538727100788,-24.1296578904643,-23.0051999779262,5.05844321883903,0.266548460736779,0.425207533453509
-8.6734401775041,-27.0236464192179,-23.681688140875,-22.5316356753123,5.2610315141339,0.575429985406747,0.500139054289977
-8.11460281768932,-26.3833942223138,-23.2298501245786,-22.0470421697582,5.46905279867385,0.886062271539232,0.574415032509887
-7.55215187442211,-25.7320483654714,-22.7724631303519,-21.5489269414653,5.68506131569678,1.19898794736592,0.64827590974624
-6.98540862087789,-25.0682981862445,-22.3076057603732,-21.0347097313895,5.91170657440726,1.51475109549384,0.72188639544345
-6.41344687372831,-24.3905666121946,-21.8331166755238,-20.5017599824859,6.1517013489116,1.83387874429452,0.795335861012594
-5.83507217070695,-23.6969977522507,-21.346610634469,-19.947454163999,6.40777187393487,2.15685072391665,0.868641543286751
-5.24881025689116,-22.9854583938047,-20.8455118859466,-19.3692545425418,6.68258855566386,2.48405755253209,0.94175347614445
-4.65290753095177,-22.2535564925244,-20.3271069861686,-18.7648107924054,6.97867551755277,2.81574618771044,1.01455988810506
-4.04534622770828,-21.4986799322122,-19.7886190712899,-18.1320855739135,7.29829739701079,3.15195368259139,1.08689171250348
-3.42387726787418,-20.7180590441945,-19.2273056195388,-17.4695048497723,7.6433219793307,3.49242908940234,1.15852487857699
-2.78607402008039,-19.9088567617676,-18.64058187925,-16.7761331909749,8.01505761994195,3.83654448980447,1.22917921038234
-2.12941073026942,-19.0682907646467,-18.0261722380782,-16.0518732796443,8.41406523480725,4.18319700967487,1.29851307594276
-1.45136999603275,-18.1937923591643,-17.3822915466238,-15.2976867193235,8.839946470754,4.53070540318694,1.36611343326617
-0.74958406944046,-17.2832065727426,-16.7078571012776,-14.5158292727281,9.29111326138713,4.87670762488531,1.43148165349549
-0.0220143309667682,-16.3350361183526,-16.002728704678,-13.7100868358325,9.76455026124246,5.21807007678705,1.49401651521257
0.732829001872838,-15.3487272464402,-15.2679678594706,-12.8859880883424,10.2555914591715,5.55082501302044,1.55299709187842
1.51563026089098,-14.3249865925135,-14.5060967544457,-12.0509558718555,10.7577457393411,5.87015939422538,1.60756984890429
2.32598786189241,-13.2661039482651,-13.7213232332243,-11.2143437950847,11.2626218286508,6.17048471000569,1.65674590181276
3.16213748942367,-12.176236937474,-12.9196813342528,-10.3872921444758,11.7600166955856,6.44561977762538,1.69941553567535
4.02072392847003,-11.0615933956753,-12.1090233728556,-9.58233625142593,12.2382351904887,6.68911259260987,1.73438686342497
4.89668202485041,-9.9304337335791,-11.2987976762064,-8.812721783124,12.6846920552671,6.89470804268562,1.76045283790459
5.78329203354289,-8.79282021124431,-10.4995662787394,-8.09143328217746,13.086801403727,7.05693361602181,1.77648500383512
6.67245882295391,-7.66007366601578,-9.72226544461945,-7.43002243976188,13.4330837850144,7.17173022108819,1.78154388518835
7.55522295508428,-6.54396259310909,-8.97728311700404,-6.83741062102897,13.7143345600504,7.23701475291471,1.77498719511169
8.42245132555983,-5.45572954767003,-8.27349899172929,-6.31889868422806,13.9246344417161,7.25304639580332,1.75655219154857
9.26559661590688,-4.40512446381619,-7.61747183476556,-5.87560801674692,14.0619815457438,7.22249637588742,1.72639120707386
10.077385033976,-3.39963068594745,-7.01293913362757,-5.50448691348993,14.1284004077309,7.15018924559075,1.68505029828846
10.852307456976,-2.44402373333298,-6.46071686598746,-5.19887403842502,14.129514539941,7.04256846851429,1.63339629223697
11.5868447715885,-1.54031260915541,-5.95898295147,-4.94947371322696,14.073701990264,6.9070049787849,1.57251077244257
12.2794289300894,-0.688017841382873,-5.50384019684304,-4.74552008960449,13.9710351443125,6.75108943454384,1.50357545814898
12.9301981872116,0.11532395560307,-5.09001349926794,-4.57590849637325,13.8322142103808,6.58202555562386,1.42777085946757
13.5406314868136,0.873557199906084,-4.71154509560035,-4.43013339105935,13.6676528918369,6.40619192876756,1.34620192456377
14.1131435693896,1.59131406372371,-4.36239264999951,-4.29895535736565,13.4867991536951,6.22888731331479,1.25985500824754
14.6507008451473,2.27350006495131,-4.03688399743244,-4.17479138127198,13.2977056527203,6.05423665076927,1.16958319920454
15.1564919103508,2.9248892678116,-3.73002214936701,-4.05186730909204,13.1068199271647,5.88521672706307,1.07611307488992
15.633664956384,3.54983179927247,-3.43765812299637,-3.92618905731375,12.9189453202661,5.72375822418066,0.980064903098485
16.0851306843987,4.15206112281943,-3.15655867484122,-3.7953882754104,12.7373227343754,5.57088795459642,0.881979081614906
16.5134231690973,4.73458344963433,-2.88439604043142,-3.65848852065357,12.5637917616138,5.42688535038688,0.782343170183072
16.9206100387264,5.29963267581636,-2.619682370684,-3.51562682679893,12.3990004620364,5.29143693919323,0.681615555412534
17.3082447515893,5.84867759448605,-2.36166635486018,-3.36775666757833,12.2426419874171,5.16377987568781,0.580243297782601
17.6773556520819,6.38247133373368,-2.11020547247564,-3.21635276678721,12.093701922705,5.04283034892847,0.478672972985047
18.0284676140229,6.9011347547178,-1.86562496434263,-3.06313524227313,11.9507028779191,4.92729530252223,0.37735436015845
18.3616519980447,7.40426571378679,-1.62857360060744,-2.90982866634186,11.8119337381826,4.81576710722545,0.276737676606295
18.6765995299253,7.89106517137703,-1.39988584867994,-2.75796924083021,11.6756515363306,4.70680129473565,0.177265706682471
18.9727091118531,8.36046999938175,-1.18045926929535,-2.60876943206632,11.5402453593941,4.59897770714499,0.0793625892876306
19.2491842895543,8.81128190613549,-0.971154339326442,-2.46304395224474,11.4043546880755,4.49094574799567,-0.0165788166204478
19.5051286860917,9.24228272908126,-0.7727212954097,-2.3211945791377,11.2669389549591,4.38145491154146,-0.11020917856365
19.7396325128211,9.65232855667843,-0.585755339701503,-2.18324517289426,11.1273001911939,4.26937235597047,-0.201233069221881
19.9518441632268,10.0404183560636,-0.410678247558019,-2.04891361407471,10.9850653717833,4.15368982144038,-0.289416466166502
20.1410234960427,10.4057363479834,-0.247741705232793,-1.91770510430184,10.8401385370857,4.03352253992833,-0.374590869789001
20.3065761510052,10.7476705735673,-0.0970460370876353,-1.78901155337082,10.6926343994444,3.90810286241524,-0.456653994549281
20.4480705924749,11.065812405161,0.0414324912528196,-1.66220421297598,10.5428048866978,3.77677114625805,-0.535567335850617
20.5652412163136,11.3599429353974,0.167812027549963,-1.53671048602506,10.3909683216826,3.63896607817861,-0.611351127671292
20.6579816589731,11.6300122836144,0.282278084706215,-1.41207000383115,10.2374483128123,3.49421615791447,-0.684077292415889
20.7263324877103,11.8761171381137,0.385062419297229,-1.28796882654436,10.0825265908463,3.34213363070025,-0.753860971689887
20.7704669425334,12.0984806539942,0.4764295901391,-1.16425348022175,9.92641150361356,3.18241180210431,-0.820851150097167
20.7906775802897,12.29743746892,0.556671640029398,-1.04092830488317,9.76922198496688,3.0148264204301,-0.885220776533256
20.7873657101714,12.4734252967696,0.626110402806824,-0.918140311928799,9.61098562830722,2.83924165148479,-0.947156672555294
20.7610346325771,12.6269834891396,0.685106364776045,-0.796155659146112,9.45164899312641,2.65562107153148,-1.00684941505038
20.7122868991249,12.7587581110555,0.734072729952211,-0.675331224121625,9.29109825485089,2.46404400057087,-1.06448329773676
20.6418251926231,12.8695124755419,0.773493250450798,-0.556083868787651,9.12918860815231,2.26472734325149,-1.12022642102479
20.5504559325007,12.9601416409105,0.803942379099714,-0.438859064701274,8.96578123695869,2.05805283731065,-1.17422093430414
20.4390943221346,13.0316890302386,0.826106290345217,-0.324099758280971,8.80078700160423,1.84459918084089,-1.22657346181938
20.3087692358,13.0853630218462,0.840803231716818,-0.212215808068556,8.63421611993352,1.6251778771787,-1.27734578618766
20.1606260680393,13.1225510385744,0.849001474382018,-0.103554085577992,8.46623291762546,1.40087076983847,-1.32654594602337
19.9959254345037,13.1448283210341,0.851832822602865,0.00163057601999861,8.29721410837538,1.17306613401546,-1.37412002956972
19.8160354391382,13.1539582296221,0.850599249430653,0.103202980976342,8.12780798828942,0.943488882969773,-1.41994511462522
19.6224151939372,13.1518806773594,0.846769826565303,0.201172407116415,7.95899041896635,0.714219048783508,-1.46382401084377
19.4165874551629,13.1406852629794,0.841964837145486,0.295712465200657,7.79211163373712,0.487691422686446,-1.50548267980071
19.2000987938716,13.1225660729766,0.837923990158285,0.387172824159066,7.62892602047849,0.26666844982671,-1.54457140087325
18.9744667397143,13.0997561537725,0.836456226510525,0.476078901155497,7.4715955601368,0.0541786631904508,-1.58067084440339
18.7411149532098,13.0744415553373,0.839369962887731,0.563115396567566,7.32265721091354,-0.146585304550227,-1.61330411694367
18.5012996471198,13.0486576921054,0.848384924247661,0.649090226927508,7.18494598758665,-0.332411265336451,-1.64195545515069
18.2560329931809,13.0241744122864,0.865029933449439,0.734877281895676,7.06146946651545,-0.500250635276032,-1.6660954975463
18.0060116655285,13.002380099382,0.890534785346086,0.821339588858204,6.95523616148978,-0.647428428219566,-1.68521197364771
17.7515602909236,12.9841784224631,0.925727854199405,0.909238588366206,6.86904901943367,-0.771860066082793,-1.6988433672963
17.4925996726421,12.9699128573657,0.970953275481712,0.9991394783069,6.80528448381323,-0.872248545294051,-1.7066119364996
17.2286476694323,12.9593327617518,1.02602130589633,1.09132574132661,6.76568459707068,-0.948233315132816,-1.70825179320162
16.9588565397195,12.9516101862336,1.09020216791405,1.18573675957251,6.75119180636438,-1.00046608847415,-1.70362790788484
16.6820850764437,12.9454093118739,1.16226759448075,1.28194007475194,6.76185185764915,-1.03059882843402,-1.69274303452556
16.3969982417256,12.9390020230195,1.24057668935742,1.37914456101923,6.79679975204689,-1.04118331159029,-1.67573145869569
16.1021826864039,12.9304157669045,1.32319554624093,1.47625377222114,6.85432967021619,-1.03549630610629,-1.65284066778304
15.7962645688506,12.917595380735,1.40803519851464,1.57195186305144,6.93203582690915,-1.01731559533975,-1.62440392749601
15.4780167740058,12.8985598907721,1.49299098992017,1.66480953650752,7.02700100496485,-0.990677158284265,-1.5908078499211
15.1464454375874,12.871538070941,1.57606832095324,1.75339546465713,7.13600510952178,-0.959642277411809,-1.55245917488201
14.8008496375084,12.8350715953642,1.65548394232422,1.83637959950012,7.25572754331913,-0.928096706049476,-1.50975430364563
14.4408521254245,12.7880803531615,1.72973710291756,1.91261795031114,7.38292292281852,-0.899594908151045,-1.4630539637033
14.0664023192797,12.7298896645888,1.79764961886041,1.98121261713125,7.51455736138784,-0.87725337689529,-1.41266413543687
13.6777550856745,12.6602229774647,1.8583774823782,2.0415450732446,7.64790014453646,-0.863689920816755,-1.35882332665281
13.2754301432705,12.5791659630136,1.91139868903344,2.09328416533671,7.78057178808654,-0.861001307804451,-1.30169559261568
12.8601573989702,12.4871089317723,1.9564826496546,2.13637271527426,7.91055369095659,-0.870769651622895,-1.24136838771253
12.4328134092986,12.3846744611154,1.99364620460264,2.17099793283135,8.03616699017974,-0.894087811061357,-1.17785433939655
11.9943536132949,12.2726363727906,2.02310027128197,2.1975512363148,8.1560292583067,-0.931595129776221,-1.11109625973971
11.5457440953805,12.1518349505016,2.0451899135689,2.21658275571656,8.26899788137109,-0.983516474136116,-1.04097504832141
11.0878955296479,12.0230918095162,2.06032950235696,2.22875501604324,8.37410879077271,-1.04969935156904,-0.967320488596894
10.6216008197437,11.8871264644787,2.06893404477874,2.2347993078102,8.47051898190903,-1.12964575705963,-0.889925184787134
10.1474772143741,11.7444759915901,2.07134816467526,2.23547727089845,8.55746106589799,-1.22253729115761,-0.808561909878506
9.66591394616396,11.595420007599,2.06777606106138,2.23154942125032,8.63421788877342,-1.3272540145833,-0.723004325925084
9.17702830998564,11.439916156824,2.05821921566099,2.22375185684873,8.70012477468439,-1.44238929704097,-0.633050349642826
8.68063661400454,11.277556274675,2.04243308720225,2.21278223633176,8.75460579592886,-1.5662641665212,-0.538546470237187
8.17625052531644,11.1075587424622,2.01991780947383,2.19929630130549,8.79724817001197,-1.69694477840302,-0.439410402198748
7.66311151836942,10.9288148820148,1.98995829658844,2.18391655365517,8.82791498312345,-1.8322651682028,-0.335649063157917
7.14027348622759,10.7400027753435,1.95172362821718,2.16725487041404,8.84689081297118,-1.9698546577723,-0.227369443500167
6.60673461187973,10.5397689873521,1.90442369684341,2.14995032109751,8.85504787086371,-2.10716629190471,-0.114781517165696
6.06160618654088,10.3269601722565,1.84750582017052,2.13272173964132,8.85401311914259,-2.24150115575194,0.00180563218232073
5.50429322815014,10.1008693429033,1.78086092059015,2.11643157636595,8.84631108500966,-2.37002456026104,0.121991797115744
4.93465505192909,9.86145300759991,1.70500319727414,2.10215384175707,8.83545458188029,-2.489773738645,0.245294903955445
4.35311613633097,9.60947888243277,1.62119095454974,2.09123588274752,8.82595771784197,-2.59766136303323,0.371159971890904
3.76070738419891,9.34657749610571,1.53146747158704,2.08534278955251,8.82325312232514,-2.6904828662187,0.49896823969738
3.15903127969626,9.07518940940895,1.43861542531187,2.08647529526927,8.83350791558705,-2.76493681987523,0.628048664704764
2.55015747197164,8.79841758537547,1.34603248594069,2.09695681197478,8.86334881411855,-2.8176661873711,0.757694537726535
1.93646536497421,8.51980809535703,1.2575466289049,2.11939125072258,8.91952252543896,-2.84532489141089,0.887186933897793
1.32045613597674,8.24309004876904,1.1771958889112,2.15659830886773,9.00852871643187,-2.84467019665286,1.01582441222911
0.704557802554873,7.97190668788005,1.10899787739911,2.21153495911049,9.13626512373826,-2.81267841507397,1.14295557507574
0.0909436307895684,7.70956421006694,1.0567293837368,2.28720997436604,9.30771594852071,-2.74668056169309,1.26800879813995
-0.518622763477156,7.4588145065936,1.02372700459762,2.38659298237667,9.52669738770887,-2.64451623100685,1.39051244737264
-1.1229109687022,7.22167541842668,1.01270846259506,2.5125124792407,9.79565322168272,-2.50470761375225,1.51009949832797
-1.7213193701103,6.99928076117734,1.025604112992,2.6675305278425,10.115475288246,-2.32665990096954,1.62649234736003
-2.31395129047093,6.79174530652414,1.0633817149268,2.85377716706269,10.4853136656598,-2.11089749873209,1.73946605275005
-2.90168097635918,6.59802901087661,1.12584652639495,3.07272583428489,10.9023422036577,-1.85934541597809,1.84879061186982
-3.48621466676264,6.41579078884822,1.21140412741683,3.32489317573599,11.3614574675297,-1.57565949877905,1.95415494263506
-4.07014317232849,6.2412352652977,1.31678610355078,3.6094541034955,11.854913729171,-1.2655949659481,2.05507737663399
-4.65696928882401,6.06897637554392,1.43676044257329,3.92377902721594,12.3719348108819,-0.937376668982359,2.1508105717193
-5.25107715736172,5.89196890601817,1.56388073571202,4.26292931824321,12.8983967014574,-0.601994388625843,2.24025378749004
-5.85759470755463,5.70158953355705,1.68836966398338,4.61919269129667,13.4167395465067,-0.273294883598663,2.32189272398722
-6.48209212858065,5.4879720669391,1.79827323263134,4.98179905035298,13.906327291074,0.032306536426697,2.39379496128353
-7.13007172697623,5.24069672573116,1.88003924072332,5.33701090777485,14.3444896929498,0.296685925838151,2.45369259952569
-7.80625179907596,4.94987317161438,1.91962949365531,5.66879079749288,14.7083971117332,0.501563234107257,2.49917494908894
-8.51373271329485,4.60752606653192,1.90413781890729,5.9601594691589,14.9776874436786,0.630676369050211,2.52798579454259
-9.25323239107066,4.20901729050178,1.82366661652012,6.19514805248761,15.1374148523707,0.672214813456923,2.53837409037858
-10.0226328719523,3.75410836798792,1.67300443383895,6.36097087589323,15.1805744262125,0.62088947487647,2.5294035630151
-10.8170291624192,3.24729122576231,1.45259157989897,6.44985245005728,15.109404768398,0.478975282084502,2.50111699864309
-11.6293108160726,2.69723522514354,1.16845181389646,6.45998685691641,14.9350103816657,0.255950367129623,2.45449389904861
-12.4511136248666,2.11551531228852,0.831134858499192,6.39540778860877,14.6754428822393,-0.033144154967748,2.39121857502303
-13.2738642974456,1.51501966554362,0.454050134576525,6.26493748158807,14.3528970206391,-0.370070060933531,2.31334392887766
-14.0896594876172,0.908466918971241,0.0516975680603444,6.08064244009556,13.9908414886239,-0.735797129223293,2.22295705335974
-14.8918349427838,0.307319308196897,-0.361802244461471,5.85625047030929,13.6117071490144,-1.1124294995035,2.1219256889545
-15.6752096429981,-0.278822275441804,-0.773691959042139,5.6058358178797,13.2353964734495,-1.48443559485367,2.01175713985579
-16.4360747408191,-0.842407860838114,-1.17308447811695,5.34288529457346,12.8785685021114,-1.83921977385183,1.89356165958799
-17.1720259573423,-1.37784792085595,-1.5511123512009,5.07971278484045,12.5544892932488,-2.16720693610694,1.76809236482689
-17.8817289942274,-1.88128093254375,-1.90086738096484,4.82712063902175,12.2732055423393,-2.461634645677,1.63583044718102
-18.5646834926281,-2.35030724107278,-2.21725740218799,4.59419884495521,12.0418424614107,-2.71821004716586,1.49708959140808
-19.2210265686784,-2.78375986926889,-2.4968672947019,4.38817963864742,11.864896396859,-2.93473399894454,1.35212046508524
-19.8513968943604,-3.18154856241507,-2.73786945132456,4.21430502505317,11.7444604685159,-3.11074625075482,1.20120192338282
-20.4568642204835,-3.54458450343264,-2.93999196131102,4.07570433865671,11.6803770843346,-3.24721138683566,1.04470991697434
-21.0389155889984,-3.87476941794021,-3.10452332438833,3.97331016720783,11.6703510172689,-3.34624570003199,0.883158903039713
-21.5994781153011,-4.17501510407652,-3.23431312656551,3.90585761596136,11.7100784407489,-3.41087719394079,0.717214623086276
-22.1409508856596,-4.4492504917068,-3.33372180865676,3.87001037169246,11.7934488872444,-3.44483079885703,0.547681411518207
-22.6662174423221,-4.70237576168119,-3.40848090443974,3.86063811544193,11.9128592930606,-3.45233477046985,0.37547090030429
-23.178616536181,-4.94013675274247,-3.46544556212585,3.87123990992861,12.0596481487173,-3.4379485391777,0.201560996388008
-23.6818607269067,-5.1689138564361,-3.5122472831028,3.89447747723682,12.224623814415,-3.40641432011841,0.0269537228142412
-24.1799062808619,-5.39544120858058,-3.55687828017779,3.9227607137227,12.3986354869557,-3.36253349037704,-0.147361732374528
-24.6767893982517,-5.62648777203435,-3.60725294051059,3.94882097532414,12.573125358344,-3.31106470845343,-0.320437491880975
-25.1764500681909,-5.86853808826038,-3.67079375630862,3.9662155279627,12.7406071570874,-3.25663571165266,-0.491386310928254
-25.6825648851694,-6.12750674551492,-3.75407994440833,3.96972484694598,12.8950352017636,-3.20365650460066,-0.659392319889583
-26.1984049553382,-6.40850935546406,-3.86258055102802,3.95562740367579,13.0320525800501,-3.1562193853836,-0.82371361781699
-26.7267266466108,-6.71569777340594,-4.00047478236249,3.92185879044917,13.149130445207,-3.11797118618953,-0.983676200272379
-27.2696938710072,-7.05215243305225,-4.17054516035462,3.86807906558465,13.245627449693,-3.09194495311333,-1.13865781024234
-27.8288230967885,-7.41981352651071,-4.37411772912669,3.79568060367672,13.3228054324669,-3.08034186562725,-1.28806015666689
-28.4049381154827,-7.81942792795344,-4.61102062777255,3.70776631270911,13.3838328039744,-3.08425993450147,-1.43126887602731
-28.9981217752285,-8.25049156592665,-4.87953904725462,3.60911443128598,13.4337906368994,-3.10337517218446,-1.56760260328655
-29.6076567480072,-8.7111774551841,-5.17636040330012,3.50612306121372,13.4796701755538,-3.13559531390272,-1.69625539549539
-30.2319567114129,-9.19825682509387,-5.49652651971717,3.40669928687321,13.5303182704431,-3.17672732348653,-1.8162403253439
-30.8685023059066,-9.70704268209143,-5.83343623183511,3.3200308545889,13.5962556563216,-3.22022750052799,-1.92634604279276
-31.513811033882,-10.231407850169,-6.17896621927441,3.25616263194247,13.6892723317234,-3.25713229528189,-2.02512173438244
-32.1634830361805,-10.76394594287,-6.52379047215314,3.22530827268995,13.8217094359442,-3.27628713309483,-2.11090749660397
-32.8123686995619,-11.2963427517433,-6.85796625312915,3.23687292055084,14.0053847626562,-3.26498021270805,-2.18192394266182
-33.4548909650052,-11.8199948243203,-7.1718041622193,3.29825073071382,14.2502186684312,-3.21002715451855,-2.2364240896502
-34.0855194673296,-12.326846085376,-7.4569508520449,3.41357582480266,14.5627541984411,-3.09923284050139,-2.27289182205641
-34.699340124159,-12.8103252568205,-7.70750812917008,3.5827020446472,14.9448895841616,-2.92300442570476,-2.29024937948999
-35.2926123208442,-13.266192822398,-7.92094014904456,3.80070344494368,15.3931781406697,-2.67576950632058,-2.28802185655492
-35.8631850404734,-13.6930918056061,-8.0985327124661,4.05808357418932,15.8989452896095,-2.35684321776889,-2.26641064185822
-36.4106720780063,-14.0926647753116,-8.24528066104583,4.34168076436251,16.449243039828,-1.97052172114045,-2.22625284710394
-36.9363568185434,-14.4692266009497,-8.36924745451089,4.63604794152791,17.0284085246797,-1.52540864297964,-2.16887987374812
-37.442875448509,-14.8291079777262,-8.48058507155043,4.92496906392608,17.6198368365771,-1.03319699191112,-2.09591766178906
-37.9337775340307,-15.179851909629,-8.59045973551796,5.19279363839865,18.2075806062642,-0.507236387259748,-2.00908097388486
-38.4130687313089,-15.5294367953309,-8.71009203256754,5.42539168928207,18.7775182894306,0.038809347682335,-1.91000400699465
-38.8848115326966,-15.8856391106369,-8.85002853225701,5.61067974632936,19.3180052306094,0.592019709948516,-1.80012936908431
-39.3528183910797,-16.2555751166799,-9.0196669725523,5.73878231260791,19.8200608553238,1.14092276189451,-1.68065809096728
-39.8204362933662,-16.6454041254735,-9.2269911615958,5.80194967356979,20.2772198581815,1.67587579581494,-1.55255106216016
-40.2904015984095,-17.0601466984212,-9.4784431285601,5.79435991995801,20.6851915377574,2.18919726867674,-1.41656758385143
-40.764738993455,-17.5035673225493,-9.77886169428448,5.71191034911388,21.041452310845,2.67513545380923,-1.2733269909423
-41.2446848294207,-17.9780849068265,-10.1314374528587,5.55206755498834,21.3448627836762,3.12974632835474,-1.12338147769376
-41.730628187983,-18.4846980835249,-10.5376648531884,5.31380557962549,21.5953646394151,3.5507314643749,-0.967290402516561
-42.2220782541154,-19.0229388818798,-10.9973054155357,4.99762149314316,21.7937784742056,3.93726449942308,-0.805687802401702
-42.7176792463527,-19.5908908827864,-11.5084049837522,4.6055812176518,21.9416926509224,4.2898161519734,-0.639335936847197
-43.2152995888952,-20.1853190285941,-12.0674241479372,4.14132146266906,22.0414067614128,4.60997434575209,-0.469159141816701
-43.7122165056549,-20.8019515073563,-12.6695368414138,3.60992483053066,22.0958750358132,4.90024844154215,-0.296254716525578
-44.2053999531322,-21.4359274914736,-13.3091240831902,3.017601647057,22.1085898583188,5.16384491420845,-0.12188106550643
-44.6918744848266,-22.0823831159931,-13.9804424295315,2.37115440588122,22.0833567915712,5.40440540284648,0.0525727265529371
-45.1691119867812,-22.7371040796415,-14.6783931166163,1.67725955660724,22.0239390890641,5.6257053213177,0.225628387810851
-45.6353911009033,-23.3971415044939,-15.3992756412854,0.94165948154923,21.933585158406,5.83131990564288,0.395761938121574
-46.0900568548718,-24.0612793628923,-16.141392987717,0.168396730812031,21.8144873746588,6.02427264827829,0.561440845744413
-46.5336270770817,-24.7302592060276,-16.9053895800115,-0.640768200219744,21.6672463798006,6.20668750107506,0.721149543684765
-46.9677161669311,-25.4067047402416,-17.6942415369642,-1.48663514788871,21.4904272655927,6.37947136421446,0.873402380383048
-47.3947748074157,-26.0947341708557,-18.5128701093482,-2.37246057443757,21.2802931141974,6.54205824234059,1.01674772749518
-47.8176707234667,-26.7992928850503,-19.3674023526981,-3.30344678247079,21.0307897859644,6.69225145153617,1.14977072973389
-48.2391581303811,-27.5252785232502,-20.2641524358107,-4.28585508101913,20.7338348242116,6.82620381483311,1.27110410260413
-48.6613019870852,-28.2765643268437,-21.2084415677331,-5.32583076964637,20.3799311349222,6.93857376270398,1.37945573332407
-49.0849372838206,-29.0550541916049,-22.2034134093788,-6.42808399488898,19.9590796902937,7.022882016717,1.47365820381677
-49.5092501916519,-29.8599187336428,-23.2490284472067,-7.59461953374899,19.4619055994238,7.07206487254381,1.5527389338321
-49.9315608907976,-30.6871550647858,-24.3414213211632,-8.8237348851567,18.88084864018,7.07917752199916,1.61600170439419
-50.347361286517,-31.5295726493257,-25.4727640507148,-10.1094890599203,18.2112237612679,7.03815471303549,1.66310336318172
-50.7506146521714,-32.3772318618586,-26.6316905487675,-11.4417708221832,17.4519541615926,6.94450415585532,1.69410662181253
-51.1342685757537,-33.2182662576313,-27.8042201062824,-12.806973362317,16.6058337960681,6.79580794254466,1.709493168287
-51.4908856871515,-34.0399348085083,-28.9750064788916,-14.1891473112826,15.6792781757001,6.59194518220342,1.71013042500169
-51.8132761306499,-34.8297079378305,-30.1286755673432,-15.5714032827724,14.6816384524135,6.33501395739443,1.69719690036779
-52.0950285198912,-35.5762056006095,-31.2510205582055,-16.9373040193266,13.6242420898464,6.02899850621435,1.67208063320987
-52.3308745611514,-36.2698664515165,-32.3298901660279,-18.2720286648882,12.5193560922954,5.67927418362804,1.63626935471281
-52.5168695576063,-36.9033064049048,-33.3557010517218,-19.5631812136216,11.3792445747758,5.29205638624225,1.59124916107533
-52.6504101461752,-37.4713938377293,-34.3215934620446,-20.8012131035456,10.2154323935365,4.87388385734638,1.53842272454955
-52.7301327294857,-37.9711103185148,-35.22330635237,-21.9795054833829,9.03821849444419,4.43119489345484,1.4790513260873
-52.7557410990427,-38.4012782244363,-36.0588698415361,-23.0941972212405,7.85642768456533,3.97002117992807,1.4142195927826
-52.7278048650071,-38.7622278416879,-36.8282068562534,-24.1438534107111,6.67735645448182,3.49579755701344,1.3448187560469
-52.6475581004083,-39.0554573748311,-37.5327149621172,-25.1290570927626,5.50685598901451,3.0132701058399,1.27154336893635
-52.5167151695099,-39.2833185075193,-38.1748745999389,-26.0519858090218,4.34949737990127,2.52647837802732,1.19489701645823
-52.3373107493304,-39.4487427812488,-38.7579079243684,-26.916012731819,3.20877351013228,2.03878740051015,1.11520382761379
-52.1115645874085,-39.5550120629361,-39.2854961067703,-27.7253539153828,2.0873040216499,1.55294831572085,1.03262395509463
-51.8417683066973,-39.6055696478089,-39.7615526557928,-28.4847701009583,0.987021179821521,1.07117100875494,0.94717227980499
-51.5301908699764,-39.6038661188518,-40.1900452280152,-29.1993232878002,-0.0906760688618482,0.595196584438112,0.858740285794017
-51.1790003032815,-39.5532347031574,-40.5748573752538,-29.8741840893627,-1.14480537722131,0.126361534287885,0.767121334798697
-50.7902010157431,-39.4567931851199,-40.919683423047,-30.5144846739407,-2.1747221825069,-0.334351264264058,0.672039514529125
-50.3655877418272,-39.3173722184444,-41.2279529837032,-31.1252128618837,-3.18007626155724,-0.786276882426902,0.573181933140309
-49.906717956976,-39.1374718681829,-41.5027851416939,-31.7111447071243,-4.16079939624472,-1.22904796012457,0.470233872204738
-49.4149038736952,-38.9192482398917,-41.7469746638073,-32.2768145470106,-5.11711890275667,-1.66258767606219,0.36291566897771
-48.891222438892,-38.6645292673787,-41.9630123040961,-32.8265219536588,-6.04959076650169,-2.08711242598989,0.251019648006135
-48.3365371205708,-38.3748527661439,-42.1531372379662,-33.3643731502346,-6.95914429198772,-2.50313890860624,0.134444942957619
-47.7515193019249,-38.0515111981402,-42.3194113988363,-33.8943494340125,-7.84712689491456,-2.91148860059795,0.0132277516137212
-47.1366511741129,-37.6955778664231,-42.463793746423,-34.4203868386032,-8.71533276397953,-3.31328078531801,-0.112435402278677
-46.4921881271657,-37.3078812000893,-42.5881795087469,-34.94644057801,-9.56599316140312,-3.70990345925609,-0.242173300518068
-45.8180589373332,-36.8888907556678,-42.6943588094626,-35.4764968319307,-10.4017004833071,-4.10294979997389,-0.375435303168619
-45.1136883199741,-36.4384837105028,-42.7838451616204,-36.0144862561908,-11.2252348564394,-4.49410681919359,-0.51149522492186
-44.3777392353243,-35.9555757025413,-42.8575307968123,-36.5640515269588,-12.0392631083867,-4.88498285116402,-0.649460570566
-43.6077907718483,-35.4376245155221,-42.9151445849632,-37.1281278279822,-12.8458870852048,-5.27686227073197,-0.788281736006789
-42.7999895539323,-34.88004722584,-42.9545191673809,-37.7083119399272,-13.6460326369229,-5.67038020039704,-0.926754410046241
-41.9487363877996,-34.2756284759825,-42.9707155151767,-38.3040233771066,-14.4386933406196,-6.06511845702325,-1.06350867467601
-41.0464939676827,-33.6140379992077,-42.9551048732135,-38.9115017367543,-15.2200765761216,-6.4591391387707,-1.19698105305051
-40.0838247725782,-32.8816185656559,-42.8945710987693,-39.522742352298,-15.9827480451335,-6.84849764095354,-1.32537170187086
-39.0497862973829,-32.0616464782459,-42.7710700518751,-40.124552183559,-16.7149377275453,-7.22681566913921,-1.44659836983246
-37.9328102934442,-31.1352885340479,-42.5618547540801,-40.6980069133869,-17.4002509125184,-7.58504544302214,-1.55827082663212
-36.7221470660995,-30.0834430157679,-42.2407064735012,-41.2186820973803,-18.0180958798954,-7.91160466337227,-1.6577209624713
-35.4098307338805,-28.8895000386768,-41.7804287461599,-41.658049496016,-18.5451345911967,-8.19307339398007,-1.74212757059893
-33.9929010344307,-27.5427458741995,-41.156577821303,-41.9862726962342,-18.9578988505651,-8.41556692377471,-1.80876063944994
-32.4753524051291,-26.0417123074651,-40.3519016263979,-42.1762276633316,-19.2363389408028,-8.5666949880437,-1.85533040225222
-30.8691196104787,-24.3964351814542,-39.3604011952261,-42.2079820572262,-19.3675660836423,-8.63772335805371,-1.88036883277354
-29.193538513196,-22.6286360764856,-38.1896688266041,-42.0724840854571,-19.3486841309308,-8.62531756903101,-1.88352562708219
-27.4732003834379,-20.7694416477184,-36.8605285132257,-41.7732281969932,-19.1877065916377,-8.53226638386626,-1.86566581673921
-25.7347424270185,-18.8551845906204,-35.4039622617779,-41.3253299845454,-18.9022053062335,-8.36692423244293,-1.82872481008633
-24.0035125396662,-16.9225488750161,-33.8563306043594,-40.7524288030096,-18.5162036856831,-8.14160595966786,-1.77537320959723
-22.3009794157158,-15.0044040243102,-32.2543778190057,-40.0825545739366,-18.0563913493163,-7.87051574320238,-1.70860861056755
-20.6433309580313,-13.127161912049,-30.6312627646786,-39.3441874167037,-17.5487285979594,-7.56782142378841,-1.63139212283185
-19.0412212057699,-11.309792115354,-29.0141856685604,-38.5633173731429,-17.0160771136054,-7.2462612380538,-1.54639930541405
-17.5003298274741,-9.56413390731908,-27.4235441009094,-37.7617487523156,-16.4769837599086,-6.91638384905033,-1.45589795620411
-16.0223353713991,-7.89597090458897,-25.8732018088432,-36.9564856780484,-15.9454050655713,-6.58632190184221,-1.36172725300789
-14.6059879364378,-6.3064004135431,-24.3713901578494,-36.1598656305955,-15.4310412438039,-6.26192139735093,-1.26533988657704
-13.2480936191128,-4.79318835339207,-22.9218589581369,-35.3801127687138,-14.9399788177944,-5.94705846178453,-1.16787281507749
-11.9443288581548,-3.35195134586398,-21.5250328890875,-34.6220657651465,-14.4754295856309,-5.64402138571132,-1.07022276870761
-10.6898688206467,-1.97711103949984,-20.1790469587589,-33.8879273507754,-14.0384419758983,-5.35388485926499,-0.973113017566404
-9.47984598691237,-0.662622122608572,-18.8806112930574,-33.1779545652508,-13.6285255825578,-5.07684060925125,-0.877145618506302
-8.30966572365599,0.597500700513061,-17.6256974397738,-32.4910544576413,-13.2441689643743,-4.81247204507625,-0.782838186272907
-7.17520586613591,1.80882533690267,-16.4100574995153,-31.825275164582,-12.8832511549007,-4.55997308584279,-0.690646876854518
-6.07292406947973,2.97628425362253,-15.2295944973474,-31.1781944985908,-12.5433561869354,-4.31831697297388,-0.600978479301722
-4.99989331219894,4.10406833602188,-14.0806045127011,-30.5472136050611,-12.222002939955,-4.08638268439362,-0.514194843976132
-3.95378346705909,5.19560767499048,-12.9599117116805,-29.929765727689,-11.9168031666576,-3.86304655309246,-0.430612683053751
-2.93280513453611,6.25361608603728,-11.8649177695444,-29.3234516012156,-11.6255603230875,-3.64724596610919,-0.350501286023308
-1.93563038855202,7.28017787795671,-10.793587154705,-28.7261140614077,-11.3463213776761,-3.43802110048089,-0.274080052165139
-0.961303225640126,8.27685763692873,-9.74438890426381,-28.1358650336217,-11.0773931220387,-3.23453973698967,-0.201517071722513
-0.00915015307912681,9.24481686598467,-8.716213580556,-27.5510779831195,-10.8173335595626,-3.03610934542674,-0.132929379918661
0.92130140751408,10.1849250742573,-7.70828105358052,-26.9703579486531,-10.5649275974324,-2.84217984952585,-0.0683850218396056
1.8303920866739,11.0978569680536,-6.72005100368993,-26.3924996191552,-10.3191546138835,-2.65233977234735,-0.00790672948525001
2.71838472568847,11.9841712515717,-5.75114406842914,-25.8164417234778,-10.0791536418795,-2.46630783415968,0.0485231796973775
3.58550369153727,12.8443697948631,-4.80127788340781,-25.2412236410619,-9.84419010939953,-2.28392154167402,0.100957145115748
4.4319608240352,13.6789383333952,-3.87021925422407,-24.6659479128025,-9.61362647588797,-2.10512387757246,0.149476394687754
5.25797036051005,14.4883713610233,-2.9577515192837,-24.0897504319032,-9.38689780541217,-1.92994886892425,0.194185049958585
6.06375550491403,15.2731845805665,-2.06365483739005,-23.5117786799606,-9.16349237890693,-1.7585065758366,0.235204602412777
6.84954921292894,16.0339183310187,-1.18769653177562,-22.931177397618,-8.94293683109895,-1.59096787499942,0.272668969957853
7.61559141895799,16.7711350698931,-0.329628576727268,-22.3470805680273,-8.72478498118346,-1.42754930490002,0.306720263111111
8.3621244591564,17.4854134120381,0.510810380426857,-21.7586083883106,-8.50860941531294,-1.26849816676022,0.337505324899653
9.08938795320623,18.177340579651,1.33389057506607,-21.1648679363693,-8.29399491548839,-1.11407802678704,0.365173057499532
9.79761397289226,18.847504525106,2.13988582424828,-20.5649564321433,-8.08053296079085,-0.964554732433139,0.389872511013434
10.4870229711627,19.4964864823105,2.92906842298709,-19.9579662301137,-7.8678166923953,-0.820183029891348,0.411751682739727
11.1578206911122,20.1248543284387,3.70170486431051,-19.3429909373124,-7.65543591316229,-0.68119385174463,0.430956956807221
11.8101961104362,20.7331568862029,4.45805268461176,-18.7191322809071,-7.44297186156072,-0.547782331085776,0.447633102082102
12.4443203908945,21.3219191561962,5.19835851156986,-18.0855075382973,-7.22999165041144,-0.420096592069406,0.461923739397068
13.0603467710284,21.8916384083811,5.92285725262954,-17.4412574760931,-7.0160423866415,-0.298227366718613,0.473972186113291
13.6584113489201,22.4427810643005,6.63177228946237,-16.7855548301706,-6.80064509161893,-0.182198494086974,0.483922586041414
14.2386347257419,22.975780331616,7.3253165151764,-16.1176133907946,-6.58328861971836,-0.0719583695636727,0.491921234785519
14.8011245228872,23.4910346186722,8.00369405686097,-15.4366977620138,-6.36342383590523,0.032627571613287,0.49811801451695
15.3459788065696,23.9889067974175,8.66710254009308,-14.7421338127786,-6.14045834784373,0.131783234044863,0.5026678564388
15.8732904834994,24.4697244482244,9.31573578289829,-14.0333197801178,-5.91375211365118,0.22582698276742,0.505732154491485
16.3831527316775,24.9337812488976,9.94978683335477,-13.3097378865098,-5.68261424618148,0.31517536434579,0.507480058648175
16.8756655206556,25.38133969308,10.5694512953477,-12.5709662255323,-5.4463013187359,0.400345273077537,0.508089580895937
17.3509432484733,25.812635326704,11.1749309171738,-11.8166905481177,-5.20401744073743,0.481954397358352,0.507748451338438
17.8091234783308,26.2278826731266,11.7664374470958,-11.0467154525192,-4.95491631430112,0.560719778950534,0.506654665791875
18.2503767005234,26.6272829797889,12.3441967888927,-10.2609743534246,-4.69810540406535,0.637454324566005,0.505016669965933
18.6749169875613,27.0110338762641,12.9084535246549,-9.45953749399728,-4.43265225621031,0.713061126647141,0.503053129343266
19.0830133481484,27.3793409729617,13.4594759044257,-8.64261717160585,-4.15759288708602,0.788525479453823,0.500992238234026
19.4750015346113,27.7324313694232,13.9975614372146,-7.81056929150788,-3.87194203432722,0.864904518252066,0.499070526821327
19.8512960285448,28.0705689911348,14.5230432563217,-6.96389035444003,-3.57470493056755,0.94331446351129,0.497531131779258
20.2124019216357,28.3940716328586,15.0362974684525,-6.10320903105192,-3.26489012947984,1.02491551714144,0.49662150444258
20.5589264332068,28.7033295702645,15.5377517332618,-5.22927158966388,-2.9415227988311,1.11089453184901,0.496590541015154
20.8915898579989,28.9988256072678,16.0278953521634,-4.34292062570813,-2.60365780748525,1.20244565413761,0.49768513204441
21.2112358126256,29.2811564554064,16.5072911700601,-3.44506679192282,-2.25039188691511,1.30074922218266,0.500146143578898
21.518840725653,29.5510553743417,16.9765895993805,-2.53665354056835,-1.88087415448017,1.40694927663857,0.504203859953031
21.8155225889742,29.8094160425152,17.4365450652875,-1.61861525562744,-1.49431435762112,1.52213011151151,0.510072938304523
22.1025489968373,30.0573176005912,17.8880351052693,-0.691829554971648,-1.08998833750123,1.64729234729553,0.517946946677852
22.381344481366,30.2960507743924,18.3320822712012,0.242935026644418,-0.667240424289923,1.78332905034942,0.527992581848354
22.653497000484,30.5271447879661,18.7698787932622,1.18507432974512,-0.225482750088932,1.93100244374077,0.540343686867207
22.9207632296244,30.7523945260735,19.2028137333148,2.13420476222809,0.235808205054269,2.09092176088439,0.555095212367777
23.1850719925941,30.9738870002431,19.6325020203291,3.09021790913477,0.717097159104633,2.26352278101798,0.572297286116907
23.4485247959171,31.1940256673444,20.0608143462947,4.05333070621928,1.21879662392655,2.44904955814077,0.591949569689666
23.7133920365698,31.415550562664,20.4899064087479,5.0241280046072,1.74127316446682,2.64753881302822,0.613996085298758
23.9821031096488,31.6415516194292,20.9222454531163,6.00359411147892,2.28485164501844,2.85880740394627,0.638320685808563
24.2572283971341,31.8754720047298,21.360631517382,6.99312975156821,2.84981558412257,3.08244322492625,0.664743312453408
24.5414510371316,32.1210978978054,21.8082102664034,7.99455088707634,3.43640165391241,3.31779980187195,0.693017135386911
24.8375265437843,32.3825310071473,22.2684739201127,9.01006600863846,4.04478642249548,3.56399477453301,0.722826603609017
25.1482287244567,32.6641402415008,22.745246530441,10.0422288873113,4.67506366551342,3.81991236492778,0.753786346284702
25.4762809724986,32.9704894294121,23.2426498528161,11.0938644009241,5.32721098555007,4.08420985724562,0.785440779025483
25.8242728760808,33.306238841418,23.7650463485415,12.1679659546704,6.00104509405022,4.35532807027528,0.817264193488211
26.1945630408246,33.6760193816886,24.3169564080092,13.2675641942088,6.69616592436098,4.63150579858977,0.848661066023003
26.5891701382376,34.0842798020218,24.9029478396281,14.3955682267874,7.41189078405716,4.910798268051,0.878966339025504
27.0096553168362,34.5351089908725,25.5274969677063,15.5545824095605,8.14718100352033,5.19109978595239,0.907445527290185
27.4570003128948,35.0320374112878,26.1948224493329,16.7467040015886,8.9005649972314,5.47017096145831,0.933294699916923
27.9314868685145,35.5778241260582,26.9086952176975,17.9733096316698,9.6700632742837,5.74567107403539,0.955640689424143
28.4325844330388,36.1742386296081,27.6722308801167,19.2348415935415,10.4531225997677,6.01519628226518,0.973542268113178
28.9588545463244,36.8218498944016,28.4876744619021,20.5306082865105,11.2465679822948,6.27632425124133,0.985993465245797
29.5078815927701,37.5198384224189,29.3561914256134,21.8586162588157,12.0465820421313,6.52666526155641,0.99193060401067
30.0762403566803,38.2658500849201,30.2776828895806,23.2154534859218,12.8487210107019,6.76391878215827,0.990244910106472
30.6595102528788,39.0559119664152,31.2506458244969,24.5962434405239,13.6479743778788,6.98593273894117,0.979802555892413
31.2523434778837,39.8844288578575,32.2720992382437,25.9946857087509,14.4388704078453,7.19076039065739,0.959473636770171
31.8485887466749,40.7442726305011,33.3375929850328,27.4031899006648,15.2156220830752,7.37670715898978,0.928170752559132
32.4414637336882,41.6269645815251,34.4413055158714,28.8130950781027,15.9722981984913,7.54235766605021,0.884896622433872
33.0237587833573,42.5229335018526,35.5762205143961,30.2149483805892,16.7029942245305,7.68657256213425,0.828798675342712
33.5880445127005,43.4218129615462,36.7343524799193,31.5987982322167,17.4019704942427,7.80844651893391,0.759227153761498
34.1268505343697,44.3127262333649,37.9069735509303,32.9544461782514,18.0637252751162,7.90722374784486,0.675792329142956
34.6327856613839,45.1845038132295,39.0847859038363,34.2716043188736,18.6829806089915,7.9821755367801,0.578416225519795
35.098583872723,46.0257927152212,40.2579932478159,35.5399272991508,19.2545801080167,8.03245451772399,0.467374782851607
35.5170835306677,46.825049578996,41.4162544000357,36.7489276780291,19.773326734207,8.05695061341304,0.343327326293203
35.8811737629578,47.5704543794168,42.5485472758779,37.8878320246697,20.2338172512943,8.05418119601884,0.207331009648552
36.1837619391687,48.2498238372206,43.6430199027387,38.9454760958908,20.6303482066657,8.02225026348129,0.0608381711565512
36.4178200646361,48.8506257992233,44.6869377288097,39.9103527439545,20.9569665471504,7.95890646595074,-0.0943256421527018
36.5765501069782,49.3601835963382,45.6668357411111,40.7709027937596,21.2077117544165,7.86171697461059,-0.256005188345877
36.6536713453168,49.7661097366127,46.568941327308,41.516076868466,21.3770495244982,7.72835478176442,-0.421781563308429
36.6437886012618,50.0569342811369,47.3798573058636,42.1361116134949,21.4604424792074,7.55697458299481,-0.589058694732534
36.5427661474264,50.222821553633,48.0874088683693,42.62338671037,21.454959795859,7.34663218383651,-0.755163767595448
36.3480238713299,50.2562295601416,48.6814967273375,42.9731908394729,21.3598117456703,7.09768981426467,-0.917450697620251
36.0586951047192,50.1523779554312,49.1547877660291,43.184242429304,21.1767131289815,6.81214798000557,-1.07339366358482
35.6756302819479,49.9094483608283,49.5031187402942,43.2588771984121,20.9100229096023,6.49385274519788,-1.22065941125426
35.201277737942,49.5285196600841,49.7255680620184,43.2029000895885,20.5666565603802,6.14854136832977,-1.35715254303667
34.6395027670464,49.0133072591621,49.8242317320942,43.0251692531481,20.1558030682405,5.78370408770865,-1.48103557216256
33.9954081111291,48.3698051076033,49.8037926108838,42.737011351171,19.6884905623077,5.40825331786691,-1.59073245202955
33.2751958664993,47.6059177435666,49.6709854995935,42.3515591627958,19.1770373363951,5.03200552654158,-1.68492810801183
32.4860746411683,46.731129690013,49.4340411275346,41.8830706968705,18.6344124719619,4.66500020362398,-1.76257584145279
31.6361821111448,45.7562127292644,49.1021581874596,41.346256478782,18.0735270720174,4.3167077861512,-1.82291946443636
30.734474880646,44.6929381732028,48.6850224454942,40.7556257420442,17.5064907845662,3.99521155133123,-1.86552919287918
29.7905414394526,43.5537532245628,48.192376647934,40.1248679636688,16.9438947623248,3.70647696967653,-1.89034227460142
28.8143186647818,42.3513986909136,47.6336455412737,39.4663057716333,16.3942072545417,3.45383061040741,-1.89769405514612
27.8157281864914,41.0984794534184,47.0176295898478,38.7904729238695,15.8633741124994,3.23774713571353,-1.88832498129595
26.8042815076151,39.8070324812035,46.3522884975524,38.1058718198305,15.3546927786383,3.05598686970965,-1.86335432681693
25.7887184553149,38.4881537828017,45.644633244737,37.4189427599134,14.8689780402878,2.90405312671917,-1.82422022274155
24.7767364288202,37.151738147045,44.9007315269078,36.7342384107326,14.4049779514958,2.77587294167564,-1.77259433960479
23.7748424709883,35.8063582584509,44.12581139459,36.0547567073451,13.9599507024676,2.66456918521273,-1.71028498493723
22.7883281783786,34.4592755518289,43.3244298176145,35.382358722568,13.5302930773683,2.56319457298824,-1.63914298847942
21.821341269117,33.1165476602609,42.5006635169325,34.718192407495,13.1121206817417,2.46533118872751,-1.56098134313877
20.8770145600726,31.783184623087,41.6582809653707,34.0630567106834,12.7017302315629,2.36550600593526,-1.47751429990639
19.9576137446252,30.4633088011221,40.8008649631803,33.4176654867533,12.2959113663805,2.25941694032047,-1.39031664919521
19.0646754196257,29.1602868350049,39.9318702669676,32.7827976317745,11.8921083423965,2.14399509623807,-1.30080054858054
18.1991205917093,27.8768195186645,39.0546161988954,32.1593424737171,11.4884546502762,2.01734454738275,-1.2102057488957
17.361341544148,26.6149914834054,38.1722267415934,31.5482643253866,11.0837150679081,1.87860382116907,-1.11959900762702
16.551268694082,25.3762937486631,37.287538695615,30.950516942099,10.6771719186107,1.727767864617,-1.02987921996238
15.7684280776924,24.1616373267052,36.4030016329494,30.3669387272423,10.2684884070557,1.56550005578984,-0.941785791955562
15.0119998514296,22.9713755594176,35.520591978581,29.7981547796608,9.8575746826953,1.39295396978171,-0.855908685332382
14.2808849666123,21.8053481550272,34.6417586028443,29.2445043108845,9.44447393471101,1.21161597974907,-0.77269924231643
13.5737824858371,20.6629528541784,33.7674101466303,28.7060034012683,9.02927784440429,1.02317320236987,-0.692481345125921
12.8892752687756,19.5432431506545,32.8979463325631,28.1823449501287,8.61207399367755,0.829406924154078,-0.61546272906636
12.2259181051273,18.4450441845223,32.0333281934821,27.6729311451817,8.19292281655553,0.632109212942808,-0.541746412117438
11.5823204739016,17.3670749184071,31.1731765821702,27.1769294573143,7.77185848548116,0.433019465614835,-0.471342271032962
10.9572161495,16.3080635064649,30.3168852380722,26.6933412696706,7.34890661092218,0.233777649396008,-0.404178809714519
10.3495135885982,15.2668442248166,29.4637342639481,26.2210725569366,6.92411149522778,0.0358914820629115,-0.340115142902849
9.75832383146321,14.2424277882644,28.6129917991332,25.7589980180951,6.49756652808243,-0.159284604415043,-0.278953167068863
9.18296579058386,13.2340413315347,27.7639952169119,25.3060129915968,6.06944272139176,-0.350560393044652,-0.220449822367917
8.62295159724498,12.2411387637291,26.9162074173433,24.8610706219525,5.64001199041796,-0.536912114464165,-0.164329279784884
8.07795664541832,11.2633857764124,26.0692478376528,24.4232044851828,5.20966330939095,-0.717477329162285,-0.11029483068899
7.54777990721276,10.3006260222747,25.2229009968395,23.9915388352535,4.7789111246198,-0.891543866869142,-0.0580402227828843
7.03230004957736,9.3528357838748,24.3771073698797,23.5652896546914,4.34839631388962,-1.0585343256345,-0.00726018145556792
6.53143211723856,8.42007406034467,23.5319421753947,23.1437599030084,3.91888054726584,-1.21798768644391,0.042340122539148
6.04508836687336,7.50243378486567,22.6875874246886,22.7263319225485,3.49123517066474,-1.36953956689067,0.0910368558137135
5.57314555495637,6.59999829059995,21.8443016924911,22.3124591784044,3.06642578099973,-1.5129025109894,0.139080697138766
5.11541981156377,5.71280551640733,21.0023908581848,21.901658600192,2.64549356307265,-1.64784750777903,0.186691485786087
4.67164930501245,4.84082103295524,20.1621818506357,21.4935039786045,2.22953428683641,-1.77418768168852,0.234054365773123
4.2414842349953,3.98391986726706,19.3240003340738,21.087620196315,1.81967566317645,-1.89176483175486,0.281317393871364
3.82448327746522,3.14187634825048,18.4881524530926,20.6836776515536,1.41705357675025,-2.00043924559792,0.328590531553435
3.42011538332527,2.31436073812743,17.6549102048082,20.2813860366116,1.02278757587063,-2.10008299483033,0.375945900988475
3.02776574884595,1.50094119450439,16.8244996928712,19.8804866222074,0.637955915175623,-2.19057673835389,0.423419152421656
2.64674479039693,0.701089571141541,15.9970914274849,19.4807423617425,0.263570422067736,-2.27180992208544,0.471011764820309
2.27629903320207,-0.0858103429056776,15.1727918944727,19.0819253932089,-0.0994485180728806,-2.34368416106428,0.518694082941928
1.91562294702508,-0.860453362388541,14.351635791212,18.6838018490246,-0.450296504373283,-2.40611951642037,0.566408882063403
1.56387091638473,-1.62360319563653,13.5335785620159,18.2861142261492,-0.788308764736191,-2.45906332562852,0.614075246384217
1.22016871128355,-2.3760831787714,12.7184891344296,17.8885618972934,-1.11298240989619,-2.502501204494,0.661592549392579
0.88362401381308,-3.11876786005223,11.9061430121931,17.4907806090252,-1.42399676258469,-2.53646980568719,0.708844334445915
0.553335746564542,-3.85257556687856,11.0962161061842,17.0923220103533,-1.72123121817957,-2.56107088953879,0.755701912551356
0.228402126267448,-4.57846184819186,10.2882798440188,16.6926343520647,-2.00478011839305,-2.57648623191584,0.802027521332275
-0.0920724791231962,-5.29741349805901,9.48179819978878,16.2910455203906,-2.2749641730023,-2.58299286199941,0.847676925034003
-0.408971690444235,-6.01044273886923,8.67612730798376,15.8867495053134,-2.53233803139921,-2.58097808317249,0.892501378273185
-0.723161972331529,-6.71858107908888,7.87051828393685,15.4787972834347,-2.77769366936157,-2.57095368118585,0.93634892455305
-1.03548788005233,-7.42287236084668,7.06412377815435,15.0660929408851,-3.01205930253516,-2.55356866322676,0.979065052049497
-1.34676737520434,-8.12436456727205,6.25600864872225,14.6473956799867,-3.23669355539541,-2.52961979714951,1.02049278015764
-1.65778692700272,-8.82410006692204,5.44516496175824,14.2213281697878,-3.45307460452595,-2.50005913774334,1.06047229811154
-1.96929619076083,-9.52310411775867,4.63053132069183,13.7863914988734,-3.66288398499172,-2.46599764303364,1.09884031689639
-2.28200216318431,-10.2223716427288,3.81101629277395,13.3409867857893,-3.86798472488915,-2.4287039196421,1.13542932546961
-2.59656284897738,-10.922852506021,2.98552543240033,12.8834432594222,-4.07039348194974,-2.38959711355504,1.1700669567583
-2.91358062991303,-11.6254357645915,2.15299110191034,12.4120523372066,-4.2722464362263,-2.35023301616993,1.20257566543255
-3.23359569658586,-12.330933630085,1.31240396458997,11.9251068856651,-4.47575887776327,-2.31228261946609,1.23277289484385
-3.557080071963,-13.040066136538,0.462844689770776,11.4209444494266,-4.68317874317118,-2.27750266030019,1.26047186346139
-3.88443290317877,-13.7534477303506,-0.396485901824351,10.8979927912217,-4.89673480093342,-2.24769815757965,1.28548303114577
-4.21597780515376,-14.4715771617254,-1.26624026068041,10.3548156596795,-5.11858074473902,-2.22467756416377,1.30761621832373
-4.55196307662512,-15.1948321007632,-2.14690321096211,9.79015634255046,-5.35073706353667,-2.21020188391058,1.32668325264565
-4.89256555690144,-15.9234698011012,-3.03877875377913,9.2029763658415,-5.59503313238465,-2.20592986858116,1.34250092136952
-5.23789873376012,-16.6576348555874,-3.94198626207762,8.59248673726801,-5.85305239738578,-2.21336209861128,1.35489392779867
-5.58802545480723,-17.3973746468888,-4.85646717896669,7.95816947272464,-6.12608370741101,-2.23378724362472,1.36369750365779
-5.94297524869128,-18.1426624999693,-5.78200253279458,7.29978778647641,-6.41508168502392,-2.26823397563262,1.36875932734838
-6.30276587387848,-18.8934278829268,-6.71824064929154,6.61738424175067,-6.72063850911975,-2.31743180024741,1.36994044945222
-6.66742832373106,-19.6495923422172,-7.66473348790747,5.91126723335115,-7.04296863537453,-2.38178346755651,1.36711502752736
-7.03703417865304,-20.411109291869,-8.62097918725803,5.18198726818121,-7.38190691830498,-2.46135069249706,1.36016881078299
-7.41172395044756,-21.1780053823116,-9.58646779202223,4.43030546768063,-7.73691948144007,-2.55585378860377,1.34899647275319
-7.79173492565001,-21.9504209787318,-10.5607268204234,3.6571573979675,-8.10712567984839,-2.66468466861185,1.33349804320979
-8.17742698002387,-22.7286472830538,-11.54336333579,2.86361565571284,-8.49132876562695,-2.78693166165295,1.31357481905749
-8.5693048793776,-23.5131577952611,-12.5340994687481,2.05085457704759,-8.88805249940889,-2.92141387166416,1.28912522322672
-8.96803566900292,-24.3046320743317,-13.5327988266388,1.22012002913515,-9.29558098120482,-3.06672242512131,1.26004112482438
-9.37445984693543,-25.1039700498721,-14.5394818299603,0.372706561550672,-9.71199935869624,-3.221265925803,1.22620513373833
-9.78959510855782,-25.91229544063,-15.5543286768206,-0.490056671791065,-10.1352337326959,-3.38331769362136,1.18748934698058
-10.2146315470025,-26.7309471375852,-16.5776693156743,-1.36681078458989,-10.5630893957602,-3.55106281500246,1.14375595977184
-10.6509173440761,-27.5614577659977,-17.609960524196,-2.25616341327544,-10.9932873918724,-3.72264356684669,1.09486006935955
-11.099934266477,-28.4055191444589,-18.6517510020306,-3.15667798033474,-11.4235001542812,-3.89620229559108,1.04065489699438
-11.5632627855472,-29.2649351192679,-19.7036363517444,-4.06685859902691,-11.8513875507378,-4.06992125898459,0.980999531944019
-12.0425374497054,-30.1415633524772,-20.7662069743188,-4.98513416396561,-12.2746349223294,-4.2420592157932,0.915769156029503
-12.5393943242789,-31.0372491609336,-21.8399932356369,-5.90984586578941,-12.6909945486226,-4.41098465365493,0.844867535086964
-13.0554138241189,-31.9537563182544,-22.9254135855603,-6.83924263851931,-13.0983312878645,-4.57520546087819,0.768241362882737
-13.5920639456611,-32.8927016182503,-24.0227323403342,-7.77148862320723,-13.4946718705721,-4.73339458166578,0.685895822985044
-14.1506504151308,-33.8555014808447,-25.1320341008518,-8.70468531239449,-13.8782554748927,-4.884410761757,0.597910515330578
-14.7322810958235,-34.8433392966249,-26.2532207139012,-9.63690840167169,-14.2475809274048,-5.0273129260225,0.50445471169657
-15.3378515231469,-35.8571608095708,-27.386033788334,-10.5662555114,-14.6014434854311,-5.16136608881978,0.405800805015664
-15.9680561013768,-36.8977010339326,-28.5301008406623,-11.4908962248139,-14.9389522029801,-5.28603607394592,0.302334852714542
-16.6234249993534,-37.9655397724313,-29.6849964366256,-12.4091111432171,-15.2595180157561,-5.4009698335108,0.194563324821786
-17.3043803912529,-39.0611743469908,-30.8503022569158,-13.3193031631253,-15.562803585624,-5.50595796624984,0.0831155680956303
-18.0112983141683,-40.1850890280572,-32.0256434809463,-14.2199633777087,-15.8486290409941,-5.60087630342055,-0.0312579447952337
-18.7445556697877,-41.3377930775567,-33.2106753680537,-15.1095771694686,-16.1168330794016,-5.68560431637212,-0.147690884728509
-19.5045377036461,-42.5197957153565,-34.4049953137184,-15.9864637764327,-16.3670959315427,-5.75991971830272,-0.265208604093466
-20.2915815228797,-43.7314889304447,-35.6079632836948,-16.8485545599238,-16.5987385175004,-5.82337109132745,-0.382736389400871
-21.1058370223791,-44.9729190142819,-36.8184274247109,-17.6931300112073,-16.8105195868417,-5.87513373701664,-0.499106996722322
-21.947038231433,-46.2434449526974,-38.0343707316146,-18.5165511473623,-17.0004587012851,-5.91385829857011,-0.613066712072392
-22.8141948473536,-47.5413051189482,-39.2525168687866,-19.3140349529089,-17.1657168327139,-5.93752704457238,-0.723280432454964
-23.7052339155705,-48.8631405367814,-40.4679556162985,-20.0795332302611,-17.3025673777968,-5.94333875650212,-0.828337970783026
-24.6166429171215,-50.2035500655189,-41.6738674034051,-20.8057767015244,-17.4064876225533,-5.9276490808499,-0.926765625871937
-25.5431843103229,-51.5547750018626,-42.861436866169,-21.4845377148943,-17.4723923744535,-5.88599708840061,-1.01704846689796
-26.4777627334521,-52.906620723101,-44.0200408320486,-22.1071414304472,-17.4950154428563,-5.81324759105211,-1.0976689995712
-27.411522679291,-54.2467117805978,-45.137769154126,-22.6652140400443,-17.4694192862171,-5.70386879903026,-1.1671661110269
-28.33422944771,-55.5611355754916,-46.2022825496287,-23.1515993060873,-17.3915798597743,-5.55234352696694,-1.22421397607772
-29.2349362647858,-56.8354558705282,-47.2019333029916,-23.5613120401741,-17.258959288963,-5.35368048806903,-1.26771435982962
-30.1028715333334,-58.0559818181389,-48.1269891502465,-23.8923495775329,-17.0709560993292,-5.10395747517,-1.29688913944897
-30.9284102817811,-59.2110879490701,-48.9707373044962,-24.1461745577103,-16.8291257269048,-4.80080328850379,-1.31135557971201
-31.7039495251198,-60.2923322423806,-49.7302362745508,-24.3277307727261,-16.5371010164185,-4.44372373485427,-1.31116751800252
-32.4245111321941,-61.2951409395445,-50.4065437323655,-24.4449528023889,-16.2002072451233,-4.0342051139781,-1.29681199054522
-33.0879528649233,-62.2189213707983,-51.004365606699,-24.5078488587946,-15.8248379894455,-3.57557938222903,-1.26916110037779
-33.6947600994983,-63.0665971098036,-51.5312044929404,-24.5273319179064,-15.4177105759876,-3.0726903198961,-1.22938918578569
-34.2474841379347,-63.8436854199978,-51.9961874008378,-24.5140142774079,-14.9851351854032,-2.53143925660235,-1.1788717396807
-34.7499577568732,-64.5571157509058,-52.408794757617,-24.4771590229165,-14.5324095670202,-1.95830065190809,-1.11908330508755
-35.2064407662888,-65.2140053545283,-52.777693602828,-24.42391738978,-14.0634062128571,-1.35988355415236,-1.05150763585454
-35.6208326121464,-65.8205750832659,-53.1098194575705,-24.3589034298382,-13.5803701308259,-0.7425856523081,-0.977567313853619
-35.9960506010975,-66.3813285276103,-53.4097805626657,-24.2840912517386,-13.0839074708529,-0.112355319959332,-0.898574323874587
-36.3336271608881,-66.8985532745778,-53.6795955622938,-24.198977218713,-12.5731238166654,0.525447027127977,-0.815699329629203
-36.6335383584454,-67.3721477299055,-53.9187303110868,-24.1009299535568,-12.0458642475915,1.16611022425564,-0.729955849425702
-36.8942436335244,-67.7997358900224,-54.1243719837624,-23.9856489736049,-11.4990103387396,1.80558166675425,-0.642195654269425
-37.1128944384469,-68.1770057416822,-54.291865768806,-23.8476614168994,-10.9287971124327,2.44044663621613,-0.553112670219139
-37.2856568444794,-68.4981932114489,-54.4152376153078,-23.6808004870041,-10.3311221900913,3.06789299167628,-0.463253733947819
-37.4080894513433,-68.7566312904044,-54.4877331254877,-23.4786257455792,-9.70182830540527,3.68566943594785,-0.373035282119314
-37.4755222275626,-68.9452917635451,-54.5023158559021,-23.2347623199149,-9.03694835449878,4.29203974353146,-0.282765310025954
-37.4833925865901,-69.0572626455239,-54.4520858233825,-22.9431519575219,-8.3329091480839,4.88573162969312,-0.192669795531853
-37.4275098000201,-69.0861250397484,-54.3305984599964,-22.5982223932674,-7.58669598411227,5.46587737764709,-0.102922452883188
-37.3042348418217,-69.0262148460919,-54.1320826967109,-22.1949915985838,-6.79598495232395,6.03194342745005,-0.0136763710774014
-37.1105773493079,-68.8727742308035,-53.8515719970288,-21.7291296998497,-5.9592533894221,6.58364717603325,0.0749040412191379
-36.8442226296809,-68.6220125239312,-53.4849724941405,-21.1970038003663,-5.07588097622899,7.1208605917305,0.162612277460269
-36.5035087692775,-68.271105304996,-53.0290976654681,-20.5957303148826,-4.14625450754082,7.64350149464738,0.249171282843725
-36.087377108669,-67.8181641691042,-52.4816998035081,-19.9232565941193,-3.17188825160122,8.15141437502859,0.334208070403032
-35.5953194852784,-67.2622091761413,-51.8415259726943,-19.1784892918107,-2.15556885880177,8.64424357546727,0.417231742549326
-35.0273436364232,-66.6031724100645,-51.1084209986546,-18.3614813117396,-1.10152864936108,9.12130288341135,0.497615023645629
-34.3839747124531,-65.8419552553591,-50.2834927019935,-17.4736819178335,-0.0156433743458226,9.58144748211275,0.574579476419642
-33.6663061222489,-64.9805539717269,-49.3693446956035,-16.5182448011003,1.09436021999988,10.0229571237093,0.647185047799447
-32.8761065582046,-64.0222573221307,-48.370368778545,-15.5003754868605,2.21871557462254,10.4434434113873,0.714325512628947
-32.0159813165372,-62.9719054968002,-47.2930714874051,-14.4276817528635,3.34549098987875,10.8397988371476,0.77473268948923
-31.0895742087896,-61.8361807412465,-46.146387739437,-13.3104693615679,4.46058853922421,11.2082095705325,0.82699373737582
-30.1017815152852,-60.6238779016572,-44.9419110506526,-12.1619037185926,5.54793876641767,11.5442557988032,0.869586892894802
-29.0589332882383,-59.3460813022344,-43.6939503891416,-10.9979431901811,6.58996047084607,11.8431196039057,0.900940892581231
-27.9688841832714,-58.0161605444702,-42.4193182311846,-9.83695267561436,7.56833045484788,12.0999076964434,0.91952114646321
-26.8409528416611,-56.6495027377255,-41.136774901342,-8.69893853791852,8.46505514653473,12.3100732830828,0.923940891834072
-25.6856632452988,-55.2629322731571,-39.8661092703944,-7.60441432617299,9.26375767816692,12.4698906486036,0.913088401694938
-24.5142772741228,-53.8738335946188,-38.6269217822425,-6.57300256475981,9.95100887225415,12.5769064856414,0.886253657226567
-23.3381597883881,-52.4990746075537,-37.4372706073422,-5.62197346025829,10.5174716814998,12.6302770659995,0.843232823146833
-22.1680697840805,-51.153899982236,-36.3124084323011,-4.76497597772451,10.9586305645526,12.6309120808487,0.784389510978646
-21.0135016127192,-49.8509917862957,-35.2638406595426,-4.0111967799456,11.2749550580549,12.5813866665701,0.710659338504699
-19.8821928953743,-48.599861131629,-34.2988643411504,-3.36508460944799,11.4714802531108,12.4856406416524,0.623496594117835
-18.7798712577756,-47.4066486849881,-33.4206252822016,-2.82663650189053,11.5569259295605,12.3485362231409,0.52477425143471
-17.7102486366231,-46.2743086512545,-32.6286070073092,-2.39211352996607,11.5425671628276,12.1753723458679,0.416656522786575
-16.6752151823592,-45.2030702801281,-31.9193855090206,-2.05498346122969,11.4410845271249,11.9714479860613,0.301464515485749
-15.6751534222972,-44.1910371059291,-31.2874675653813,-1.80688932624492,11.2655706705932,11.7417363922196,0.181551512082702
-14.7092916684489,-43.2347968519219,-30.726067427545,-1.63849773714169,11.0287860552715,11.490692836889,0.0591979464633326
-13.7760353794985,-42.3299561976911,-30.2277389319592,-1.54015519625152,10.7426766030529,11.2221850650974,-0.0634698560743571
-12.8732431135864,-41.4715622273157,-29.7848400009789,-1.50234520778271,10.4181125896754,10.9395157172343,-0.184537190218586
-11.9984386622127,-40.6544101262824,-29.3898475327244,-1.51597878394665,10.0647863053961,10.645500008906,-0.30233684740961
-11.1489671630384,-39.8732580790629,-29.035559178882,-1.57256514385378,9.69120834385599,10.3425658667739,-0.415466263090789
-10.3221097912691,-39.1229766497704,-28.715219414436,-1.66430561927049,9.30475715773174,10.0328524688144,-0.522789059135765
-9.51517145642283,-38.3986564356851,-28.4225986698299,-1.78414162998154,8.91175365034638,9.71829264688599,-0.623424191531204
-8.72555215089248,-37.6956902089649,-28.1520432832634,-1.92577465868921,8.51754618060778,9.40067253793781,-0.716725980457715
-7.95080800938314,-37.0098382199448,-27.8985049813274,-2.08366654072268,8.12659959243931,9.08166738166189,-0.802258283197888
-7.18870443817253,-36.3372799875288,-27.6575531544956,-2.25302311586822,7.74258552878129,8.76285563969048,-0.879765876969485
-6.43726142576473,-35.6746530751644,-27.4253709955041,-2.42976252378992,7.36847213850707,8.44571524438687,-0.949145710750043
-5.69479021849938,-35.0190785020518,-27.1987364667117,-2.61046965899789,7.00661105534309,8.13160644594714,-1.01042009629897
-4.95992047657519,-34.3681726776061,-26.9749898168765,-2.79233917990106,6.6588193348875,7.82174592414019,-1.06371321740678
-4.2316173510819,-33.720046312056,-26.7519900934871,-2.97311012820472,6.32645434509459,7.51717686012997,-1.10923163258089
-3.50918832086784,-33.0732912091618,-26.52806337552,-3.15099531294348,6.01048041789741,7.21873962682619,-1.147248808074
-2.79227994481865,-32.4269560244774,-26.3019452142655,-3.32460816791282,5.71152714015813,6.92704761054707,-1.17809320154052
-2.08086489376459,-31.7805120146391,-26.0727191676838,-3.49288901447895,5.42994018786563,6.64247231009502,-1.20213905623917
-1.37521975964471,-31.1338096052632,-25.8397525510482,-3.65503181311952,5.16582633150396,6.36514114860452,-1.21979887643797
-0.67589424474315,-30.4870264282521,-25.6026298459381,-3.81041179503838,4.91909452152475,6.09495032284925,-1.23151653764178
0.0163275726991632,-29.8406073793326,-25.3610837452523,-3.9585139764442,4.68949476464207,5.83159352494307,-1.2377601246101
0.700473125507914,-29.1951972288099,-25.1149236267363,-4.09886253318684,4.47665589602179,5.57460562637974,-1.23901385555135
1.37543358934251,-28.5515664374457,-24.8639614160446,-4.23095135249275,4.28012250294829,5.32341863564064,-1.23576880346016
2.04002166397865,-27.9105309878118,-24.6079352373931,-4.35417671531585,4.09939034099112,5.07742565570814,-1.22851251276559
2.69303414522835,-27.2728673096042,-24.3464319745886,-4.46777392057567,3.93393880556564,4.8360474156689,-1.21771798286021
3.33331852453301,-26.6392237811303,-24.078810826642,-4.57076064246869,3.78325852946638,4.59879538890865,-1.20383280234063
3.95984270629358,-26.0100308771956,-23.8041310733452,-4.66189079827222,3.64687206031718,4.3653256109512,-1.18726942940616
4.5717665370528,-25.3854128927326,-23.5210885052511,-4.73962355897538,3.52434586175373,4.13547807043887,-1.16839769696913
5.16851312583129,-24.7651053054804,-23.22796616972,-4.80211267353295,3.41529254535855,3.90929789672113,-1.14754055624975
5.74983690462028,-24.1483831137935,-22.9226059709564,-4.8472212615516,3.3193631905525,3.68703638875369,-1.12497384941658
6.31588416719566,-23.5340067079609,-22.6024079654927,-4.87256641984536,3.23623073186971,3.46913208110094,-1.10093052755743
6.86724067787543,-22.9201925812356,-22.2643635205297,-4.87559618259,3.1655665210915,3.25617431530353,-1.07560922760441
7.40496022810827,-22.3046161020859,-21.9051266525212,-4.85369854797352,3.10701312991581,3.04885392763086,-1.04918654626031
7.93056809718342,-21.6844522216817,-21.521124721193,-4.80433863575574,3.06015704620348,2.84790734683879,-1.02183177826296
8.44603454731859,-21.0564573092948,-21.108705558022,-4.72521608804306,3.02450498659683,2.65406129833358,-0.993722426119227
8.9537157942684,-20.4170913962736,-20.6643135791782,-4.61443128449577,2.99946701507044,2.46798516549498,-0.965058537822026
9.45626312931331,-19.7626755888471,-20.1846833743058,-4.47064661797077,2.98434858349869,2.29025679590765,-0.936073967338038
9.956504472339,-19.0895750466791,-19.6670364715966,-4.29322856665589,2.97835217737539,2.12134532058194,-0.907042998118854
10.4573059098393,-18.3943946651983,-19.1092661329293,-4.08235783565347,2.98058775510761,1.9616117973845,-0.878281376589022
10.9614230128471,-17.6741731392535,-18.5100963112561,-3.83909815034067,2.99008992560476,1.81132575212792,-0.850141557615752
11.4713524694593,-16.9265617141343,-17.8692039899701,-3.56541866423489,3.00583906348032,1.67069351526044,-0.823002718559316
11.9891937333184,-16.1499764464502,-17.1872983098799,-3.26416947675044,3.02678342983129,1.53989300903886,-0.797256708907299
12.5165282855774,-15.3437165004299,-16.4661542058536,-2.93901355918267,3.05185980135327,1.41910942579789,-0.773291465506632
13.0543213529146,-14.5080449995335,-15.7086018650882,-2.59432087271697,3.08001094781839,1.30856689376604,-0.751473505162794
13.602848221383,-13.6442323451485,-14.9184755860042,-2.23503144623284,3.11019931124701,1.20855242477079,-0.732130940240286
14.1616452219247,-12.7545640669847,-14.1005263675127,-1.86649388466552,3.14141720939997,1.11942981404928,-0.715538131434588
14.7294844022193,-11.8423159796942,-13.2603020495601,-1.4942847234639,3.1726946533481,1.04164243153677,-0.701902698943376
15.3043708611647,-10.9116988493293,-12.4039975825455,-1.12401287703957,3.20310633886862,0.975704851999872,-0.69135525030849
15.8835624778241,-9.96777343749926,-11.5382767467074,-0.761112762688189,3.231779521693,0.922184000291741,-0.683941913134706
16.4636128928477,-9.01633535804312,-10.6700660614539,-0.410629943592011,3.25790434080101,0.881671008514198,-0.67961960823634
17.0404396009406,-8.06376830498517,-9.80632221939273,-0.0770044699179152,3.28074776667919,0.854745394873684,-0.67825395436259
17.6094194680884,-7.11686438456751,-8.95377635165566,0.236140673383626,3.29967180403969,0.841933559355055,-0.679619729632664
18.1655136252052,-6.18261168938108,-8.11866158399546,0.526195958556759,3.31415596630443,0.84366397434122,-0.683403889533423
18.7034224924674,-5.26795172897616,-7.30643413528993,0.791734102843132,3.32382347213223,0.86022179832374,-0.689211226083207
19.2177698581316,-4.37951240128047,-6.52150186044112,1.03263735752678,3.32847019337951,0.891705890401969,-0.69657282990954
19.7033128458905,-3.52332523462595,-5.76697687682632,1.25016938686193,3.32809518076153,0.937991286242479,-0.704957583077291
20.1551725932474,-2.7045381195686,-5.04447021070398,1.44697938927116,3.32293161088996,0.998700081159286,-0.713786965265881
20.5690786951589,-1.92713649931064,-4.35394617066779,1.62702904398826,3.31347715950634,1.07318337560257,-0.722453488343718
20.9416187276598,-1.19368725243106,-3.69365268749206,1.79543676415886,3.30052294589838,1.16051653182652,-0.730343043431533
21.2704819586156,-0.505120857653494,-3.06014154928789,1.95823834186798,3.28518011298775,1.25950952327616,-0.7368612745438
21.5546830999989,0.139430655975238,-2.44838933276142,2.12206856245598,3.26890263654229,1.36873362505759,-0.741463685755091
21.794747622603,0.742720216704983,-1.85202519017107,2.29377542322306,3.25350407246106,1.48656500286784,-0.743688472780187
21.9928355638964,1.30937570511403,-1.2636640980523,2.47998793940126,3.24116482627312,1.61124473573075,-0.743190061168173
22.1527781775527,1.84577476642961,-0.675332410627401,2.68667003025141,3.23442560982086,1.74095329669138,-0.739770217701611
22.2800041928411,2.35979427067578,-0.0789567230109287,2.91870458343241,3.23616262366736,1.87389548382749,-0.733402746750643
22.3813425478118,2.86044015627161,0.53312990122393,3.17955910362214,3.2495412112157,2.00838947822618,-0.724247669074051
22.4647065811304,3.35738467035136,1.16772240239158,3.47108175491742,3.2779474179854,2.14295165795,-0.712651793411785
22.5386873958611,3.86045884958002,1.83037730031373,3.79346015169946,3.32490052858,2.27636778258393,-0.699134765602298
22.6121044887306,4.37916058217214,2.52518820336277,4.1453459974006,3.3939530217127,2.40774186552711,-0.68436253568547
22.6935719599589,4.92223650827197,3.25471674977994,4.52411409450327,3.48858597094036,2.53651669407647,-0.669112829897919
22.7911338008807,5.49737833634216,4.02005810105604,4.92619576923999,3.61210660068404,2.66246403578027,-0.654238730381603
22.9120027596214,6.11104606649892,4.82099204708885,5.34741418699403,3.76755033344847,2.78564694382457,-0.640636359503731
23.0624104071603,6.76840098911991,5.65615734517618,5.7832555415166,3.95758315700316,2.906359932034,-0.6292211054054
23.2475495900127,7.47330834226916,6.523189685428,6.22903109999577,4.18439301860944,3.02505420030167,-0.620914477065392
23.4715710498713,8.22835737526623,7.41877819409155,6.6799116830216,4.4495527110559,3.14225436926455,-0.616641305925125
23.737586097633,9.03484496155404,8.33861491748598,7.13084023256233,4.75383242539984,3.25847083576296,-0.617335106401598
24.0476258226725,9.89267496292815,9.27723135009307,7.57634591587712,5.09693867076736,3.37410880631099,-0.623948051190747
24.40251180723,10.8001365964793,10.2277347939401,8.01029588108818,5.47715889218064,3.48937228353957,-0.637460967520242
24.8016024432746,11.7535410719802,11.1814782113618,8.42563285230347,5.89090054111565,3.60415970451351,-0.658887661484305
25.2423943517699,12.7467204564796,12.1277256733708,8.81416347752574,6.33213430456061,3.71794843952308,-0.689266461412896
25.7199858954689,13.7704334031687,13.0534165556423,9.16648679520503,6.79179030272357,3.82966892583205,-0.72963018950826
26.2264580065836,14.8117870625936,13.9431847789737,9.47218107165442,7.25721908549527,3.9375766964143,-0.780944461733163
26.7503035808018,15.8538744683281,14.7798402096114,9.72038528436796,7.71191373335394,4.03914200277973,-0.844004843284809
27.2761346936708,16.8759222297225,15.5455291247534,9.9008861893307,8.13577116136319,4.13098970531621,-0.919288602879923
27.7849810319862,17.8542867726302,16.2236943467206,10.0057078425065,8.50618998492012,4.20892995518925,-1.00676973495693
28.2554855536826,18.7645322710003,16.8016897472762,10.0309685149167,8.80016886118672,4.26811241567352,-1.10572781429294
28.6661087243996,19.5844854170337,17.2734833001693,9.97846752569412,8.99721926991342,4.30330537118373,-1.21460730341028
28.9980434431443,20.2976344241361,17.6414935998176,9.85626688717758,9.08241371574955,4.30925271447276,-1.33099988630718
29.2380709824561,20.8957900380103,17.9165845296653,9.67768550347846,9.04853608690595,4.28102425397359,-1.45180831238859
29.3803780513036,21.3799476057899,18.1158303781404,9.45872099262595,8.89644011078137,4.21428040257195,-1.57359585290782
29.4266639634551,21.7589486153623,18.2586585651431,9.21468130275659,8.63343499720264,4.1054234306181,-1.69304832997689
29.3845863471722,22.046499468712,18.3627441714686,8.95721843040004,8.27040199659316,3.95166487787501,-1.80741962342153
29.2652650237106,22.2577314063208,18.4410254760572,8.69269734160571,7.8188037514035,3.75105920861266,-1.91483535898911
29.0807749193637,22.4064170482655,18.5004983821287,8.42212157289227,7.28853432718808,3.5025346448029,-2.01439173035911
28.8422895977307,22.5033893210669,18.5425987421653,8.1421902741084,6.68695416305321,3.20592560713779,-2.10606600130732
28.5590837792854,22.5561057430446,18.5645035815107,7.84681839414722,6.01892133060362,2.86200338410762,-2.19050759640527
28.2382605827023,22.568977107831,18.5606717128364,7.52858141349774,5.28740896044628,2.47251150734453,-2.26878780888563
27.8849384311585,22.544051691339,18.5241945975891,7.17982207205445,4.49434391804347,2.04022482742142,-2.34216490706572
27.5026574980407,22.4817734111423,18.4478044459534,6.7933907073008,3.64145510116064,1.56905593789898,-2.41189161684161
27.0938505566542,22.3816813021106,18.3245710944825,6.36311730462816,2.73106039977902,1.06422792902263,-2.47906835742865
26.6603038186572,22.2430244024796,18.1484021624814,5.88415008111587,1.76680452739089,0.532520857249297,-2.54453271689857
26.2035862044752,22.0653215832245,17.9144767855997,5.35328291535863,0.754387728029361,-0.0174181745150506,-2.608771960748
25.7254500907057,21.8489122642822,17.6197253139114,4.76936143849726,-0.297687728594854,-0.574736792234002,-2.67184794729522
25.2282093438674,21.5955335728461,17.2634322450333,4.13381567977216,-1.37737081893136,-1.12608323198719,-2.73333065601793
24.7150867837921,21.3089273882774,16.8479875344522,3.45131238719661,-2.46840536481148,-1.65547811481369,-2.79224670625217
24.1904965831104,20.9954266426837,16.3797333129877,2.73044369537562,-3.54995159057015,-2.14452870826838,-2.84706180417292
23.6601930727542,20.6643969471134,15.8697431801002,1.98426867091141,-4.5967731821811,-2.5731972380334,-2.89572809772972
23.1311892914107,20.3283351239048,15.334245473611,1.23042193241304,-5.58032588429752,-2.92130207018133,-2.93583210680997
22.6113511318957,20.0023949816248,14.7943176564747,0.490458692405969,-6.47099302907582,-3.17077270455655,-2.96486583625771
22.1086343950324,19.7031859210615,14.2745333061737,-0.211794068461568,-7.24140671238164,-3.30837742229184,-2.98060501502842
21.6300589038987,19.4469091274588,13.8005164193725,-0.852810677093748,-7.87030237316469,-3.32828552446198,-2.98152100494934
21.1806602432096,19.2472019521635,13.3958066798087,-1.41236994039425,-8.34590146722558,-3.23363092877398,-2.96710660800447
20.7627325278511,19.1132830639106,13.0788393405963,-1.87617824116799,-8.66773811924927,-3.03643039098124,-2.93800036467188
20.3756007413615,19.0489507569611,12.8609080690338,-2.23734374903729,-8.84631797820266,-2.75577865091687,-2.895862807171
20.0159624979859,19.0526680141846,12.745613957715,-2.49636163041286,-8.90080734870946,-2.41489180870364,-2.84305610987142
19.6786346184659,19.1185600998309,12.7297262282867,-2.65983084758614,-8.85561682769539,-2.03791217545553,-2.78224513883936
19.3574434161478,19.2378910042678,12.8049377978639,-2.73848835198494,-8.73691854243892,-1.64727465249829,-2.71603930406483
19.0460315766976,19.4005693616048,12.9598831789615,-2.74517901401524,-8.56985226085485,-1.26203560255276,-2.64674638773072
18.7384589729566,19.5963871119438,13.1819398853406,-2.69317724106296,-8.37671948691142,-0.897161563656095,-2.57625166833308
18.4295758418698,19.8158803007692,13.4585806133823,-2.59502186776553,-8.17609940493682,-0.563539153726318,-2.5059972919841
18.1152056152482,20.0508313987073,13.7782416856643,-2.4618434948366,-7.98264485754058,-0.26841163577068,-2.43702391231641
17.7921897111596,20.2944856953485,14.1307748106809,-2.3030832215769,-7.80729741410009,-0.0160000231410816,-2.37004078572107
17.4583338513115,20.5415511062224,14.5075700021207,-2.12649754330146,-7.65772244565674,0.19184764447035,-2.30550145428024
17.1122728686774,20.7880221458216,14.901416049226,-1.93837567142832,-7.53884608687564,0.355060245055153,-2.24367352207452
16.753253602168,21.0308434813138,15.3061398284566,-1.74392723114547,-7.45344028346803,0.474833059093492,-2.18470054998627
16.3808363081652,21.2674306440352,15.7160690967841,-1.54780274740592,-7.40273225848793,0.553210466378603,-2.12866117788027
15.9945426605203,21.495110165697,16.1254136630532,-1.35467095995963,-7.3870052907711,0.592760488859179,-2.07563393669726
15.593526863638,21.7106177502611,16.5277429157932,-1.16970719289505,-7.40612034221808,0.596335203146372,-2.02577305486604
15.1763840086663,21.9098475977365,16.9157898255315,-0.998799636356439,-7.45985953219411,0.566901983552323,-1.97938916793932
14.7411894209917,22.0880017654013,17.2817449747729,-0.84833194386196,-7.54802130778619,0.507416871009358,-1.93701361306574
14.2857665232244,22.2401200373756,17.6179952179789,-0.724575613475155,-7.670297324392,0.42070400703488,-1.89941778100413
13.8080600348905,22.3617677432511,17.9180209565146,-0.632933424785763,-7.82607460812519,0.309315984655806,-1.8675699344985
13.3064358488479,22.4495708997806,18.1770692900938,-0.577364535060195,-8.01434299728639,0.175376327422451,-1.84253667160468
12.7797786453545,22.5013780767383,18.3923364894934,-0.560227986413304,-8.23381658796391,0.0204287656476553,-1.82535749360602
12.2273658710067,22.5160139124073,18.5626200843406,-0.582587474013579,-8.48325918271797,-0.154676841944505,-1.81692545634138
11.6485849758556,22.4927402135624,18.6875836885644,-0.644859427189254,-8.76191964330961,-0.349843489032334,-1.81789674847958
11.0425930694543,22.4305964242749,18.7668461106447,-0.747622555161347,-9.06996446823802,-0.565727741147843,-1.82863829963502
10.4080064281359,22.327773064392,18.7990867933262,-0.892419838427222,-9.4088204607527,-0.803688463744724,-1.84921316583312
9.74267865480267,22.1811253967616,18.7813071186077,-1.08242684415385,-9.78137711575795,-1.06569198635036,-1.87939939493691
9.04359780743557,21.9858883864795,18.7083346622934,-1.32290437523856,-10.1920286487528,-1.35418038397368,-1.91873653193343
8.30690910321086,21.7356148647751,18.5726119726422,-1.62139265466677,-10.6465570500874,-1.67190721090729,-1.96659235611555
7.52805072183642,21.4223254929139,18.364270083278,-1.98764084754441,-11.1518727645911,-2.0217431723603,-2.02224016194147
6.7019766484187,21.0368327571959,18.0714506333795,-2.43329869650106,-11.715638955393,-2.40645199921591,-2.08493466709795
5.82343516539131,20.5691871803141,17.6808166517578,-2.97141914108908,-12.3458059507775,-2.82843255027074,-2.15397357075207
4.887277092378,20.0091982352753,17.178190427822,-3.61582250278983,-13.0500708682874,-3.28941563084395,-2.22873239102518
3.88878446008537,19.34700761518,16.5492833178355,-4.38034804279151,-13.8352523206861,-3.79009305859663,-2.3086619843072
2.82403540329189,18.573735773804,15.7805357180704,-5.27796791023319,-14.7065338810132,-4.32964356622264,-2.39323989215618
1.69035007573225,17.6822770917715,14.8601584671376,-6.31966860832495,-15.6664888065881,-4.90510887635244,-2.48186730836681
0.48688909597612,16.6683742382192,13.7795470475456,-7.5129290451489,-16.7137636535438,-5.51057137480077,-2.57370308844052
-0.784509569384757,15.5321409848778,12.5353052408604,-8.85956578398654,-17.841291817959,-6.13610764833224,-2.66742720767377
-2.11818718033781,14.2801894835635,11.1321193876132,-10.3527249128088,-19.0339737782916,-6.76656806424956,-2.76093438700688
-3.50323422286782,12.9283822736845,9.58657352191351,-11.9729751876126,-20.2659770837229,-7.38040392676175,-2.85098478670003
-4.92200810853635,11.5048604460939,7.9315335160845,-13.6839560544623,-21.4982767188113,-7.94906689031021,-2.93289546288434
-6.34920894244436,10.0523076841895,6.21980820714908,-15.4289908128184,-22.6778034123636,-8.43789646024053,-3.00044537616851
-7.75255928181978,8.62753811730915,4.52455608683145,-17.1313082544097,-23.7403036044349,-8.80962463112123,-3.04624716106429
-9.09622540187955,7.29614753607652,2.93323984933523,-18.7010634510456,-24.6188550021,-9.0310956601599,-3.06279585416546
-10.3472370603547,6.12135128420212,1.5335053652351,-20.0505150558133,-25.2577637226238,-9.0820394101754,-3.04410284228933
-11.4831933065035,5.14967683697909,0.393987795275034,-21.113835641683,-25.6274788543155,-8.96239069832781,-2.98732221865909
-12.4978135572965,4.39966325329968,-0.451974203206213,-21.863109702867,-25.7333304705774,-8.69395699664707,-2.89350332074796
-13.4014401105443,3.85927933294473,-1.0116801048375,-22.3125063555579,-25.6131769796733,-8.31492612248967,-2.76699829655534
-14.2164968165189,3.49277033164531,-1.32570508289061,-22.5094348359634,-25.3255493192609,-7.86999000010166,-2.61389100755173
-14.9705795145838,3.25252509559494,-1.45310917727745,-22.5186262158639,-24.9347604919285,-7.40084455118006,-2.44031809396638
-15.6901653609597,3.09051062479689,-1.45641701137387,-22.4066521760163,-24.4989896678427,-6.94026673666098,-2.2513615413994
-16.396447753938,2.96623945281446,-1.39069778602668,-22.2311155846171,-24.0636480197467,-6.51016166310388,-2.05067958871396
-17.1033037256787,2.8509807660058,-1.29744092695224,-22.0349362909262,-23.6592321805086,-6.12228089759944,-1.84068776133963
-17.8167765171153,2.72920938493699,-1.2020635296467,-21.8443236928818,-23.3018494598118,-5.78011577073861,-1.62301879543284
-18.5355399579089,2.59825960283014,-1.1137768827017,-21.6690127328416,-22.994991412363,-5.48099659710249,-1.39904970140807
-19.2521247947337,2.46662773180235,-1.02717428074463,-21.5040529519502,-22.731899066535,-5.21799577439792,-1.17035855934756
-19.9548880636244,2.35097483322937,-0.925452620834587,-21.3330427875386,-22.4984064379563,-4.9815772542677,-0.939020215838001
-20.6306513016105,2.27190944851035,-0.785232068936605,-21.1327981828185,-22.2762795321455,-4.76105033520068,-0.707683525500137
-21.2676555351436,2.24906365081106,-0.582457525457822,-20.8790113725997,-22.0468390720383,-4.54585007362707,-0.47941925054391
-21.8581785366449,2.29650845556159,-0.298188786041494,-20.5518143466518,-21.7942974601729,-4.32657812147802,-0.257392197632944
-22.400099397879,2.41973198403866,0.0772278554496898,-20.1398445919642,-21.5080739564172,-4.09568985594826,-0.0444683201304905
-22.8970074331965,2.61496148237095,0.542686523450523,-19.6417870284896,-21.1835789722477,-3.84775601179751,0.157117831789171
-23.3569885275317,2.87074366368941,1.08762449587829,-19.0652936756234,-20.8214832768074,-3.5793353733575,0.34594881708259
-23.7906610878043,3.17092776425931,1.69520530038749,-18.424099056639,-20.4259868523703,-3.28859498201908,0.52144373625901
-24.2091498044742,3.49792975983341,2.3460728152457,-17.7345525593574,-20.0028007011248,-2.97484664264451,0.683748135284641
-24.6224988921759,3.83540502159811,3.02158332957905,-17.0126013836503,-19.5574245590024,-2.63813114725282,0.833554408171067
-25.0387211205478,4.1699384232058,3.70596346358414,-16.2717588453792,-19.094010829465,-2.27891416423326,0.971906744303619
-25.4634287068441,4.49178276259478,4.38735314901333,-15.5221139395595,-18.6148356332728,-1.89790052425077,1.10002559005929
-25.8998686256465,4.79490291120296,5.05799131256446,-14.7701536903225,-18.1202432772026,-1.49594393896149,1.2191679950983
-26.3491715781493,5.07662730811286,5.7138839033479,-14.0190864764528,-17.608888269804,-1.07402339991771,1.33052761251487
-26.8106703850806,5.33714690026693,6.35424153454131,-13.2693974714561,-17.0781246013331,-0.633264034997253,1.43517125402709
-27.2822053333154,5.57900739624707,6.98087287094514,-12.5194574778299,-16.5244413612329,-0.174989214080973,1.53400562316779
-27.7603856374276,5.80665761828282,7.59762451543414,-11.7660931025891,-15.943890232608,0.299202757853706,1.62776642563837
-28.2408091955449,6.02606116718325,8.20989098367358,-11.0050883736836,-15.332483781131,0.787340985635215,1.71702167034304
-28.7182586835076,6.24434996035398,8.82418111096318,-10.2316235747277,-14.6865632944094,1.28696667524417,1.80218139415585
-29.186896168787,6.46948871743883,9.44771230912389,-9.4406727705958,-14.0031445054427,1.79500485997743,1.88350719372066
-29.6404764153952,6.7099205391183,10.0880022003527,-8.62738509191862,-13.2802522206313,2.30763042157698,1.96111668869579
-30.0725950056218,6.97416900372093,10.7524312361858,-7.78747224168196,-12.517252755754,2.82013952556244,2.03498016604217
-30.4769831958844,7.27037852063416,11.4477563041083,-6.91761872372252,-11.715186682462,3.32684311984615,2.1049089605876
-30.8478571422392,7.60578190028812,12.1795636697662,-6.01592223465904,-10.8770933211298,3.82100653876521,2.17053750301837
-31.1803232034292,7.98609434466088,12.9516618547288,-5.08235806226018,-10.0083020816261,4.29486789774982,2.23130336758127
-31.4708311207602,8.41484967308575,13.7654342758018,-4.11924145760403,-9.1166446191321,4.73977576922583,2.28643200570178
-31.7176506565854,8.89272049750462,14.6191999557756,-3.13163544664837,-8.2125187997703,5.14648941759425,2.33493485827796
-31.9213241633183,9.41689932778505,15.5076672894661,-2.12762171773367,-7.30871778817375,5.50567635316004,2.37563049158315
-32.0850207457454,9.98065623538856,16.4216031011595,-1.11832813291845,-6.41993702636418,5.80861520338648,2.40719714083305
-32.2146961877652,10.5732162327872,17.3478609740129,-0.117603268662537,-5.56190269374206,6.04806321816617,2.42826031679072
-32.3189609079786,11.180094330845,18.2698969893885,0.858736710108437,-4.75013666914169,6.2191826817433,2.43751045443303
-32.4085902489361,11.7839685443721,19.1688298533434,1.79408202828041,-3.99847815715228,6.32035871999598,2.4338344374448
-32.4956813645123,12.3660587222342,20.0249788125217,2.67250227648361,-3.31758970640113,6.35371355866179,2.41643521459517
-32.5925527348202,12.9078407484587,20.8196721557292,3.48028784980224,-2.7137356647432,6.32515732063984,2.38491095452668
-32.710560580741,13.3928170363384,21.5370213597354,4.20727960586313,-2.18809141114408,6.2439167608494,2.33927277390343
-32.8590335840567,13.8080396594051,22.1653534382766,4.84774971072504,-1.73671796887343,6.12161859187002,2.27989655983874
-33.0444880342653,14.1451586546949,22.6980951152327,5.40072110278192,-1.3511653825523,5.9711175165094,2.20742317811469
-33.2701987128494,14.4009093538827,23.1340611009398,5.86976383114827,-1.01952258872623,5.80530409242556,2.12263434034366
-33.536108160416,14.5770928635065,23.4772427163492,6.26241875865251,-0.727667182161756,5.63609401437887,2.02633395815471
-33.8389967954871,14.6801867633823,23.7362670138941,6.58943507988519,-0.460494887212666,5.47371575453712,1.91925786538745
-34.1728243039846,14.7207299903531,23.9236875403661,6.86397145789916,-0.202993459022345,5.32632027942065,1.80202307338732
-34.5291798537719,14.7125750998081,24.0552008949388,7.10083360640858,0.0588777704893686,5.19986732859203,1.6751163364889
-34.8978223929822,14.6720294351347,24.1487991178456,7.31574215211364,0.337470000681165,5.09820908833273,1.53891388283717
-35.2673290816259,14.6168500669781,24.2238037245994,7.52457214318325,0.642825868453278,5.02328856493373,1.39372061176082
-35.6258832221027,14.5650395240017,24.2997060559164,7.74249335010614,0.982106386201025,4.97538400393122,1.23981739307658
-35.9622163783017,14.5334184067713,24.3947675567657,7.98296871442573,1.35905011568042,4.95335082750954,1.07750828969293
-36.2666764385739,14.5360196621224,24.5244046418923,8.25662665449411,1.77350307013712,4.95483198387601,0.907164262592187
-36.5323359250506,14.5824384805113,24.6994767104879,8.57009471546895,2.22110774029327,4.97642421183445,0.729264617569709
-36.7559983806549,14.6763574166711,24.9246890824042,8.92494950582606,2.69327375627025,5.01380224625636,0.544440344023445
-36.9389196435255,14.8145264554753,25.1973941434088,9.31698677768587,3.17756018489881,5.06181654754894,0.353523040719154
-37.0870476034226,14.9864940920276,25.507106486501,9.73603481509634,3.65856990820042,5.11459212540897,0.157598636460481
-37.2106122814387,15.1753378093075,25.8360203966651,10.1665097280221,4.11937863004366,5.16566294071752,-0.0419426883445701
-37.3229852739591,15.3595046573978,26.1607000245724,10.5888208700837,4.54338901371373,5.20817253123718,-0.243377627107356
-37.4388854523584,15.5156284545542,26.4548773492542,10.9815599394664,4.91633194974781,5.23515245891473,-0.444664542562698
-37.5722165808292,15.6218719671196,26.6929601752476,11.3241653394792,5.22799203662686,5.23985814692739,-0.643521893868803
-37.734007848969,15.661066088534,26.8535311826968,11.5995268663525,5.4732069638421,5.21610919745243,-0.837576697635546
-37.9309788124374,15.6228533838157,26.9219899959655,11.7959163328353,5.65185125438305,5.15856709941234,-1.02456724555952
-38.1650918851313,15.5042986360228,26.8916907284749,11.9077914058828,5.76783368464605,5.06289941417683,-1.20256209958049
-38.4341320348891,15.3089302122606,26.7634147431148,11.9353822168302,5.82746673508421,4.92581972557083,-1.37014645186952
-38.7330223657237,15.0446780336745,26.5435568542492,11.8833565296161,5.83773113188387,4.74503489744477,-1.52653398057445
-39.0554095475964,14.7214290744116,26.2417244523382,11.7590783007783,5.80488905856185,4.51915479951962,-1.67158430958991
-39.395088800376,14.3488541883933,25.8684426973001,11.5709563114066,5.73367426268264,4.24761954349474,-1.80573219313539
-39.7470126316468,13.9348866473992,25.433416888123,11.3271988876596,5.62705284415599,3.93068471798384,-1.92985327843494
-40.1078216286294,13.4849364050465,24.9445065081323,11.0350796921581,5.48640910786874,3.56948820525154,-2.0450975088492
-40.4759670477429,13.0017278193648,24.4073498944132,10.7006714619575,5.31198326168551,3.16620898648281,-2.15271676368548
-40.8515447363129,12.4855773432552,23.8254830671665,10.3289416632975,5.10343012914101,2.72431822243201,-2.25390370620016
-41.2359506919546,11.9349444547917,23.2007919793251,9.92410148854013,4.86042892576034,2.24891190230829,-2.34964932008889
-41.631432727483,11.3471434960005,22.5341756541195,9.49012113694661,4.5833199813081,1.7470980578042,-2.4406204591231
-42.0405748840685,10.7191588648081,21.8263396339663,9.03134257164963,4.2737618250566,1.22838607522878,-2.52705716507428
-42.4657255628728,10.0485403814033,21.0786625548635,8.55312151535544,3.93538958573338,0.704988710044762,-2.60869264783302
-42.9083743848491,9.33435904355691,20.2940733849417,8.06240917275783,3.57441597961628,0.191901322935685,-2.68470604691365
-43.3685009959848,8.57817070170632,19.4778416976609,7.56814625324427,3.20005654480207,-0.293419584741781,-2.75372752936422
-43.8439615572295,7.78486909359685,18.6381285057309,7.08130530822012,2.82459970796807,-0.731965538275436,-2.8139225922291
-44.3300351237636,6.96323026714307,17.7860995253814,6.61441672468183,2.46291732242863,-1.10479012332442,-2.86318016949618
-44.8192940967218,6.12590463946384,16.9354155971372,6.18049283034596,2.13127537429314,-1.39525687327893,-2.89940893545948
-45.3019464880799,5.28866608734092,16.10103620608,5.79144660157824,1.84549463065319,-1.59155889468288,-2.92090593228877
-45.7666890068809,4.46891962373345,15.2975036589368,5.45634268170147,1.61879284030244,-1.68887121919162,-2.92671466194371
-46.2019278837617,3.68375283626362,14.5371269865416,5.1799916197458,1.45987707486675,-1.69042838580805,-2.9168653070472
-46.5970582796058,2.94804237081109,13.8285984331861,4.96236071894697,1.37187119076646,-1.6070929948402,-2.89241447349091
-46.9434524401687,2.27313749141519,13.1764447706679,4.79899750569861,1.35239278814201,-1.45551116207752,-2.8552725883205
-47.2349277808588,1.66641119395009,12.5813960244984,4.68228858751227,1.39467109896416,-1.25544735567398,-2.80788489788689
-47.4676740314875,1.13163589981441,12.041433400066,4.60312158236656,1.48926553096912,-1.02707953040779,-2.75287189096407
-47.6397919171601,0.669894095441311,11.5531220236258,4.55249324677655,1.62586012285567,-0.788870461036135,-2.69272208461343
-47.7506628821578,0.280666135929984,11.1128704470662,4.52276115466266,1.7947441798442,-0.556286239482118,-2.62958499741065
-47.8003406760255,-0.0371892003455372,10.7178999555794,4.50843592719743,1.98780531204731,-0.341321022847517,-2.56516630368568
-47.7890859097193,-0.284724631603384,10.3668462097677,4.50655215491121,2.19903467326993,-0.152617649268361,-2.50069963725982
-47.7171024676042,-0.462532103093842,10.0599947041447,4.51670647108403,2.42462743025094,0.00405982969752261,-2.43696230555229
-47.5845005658783,-0.570730569475991,9.79916380862912,4.54082880980172,2.6627673099128,0.12520321592463,-2.37430855294681
-47.3915008436574,-0.609329659282944,9.58721940808235,4.58269282246736,2.91314953125079,0.208926952430473,-2.31270697846948
-47.1388873347947,-0.578983372170044,9.42717337560492,4.64711168753626,3.17626074012723,0.254416583924465,-2.25178414753842
-46.8286859211349,-0.48210484121015,9.3208370821803,4.73875100799972,3.4524345945173,0.261523642770974,-2.19089151582204
-46.464962527449,-0.324185670860776,9.26712820057113,4.86057459735388,3.7407680380933,0.23055489745439,-2.12922232546768
-46.05450466394,-0.114953666183202,9.26038245280823,5.01215280633088,4.03811766699589,0.162275599638977,-2.06599951177194
-45.6070400459099,0.131181265404027,9.28929955701133,5.18834061824044,4.33853011345919,0.0580879581374507,-2.00072574105819
-45.1346876748745,0.395892101697773,9.33720292418873,5.3789608631608,4.63345272162891,-0.0797326650285214,-1.93343832324678
-44.6506114411497,0.658984962870367,9.38388888928456,5.56986806333514,4.91281154024317,-0.247908710083745,-1.86487665932671
-44.1672353718458,0.901188297517368,9.40860517464387,5.74515339912496,5.16662890205898,-0.442262219132634,-1.79648703087124
-43.694599393527,1.10676748648575,9.39314552739728,5.88969873680385,5.38658182435634,-0.658050093196478,-1.73025959280364
-43.2393158938064,1.26521992823612,9.32410441805738,5.99122554704578,5.56699134024097,-0.890421213264767,-1.66846400395474
-42.8042608140044,1.37181721060527,9.1938782336355,6.0413899632691,5.70507670778905,-1.13485498018483,-1.61337165171153
-42.3888602466445,1.42720030004817,9.00054776538007,6.0359555252717,5.80062131159536,-1.3874913285679,-1.56702449720067
-41.9897396753651,1.43639206692988,8.74702309485151,5.97432498862455,5.85531400459262,-1.64533028970723,-1.53107098371834
-41.6015376335801,1.40754187945677,8.4398125538974,5.85872388509838,5.87198827684533,-1.9063198168069,-1.50666603387501
-41.2177535119772,1.35061040190367,8.08766472310059,5.69324224565295,5.85389247487256,-2.16936039151309,-1.49442625426898
-40.8315514396643,1.2761198547834,7.70023708882879,5.48286271757828,5.80405603664677,-2.43424990914738,-1.49443265909765
-40.4364737553516,1.19404519466892,7.28688871544158,5.23255971355077,5.72478175658153,-2.70158529977437,-1.50627415429912
-40.0270365944342,1.11289179583442,6.85566209585406,4.94653194093301,5.61727975068602,-2.97263259650715,-1.52912412624198
-39.5991919777534,1.03898589567322,6.41249688090186,4.62761371591311,5.48145130660701,-3.24917449826258,-1.56184078142558
-39.1506481571052,0.975990837775121,5.96069889220504,4.27689164952471,5.31582264195351,-3.53334293910643,-1.60308041632898
-38.6810458854966,0.924650944339922,5.50066882020049,3.89353194891884,5.11761780466817,-3.82744324252015,-1.65141205832337
-38.1919957054797,0.882751753088416,5.02987491939699,3.47480199879096,4.88294816803677,-4.13377572644224,-1.70542219922629
-37.6869914794784,0.845269336650499,4.54303395097353,3.01625171598489,4.60708673269401,-4.45445965162727,-1.76379989692046
-37.1712260891971,0.804665719464133,4.03244859271522,2.5120093344876,4.28479224519117,-4.7912626862227,-1.82539535200438
-36.6513426543359,0.751277721592765,3.48844265139997,1.95514557959588,3.91065272428281,-5.14543646418415,-1.88924873014223
-36.1351552751871,0.673747536417465,2.89984084871166,1.33806987403901,3.47942943568934,-5.51755571397971,-1.95458965434942
-35.6313661616459,0.559456046765609,2.25445715851767,0.652939749020349,2.98639762383736,-5.90735562153158,-2.02081055685215
-35.149292446324,0.394941697438986,1.53958082267834,-0.107914224827833,2.42769557556949,-6.31356052579173,-2.08741842438397
-34.6985988622894,0.166314259304437,0.742477188914187,-0.95152524518714,1.80070556814685,-6.73369773878803,-2.15396941740969
-34.2890144811407,-0.140300148152084,-0.149053144229936,-1.88374990052424,1.10449650108934,-7.16389432688164,-2.21998991116326
-33.9299949941539,-0.538222084198464,-1.14599239607239,-2.90860284649521,0.34035626451314,-7.59866349477781,-2.28488654082949
-33.6302786935657,-1.03951089806315,-2.25722505677984,-4.02742150731742,-0.487571220049243,-8.03070259298315,-2.34784783987784
-33.3972781276789,-1.65400079531361,-3.48838881002833,-5.23783734573612,-1.37155934119792,-8.45074850735997,-2.40774209337176
-33.2362579035312,-2.38801358399357,-4.84042372277487,-6.53258190783015,-2.29955158207685,-8.84756844653415,-2.46302101928332
-33.1492849757795,-3.24274197155331,-6.30787330067943,-7.89825027744426,-3.25454567604492,-9.20820003492642,-2.51164716428828
-33.1340162833519,-4.21242390660646,-7.87714518500285,-9.31428596772153,-4.21436567449584,-9.51857897934333,-2.55107307559359
-33.1825173312955,-5.28262859217625,-9.52515481831245,-10.7526152290359,-5.1521703905822,-9.76467589196688,-2.57830774614694
-33.280462805901,-6.42920959741876,-11.2189889106626,-12.1784678127678,-6.03805215765443,-9.93416741701765,-2.59010184235427
-33.4071830380255,-7.6186314823263,-12.9172925091829,-13.5528427111108,-6.84190117743736,-10.0184685510261,-2.58325793582169
-33.5369686895622,-8.81026108570913,-14.5738195761054,-14.8366876853348,-7.5372967238155,-10.0146939103187,-2.55502329316421
-33.6417377742818,-9.96070516811761,-16.1429166506325,-15.996187504085,-8.10564100183559,-9.92693002760461,-2.50346776276322
-33.6946599286789,-11.0294836169421,-17.5858466828901,-17.0078888745291,-8.53937092502089,-9.76626365644861,-2.4277238296372
-33.6738757545689,-11.9846586551543,-18.8762974792145,-17.8621770285449,-8.84319156552147,-9.5493881205177,-2.32800073399602
-33.5653438121186,-12.8069453674588,-20.0035820011426,-18.5641027452116,-9.03292113477173,-9.29613711373485,-2.20537193554806
-33.3641782699434,-13.4913983412889,-20.9728748420703,-19.1314968441999,-9.1323711348127,-9.02666376210334,-2.06142529194757
-33.0743823175914,-14.0466242781569,-21.8028130808398,-19.5911378977988,-9.16922232855655,-8.75898927637817,-1.89790584368384
-32.7073056939724,-14.4920992792163,-22.5213735037315,-19.9740477356612,-9.1708768717613,-8.50735011220661,-1.71645978959026
-32.2792916369902,-14.8543389135019,-23.1609708432133,-20.3108000281199,-9.16092722052791,-8.28140425651565,-1.51853325801781
-31.8088963273628,-15.1625097536535,-23.7534411345815,-20.627354918656,-9.15650144763157,-8.08611068874968,-1.30542648047694
-31.3139406594397,-15.4438690544967,-24.3253193454535,-20.9416806133336,-9.16654168934834,-7.92202773468259,-1.07846975883148
-30.8086313685654,-15.7193882865847,-24.893789000404,-21.2614046710672,-9.19107678763842,-7.78583639944898,-0.839269021666641
-30.3010986344314,-16.0000943539687,-25.4638566657846,-21.5828703224202,-9.22164777996178,-7.6710023201854,-0.589956264355822
-29.7918558908211,-16.2849071335432,-26.0274866364854,-21.8920475218289,-9.24306202672235,-7.56857572396106,-0.333370661745539
-29.2737249851313,-16.5607946068298,-26.5653307358047,-22.1675352490893,-9.23644338680653,-7.46814920801086,-0.0730974554165535
-28.7335184943082,-16.8056520408741,-27.0510977434766,-22.3852977130253,-9.18310209934124,-7.35893843773027,0.186683071470417
-28.1552126674468,-16.9934275764341,-27.4576336302829,-22.5240060150255,-9.0682751059086,-7.23085624743592,0.441530595673649
-27.5237187742521,-17.1000546804457,-27.7629372303744,-22.5693919548493,-8.88363742542383,-7.07538881021044,0.687192062954506
-26.8280655791127,-17.1083350191152,-27.9542376966784,-22.5162937849809,-8.62788329037587,-6.88611586167623,0.920044907927516
-26.0630820094141,-17.0103967147107,-28.0290965865561,-22.3680350842049,-8.30545991780388,-6.65883947450127,1.13742272097404
-25.2293580628467,-16.8074538235912,-27.9937738014298,-22.1338512293392,-7.92423196302541,-6.39142088692472,1.33775818062103
-24.3319283729075,-16.5076208715306,-27.8600367645873,-21.8256351531587,-7.49306973911875,-6.0834920656637,1.52054241644005
-23.3784236802041,-16.1229703479175,-27.6417769733228,-21.4551352953815,-7.02008243789885,-5.73618891674731,1.68614808686983
-22.3773419937149,-15.6668414082531,-27.3523801064009,-21.0321957253727,-6.51175068373178,-5.35198616341671,1.83558094849245
-21.3368001392776,-15.1519370583121,-27.003202770155,-20.5640896826771,-5.97284397542606,-4.93464951950158,1.97021681543262
-20.2638463939478,-14.5893103066753,-26.6030673458408,-20.0556888509103,-5.40685060828013,-4.48928236258883,2.09156131324716
-19.1642458880826,-13.9880846269902,-26.1584892213536,-19.5101360761968,-4.81665573635089,-4.02242838273883,2.20105042967225
-18.0425915915163,-13.3556711636112,-25.6743352642484,-18.9297480722078,-4.20528196229272,-3.54218535046312,2.29989640742092
-16.9026014514094,-12.6982625161387,-25.1546785291966,-18.3169678679345,-3.57658419760324,-3.05827781604207,2.38897709800149
-15.7474942884277,-12.0214341480189,-24.6036889823548,-17.675258145907,-2.93583525440173,-2.58202491609667,2.46876619172424
-14.5803678262559,-11.3307309609754,-24.0264492206285,-17.0098585474885,-2.29014848093436,-2.12612698526987,2.53930464940249
-13.4045219430863,-10.6321450317227,-23.4296015428891,-16.3283277095508,-1.64867115598174,-1.70419075081456,2.60021777549084
-12.2236795807808,-9.93240409863442,-22.821728866366,-15.6407718884297,-1.02246684742914,-1.32993169062161,2.65078487067188
-11.0420637137043,-9.23900205563158,-22.2133681631661,-14.9596524850619,-0.424010118628235,-1.01604835333993,2.69006614067993
-9.86430134562269,-8.55992937578161,-21.6165781380957,-14.2990942454586,0.133734862774548,-0.772862120575598,2.71708208902919
-8.69515304743087,-7.90311550091101,-21.0440542686491,-13.6737051862566,0.638580681374834,-0.60693816071378,2.73102445936788
-7.53910930524205,-7.27567340397755,-20.5079025292975,-13.0970602352665,1.08052762131843,-0.519999020976272,2.73146040656355
-6.39994011883734,-6.68311246202308,-20.0183099557414,-12.5801426956306,1.45301633148833,-0.508446007935262,2.7184827667347
-5.28030939233446,-6.12871895898228,-19.5824206889392,-12.1301037116718,1.75371035428026,-0.563677563298577,2.69276776665048
-4.18155247256637,-5.61326564048892,-19.2036882580163,-11.7496349213118,1.98461061956992,-0.673170500916079,2.65552738550652
-3.10366516561307,-5.1351121978723,-18.8818330701015,-11.4370687364573,2.15149993250585,-0.822067708233623,2.60837583324469
-2.04548879928047,-4.69064352247725,-18.6133542433216,-11.1871086812059,2.26290154744426,-0.994898680739657,2.55315261418751
-1.00502779181585,-4.27491417098432,-18.3924101419425,-10.9919457605411,2.32883109693552,-1.17708709032242,2.49174890814461
0.0201797319946095,-3.88235045840253,-18.2118383997736,-10.8424828561159,2.35960471547151,-1.35603153956566,2.4259714665941
1.03270462299055,-3.50739490470833,-18.0641243121171,-10.7294485262252,2.36487619440114,-1.52170190648968,2.35745845666876
2.03492202816214,-3.14503146078457,-17.942203437643,-10.6442800683377,2.35297041241087,-1.66681050739666,2.28764421558683
3.02877300207344,-2.79117696497914,-17.8400577411905,-10.5797441337917,2.33050069718167,-1.786672321198,2.21775940737378
4.01559017930663,-2.44295123544586,-17.7531117150728,-10.5303175546421,2.30221772958138,-1.87887261852027,2.1488495377391
4.99598078751166,-2.09884415021697,-17.67845227826,-10.4923702434443,2.27103052614,-1.9428370653909,2.08179585954126
5.96976475714527,-1.75878855277704,-17.6148915070884,-10.4641865354957,2.23815199912535,-1.97936951149248,2.01732610668673
6.93597529719454,-1.42413011552121,-17.5628753248138,-10.4458438416848,2.20333975451777,-1.99019863286441,1.95600702382179
7.89293983919317,-1.09746671638045,-17.5242247474876,-10.43894871469,2.16521817893146,-1.97756103428186,1.89821616284867
8.83846577697803,-0.782318493131326,-17.5016890624344,-10.4462190759121,2.12167487871033,-1.94384463925144,1.8440972204028
9.77015163660792,-0.48259565066063,-17.4983023997876,-10.470905399122,2.07031968422943,-1.8913179695298,1.79351124331211
10.6858229821032,-0.201865785093029,-17.5165752597778,-10.5160704891408,2.00897627958697,-1.82197139520224,1.7460038800519
11.5840493944896,0.057507625316001,-17.5576216666746,-10.5837998396612,1.93614804158636,-1.73748757975072,1.70081287405461
12.4646419210118,0.295191482570923,-17.6204019495836,-10.6744807908965,1.85137248833492,-1.63933467671528,1.65693494864542
13.3289870218069,0.513439823188865,-17.7013044644297,-10.7863342750931,1.75537412165216,-1.52894072916755,1.61325370038469
14.1800836687696,0.71716447158724,-17.7942406271351,-10.915359819562,1.64996376958866,-1.40787732434016,1.56870403025263
15.022236378421,0.913443239455075,-17.8912708105873,-11.0557398910003,1.53771126436153,-1.27797683690675,1.52242755145342
15.8604862041824,1.11059945808922,-17.9835814100537,-11.2005865075463,1.4214996146622,-1.141339866201,1.47387282334526
16.6999574576255,1.31714226283517,-18.0625144628601,-11.3427959592811,1.30410202565216,-1.00024124112315,1.42281739797307
17.5453017657285,1.54086337781421,-18.120381230357,-11.4757763921788,1.18788875299521,-0.856982748761024,1.36932108382329
18.4003438199995,1.78826067116966,-18.1509312879324,-11.5939126278292,1.07469791890588,-0.713748636711211,1.31364153740082
19.2679364728122,2.0643015423833,-18.1494970256453,-11.6927560078415,0.965840813016663,-0.572501043320459,1.25614542738682
20.1499703975413,2.37243746380077,-18.1129162529222,-11.7690077659616,0.862184704804772,-0.434926018536977,1.19723677406339
21.0474682379398,2.71475583128938,-18.0393451505919,-11.8203860531196,0.764261028026556,-0.302421958814939,1.13730975182476
21.9607081134292,3.09217932345113,-17.9280426238236,-11.8454497841767,0.672366025161599,-0.176115138227988,1.07672345797808
22.8893447635964,3.50466092938173,-17.7791688015004,-11.8434237945761,0.586639745733943,-0.0568881309512567,1.01579220739141
23.8325156267794,3.95135374724128,-17.5936122421066,-11.8140456069615,0.507121563495496,0.0545886374702942,0.954784913631053
24.788930297778,4.43075287947354,-17.3728453301767,-11.7574391466042,0.433786156237295,0.157827479336462,0.8939287779682
25.7569465076132,4.94081453318134,-17.1188018654799,-11.6740135765072,0.366565434867181,0.252498213394369,0.833414360478714
26.7346366699457,5.47905900077071,-16.8337705715953,-11.5643830632408,0.305361382752852,0.33840729828858,0.773400541906973
27.7198482139388,6.0426629480359,-16.5202999742075,-11.4293032348606,0.250053552918141,0.41548068943762,0.714018796121128
28.7102596614473,6.62854441915759,-16.1811121151654,-11.2696208693753,0.20050375091128,0.483749569847107,0.655376685336845
29.7034332714756,7.2334421447611,-15.8190241369349,-11.0862342183986,0.156559453895271,0.543338202142718,0.597560706271794
30.6968643033917,7.85398945049773,-15.4368777494638,-10.8800620760108,0.118056820640097,0.594453353038736,0.540638674895937
31.6880265011762,8.4867823174021,-15.0374770262666,-10.6520201843078,0.0848236895873753,0.637374945487885,0.48466181986191
32.6744132585195,9.12844084773701,-14.623535050967,-10.403003885582,0.056682682425381,0.672447752447683,0.429666709429393
33.6535739366493,9.77566339018289,-14.1976297640607,-10.1338761190715,0.0334543732193888,0.700074046955314,0.375677087797342
34.623144975791,10.4252727744563,-13.7621691006888,-9.8454599933505,0.0149604060315551,0.720707173233532,0.322705656970401
35.580875611567,11.0742543766748,-13.3193652016582,-9.53853524431133,0.00102641653151415,0.734846013623146,0.27075581144051
36.524648230536,11.7197860402241,-12.8712172174349,-9.21383796302762,-0.00851538499226719,0.743030311503658,0.219823315853965
37.4524935601694,12.3592601434014,-12.4195019991842,-8.87206303062608,-0.0138240942833771,0.745836781099061,0.16989790711932
38.3626010446956,12.9902983297829,-11.9657718243438,-8.51386875440503,-0.0150485577759725,0.743875901614068,0.120964800400719
39.2533248510354,13.6107595728803,-11.5113582163302,-8.13988324713731,-0.0123264548003625,0.737789260797174,0.073006080367929
40.1231860027257,14.2187423382885,-11.05738089291,-7.7507121370799,-0.00578406460867728,0.728247286207171,0.026001963529629
40.9708711556219,14.81258163841,-10.6047609038236,-7.34694723801671,0.00446325920967261,0.715947183224431,-0.0200680767482836
41.7952284984937,15.390841750412,-10.1542370796319,-6.92917584323693,0.0183099075426873,0.701610887670313,-0.0652243245317035
42.5952612273381,15.9523053110576,-9.70638500799502,-6.49799034078157,0.0356581508220485,0.685982838210523,-0.109485970184461
43.370118970235,16.4959594101066,-9.26163785670692,-6.05399787005807,0.0564156360845822,0.669827377928769,-0.152870382250686
44.1190874628276,17.0209791980653,-8.82030847153103,-5.59782975634519,0.0804923160911436,0.653925604830276,-0.195392483804043
44.8415767207368,17.5267094246983,-8.38261228401048,-5.1301504699281,0.107796907867737,0.639071506430647,-0.23706420774755
45.5371078924007,18.01264422948,-7.94869065102152,-4.65166585202139,0.138233009676682,0.626067231898164,-0.277893998655214
46.2052989426713,18.4784054376686,-7.51863431193,-4.16313033250172,0.171695042819021,0.615717375585672,-0.317886322250222
46.8458493117208,18.9237195847104,-7.09250667889568,-3.66535282981677,0.208064229282338,0.608822166941586,-0.357041138044144
47.4585237436379,19.3483939182365,-6.67036666418749,-3.15920096915849,0.247204869790819,0.606169483375461,-0.395353287016278
48.0431355595062,19.7522917113379,-6.25229067888535,-2.64560317393454,0.288961251021749,0.608525624427066,-0.432811745576627
48.5995297803571,20.135307381006,-5.83839330188204,-2.12554807691647,0.333155587566377,0.616624809129769,-0.469398701208784
49.1275667395034,20.4973421741312,-5.42884591106831,-1.60008056159793,0.379587495868506,0.631157387439192,-0.505088416967206
49.6271070503814,20.8382815237738,-5.02389226549058,-1.07029357604226,0.428035604525573,0.652756794946364,-0.539845873411389
50.0979991387467,21.1579756463925,-4.62385964109938,-0.537314676029668,0.478262028305306,0.681985337416194,-0.573625212223726
50.540070909986,21.4562255051143,-4.22916364658228,-0.00228606116041463,0.530020567894523,0.719318977963634,-0.606368058894201
50.9531274807543,21.7327768804467,-3.84030430392689,0.533663303083101,0.583069633895778,0.765131428487778,-0.638001876062991
51.3369572538845,21.9873259313076,-3.45785042321342,1.06945498681695,0.637191012989236,0.819678033512976,-0.668438597276773
51.6913488170291,22.2195401727631,-3.08240881325386,1.60410929898868,0.692215662589434,0.883080190378523,-0.6975739117284
52.0161211684553,22.4290991257441,-2.7145745919583,2.13680561540026,0.748057687101258,0.955311380125877,-0.725287708880828
52.3111693686802,22.6157587516937,-2.35485897835896,2.66695546343396,0.804757440868803,1.03618627390564,-0.751446331642002
52.5765268995672,22.7794429832254,-2.00359171842535,3.19428795520035,0.862534233217558,1.12535479133357,-0.775907403787045
52.8124444318817,22.9203638304702,-1.66079697316486,3.71894557119757,0.921848283682049,1.22230333409767,-0.798528048893725
53.0194824867783,23.0391685435466,-1.32604431203698,4.24158614064907,0.983470323649213,1.32636557339128,-0.819177255688715
53.1986125498532,23.1371080311177,-0.998280459039639,4.76348425000858,1.04855555988337,1.43674496039453,-0.837752913079148
53.3513179079786,23.2162154731286,-0.675652391024481,5.28662254815579,1.1187167237416,1.55255037739294,-0.854203601313859
53.4796824606063,23.2794785850893,-0.355337609548437,5.81376104028579,1.19608890502905,1.67284493381687,-0.868554591773536
53.5864537400853,23.3309844702259,-0.0334017687187705,6.34847114347243,1.28337723429048,1.79670586026155,-0.880936753880421
53.6750662652721,23.3760139252922,0.295294025480477,6.89512163693394,1.38387770219504,1.92329101752401,-0.891616354636565
53.7496137463648,23.4210636780464,0.637115148171467,7.45880592082737,1.50146179752674,2.0519052110159,-0.901023282252179
53.8147633050976,23.4737805367669,0.999588297964548,8.0452037024714,1.64051708196917,2.1820579027854,-0.909775230444433
53.8756106272622,23.5427994979792,1.39123994824765,8.66037398025353,1.80583754297774,2.31350354888868,-0.9186959256442
53.9374798118576,23.637485497113,1.82133547047649,9.31047792379884,2.00245818792291,2.44625674792407,-0.928826432550833
54.0056732162123,23.7675816673879,2.2995178102145,10.0014277743896,2.2354261433493,2.58057613345494,-0.941429553394085
54.0851731692351,23.9427620518283,2.8353382640999,10.7384498264644,2.50949402496982,2.71691237717522,-0.957987774291973
54.1802886537858,24.172071796753,3.43765560746963,11.5255361944442,2.82871004182712,2.85581543665511,-0.980194462746119
54.2942279020498,24.4632143852462,4.11385507890747,12.364744503362,3.19586463160963,2.99779322417736,-1.00993549461264
54.4285670397723,24.8216197852364,4.86881238402351,13.255294302389,3.61174032127438,3.14310807909234,-1.04925377985112
54.5825845486264,25.2492138784192,5.70351568356025,14.1924184822245,4.0741111443716,3.29149051720403,-1.10028230419518
54.752456476426,25.7428356073922,6.6132908807815,15.1659823781191,4.57647164272657,3.44174660731895,-1.16512348055921
54.930380102507,26.2923589254432,7.58570205863477,16.1590178514103,5.10657668110562,3.59124588319988,-1.24564759619638
55.1038336612593,26.8788246843818,8.59847734712637,17.1465624476311,5.64507687846749,3.73531617220263,-1.34318937979643
55.2553737444268,27.4732835730006,9.61824957433294,18.0955107636096,6.16483348804199,3.8666541273156,-1.45815261531532
55.3635171026603,28.0374489823147,10.6013341192784,18.9663873151105,6.63175639149728,3.97497647793122,-1.5895991880718
55.4051252282618,28.52724649216,11.4977346149399,19.7176580370988,7.00790512498728,4.04722110990944,-1.73498753000871
55.3590938410191,28.8994049899188,12.258503322847,20.3120938838459,7.25677505910268,4.06853451729919,-1.89027314345372
55.210202473309,29.1194024011978,12.844553180977,20.7231377763575,7.34930237373938,4.02397300941915,-2.05049722353003
54.9514448883634,29.167589985894,13.2334043421781,20.9384946730825,7.26817693545744,3.90043659868472,-2.21074797926579
54.5837763918743,29.0408282641618,13.4209591586726,20.9593867720548,7.00869290752445,3.68818806065011,-2.36713277570624
54.1136794860221,28.7494885871134,13.4182026924919,20.7963995355787,6.57635768229885,3.38158534047894,-2.51736747389497
53.5500281319415,28.3121073670078,13.2453851835071,20.464494102136,5.98315656997887,2.97915764768253,-2.66081091318041
52.9016581452407,27.7504710178797,12.9267486771373,19.9794753699898,5.24452868528345,2.48349073310276,-2.79804792809227
52.1762493800579,27.0867288178209,12.4875481830184,19.3568322844786,4.37815284172774,1.90140224340665,-2.93025003537632
51.3804165448306,26.3427171333367,11.9535723225036,18.6127482304348,3.40464848198592,1.24471023756433,-3.05849943094296
50.5206391519143,25.5409052742488,11.3525244485926,17.7666817853644,2.34978752792055,0.531676809177896,-3.18315709790734
49.6046942822052,24.7061806319129,10.7163905024279,16.8449140112003,1.2476192138257,-0.211046660609483,-3.30328947399295
48.6433185968447,23.8676595847193,10.0838142864802,15.884350251245,0.143633231675516,-0.946541813313928,-3.41618322579065
47.6517347862638,23.0595510705742,9.50119831967499,14.9353406792561,-0.903531967918875,-1.62700357602268,-3.51707615002116
46.6503955315944,22.3198560967073,9.02083720410199,14.0614169025332,-1.82413235956033,-2.19623634782915,-3.59937149900477
45.6640216959856,21.6858341928999,8.69453982900432,13.3334006278461,-2.54550002133822,-2.59709101066255,-3.65564989763877
44.7182405733958,21.1864259163134,8.56293032135071,12.8168175910706,-3.00663637059276,-2.78377318687133,-3.67953045647592
43.8343185833829,20.8342023622358,8.64398645904198,12.5557290212614,-3.17482883697274,-2.73510275299829,-3.66780119318274
43.0241284507118,20.6211069940256,8.92683708135787,12.5604501472172,-3.05598227680256,-2.46188434189807,-3.6217011368932
42.287941170738,20.5208010194036,9.37486785792911,12.8060659900814,-2.69235820226747,-2.00367542077892,-3.54652976416295
41.6159671145814,20.4963108962236,9.93638740241716,13.2420644885321,-2.1492111437708,-1.41683160923565,-3.44984565369162
40.9922578613179,20.5087426389709,10.5569023073824,13.8068398769293,-1.49812937673376,-0.760569042875496,-3.33934521147683
40.3987337773507,20.5234500198137,11.1878733034153,14.440031866715,-0.804401206935879,-0.0868930468230502,-3.22137267956419
39.8179130681054,20.5126061026228,11.7904338062904,15.0894292771632,-0.120983972681246,0.563872617871712,-3.10033089048203
39.2341114464951,20.4550408111382,12.3352687588905,15.7129103982442,0.512234533829868,1.16332338454826,-2.97876330888326
38.6335630408978,20.3347072947615,12.8005654139075,16.2774252575207,1.06638473866232,1.69313018983459,-2.85777249772675
38.0040624980333,20.1388539126977,13.1695326869542,16.7569164315335,1.52079705180202,2.14271541148505,-2.73754811204164
37.3346495336095,19.8565958654998,13.4284174905935,17.1304791089534,1.86061703630338,2.50727104804295,-2.61790441205403
36.6157429955999,19.4783579455632,13.5656000072652,17.3815610524904,2.07546395307658,2.78638811285013,-2.49879125061741
35.8399844094895,18.9965197981294,13.5721436287268,17.4986171466742,2.15937446339027,2.98324867984102,-2.38073685238179
35.0037711851059,18.4073158382642,13.4438410628584,17.4771377995665,2.11190710398096,3.10414759746564,-2.26513380698617
34.1090076166045,17.7134703833114,13.1841458713991,17.3222392432376,1.93977830187936,3.15801208476987,-2.15424693467874
33.1641767442377,16.9263655702207,12.8066032727663,17.0503129992471,1.65791836330793,3.15561586319456,-2.05086894883571
32.1838497245196,16.066322509289,12.3351470906832,16.6882310478432,1.28882732399478,3.10838965951671,-1.95769454192826
31.1864154875591,15.1602963170531,11.8014499341337,16.2696629181055,0.859861001613719,3.02703637609846,-1.87664184008938
30.1907445993524,14.2376099773919,11.240027129418,15.8295901474274,0.399194563915768,2.92035736754987,-1.80839145507327
29.2129876709558,13.3252911406419,10.6828749463123,15.398949826237,-0.0681359194081486,2.7946335651653,-1.75229728633084
28.2644602627268,12.4445108848093,10.1553581958618,15.0009881915549,-0.522933398964034,2.65364953688085,-1.70664419186875
27.3509274862628,11.6088492162192,9.67418234145284,14.6498841436661,-0.952842757678189,2.49919983153653,-1.66910689968485
26.4730617572283,10.8243073002529,9.24736546298367,14.3513123485583,-1.35189320968999,2.33180664814766,-1.63724321667615
25.6276098816089,10.0905354762687,8.87560755954276,14.1042088441567,-1.71914022013768,2.15140356287714,-1.60889934378835
24.8088100267197,9.40264597915532,8.55433718936953,13.9029917882862,-2.05698404700614,1.95783488483429,-1.58246846155636
24.009719337532,8.75308352869207,8.27583182060965,13.739673684016,-2.36959987243325,1.75112355419761,-1.55699737126767
23.2232611427147,8.13321146883727,8.0310175156167,13.6055369492016,-2.66172623776935,1.53153804346086,-1.53216984669607
22.4429295673117,7.53445835473137,7.81076770708898,13.4922563011757,-2.93788882761494,1.2995281545069,-1.50820916524053
21.6631765782207,6.94901419724951,7.60668750749168,13.3925013113418,-3.20201831080791,1.05560430513054,-1.48574077479214
20.8795486550531,6.37014906330386,7.41146764486932,13.3001307857744,-3.4573620680417,0.800217544445843,-1.4656462066722
20.0886479647327,5.79225588844214,7.21892699514195,13.2101101280715,-3.70657919602903,0.533672585111986,-1.44892758916363
19.2879820361108,5.21071398935691,7.02385687013053,13.1182673443103,-3.9519262186777,0.256084094731153,-1.43659240910402
18.4757497060005,4.62164997961468,6.82175687656451,13.0209749735984,-4.19546887192274,-0.0326279237906603,-1.4295618257225
17.6505968756872,4.02165180721194,6.60852692006312,12.9148178603639,-4.43928126103488,-0.332714386321146,-1.42860248754829
16.8113657094173,3.40747514482384,6.38015980806514,12.7962859668185,-4.68561259042217,-0.64455646771933,-1.43428044050677
15.9568548813832,2.77577013859732,6.13246506364988,12.6615176943361,-4.93701310238888,-0.968616914413481,-1.44693536261403
15.0856049561502,2.1228491553867,5.86084545247188,12.5061104732691,-5.19641656869173,-1.30538845964497,-1.46667329614849
14.1957206048089,1.44451081752772,5.56014119289982,12.3250093441601,-5.46717892784707,-1.65534091707264,-1.49337583876205
13.2847389970631,0.735930778720369,5.22455109404393,12.1124790238434,-5.75307337180783,-2.01886589159978,-1.52672321432779
12.3495507550712,-0.0083754348805023,4.84763404153,11.8621596479066,-6.05824261572663,-2.39621652977669,-1.56622780598633
11.3863761306943,-0.794517638254617,4.42238835274132,11.5672010727724,-6.38710970419825,-2.78743919136556,-1.61127378640378
10.3907950186702,-1.62912937118046,3.94140146139947,11.2204662579165,-6.74424933387128,-3.19229403420876,-1.66115770053569
9.35782600405643,-2.51920782198345,3.39705959559398,10.8147922250731,-7.13422171231826,-3.61016192252268,-1.71512450547876
8.28204805032939,-3.47190381090681,2.78180795921525,10.343298607605,-7.56136976390452,-4.03993557291776,-1.77239379632866
7.15775970730996,-4.4942665097155,2.08845713251944,9.79973928267032,-8.02957769653318,-4.47989347649528,-1.8321717328384
5.97917534743893,-5.59293979262115,1.31054056679242,9.17890124698282,-8.54198487113899,-4.92755627237599,-1.89364538846327
4.74066556195265,-6.7737966426269,0.442739388375194,8.47706458340502,-9.10064474284814,-5.37952770352253,-1.95595770579297
3.43705811370197,-8.04148746922071,-0.518598993118199,7.69254448917655,-9.70611660748763,-5.83132729512819,-2.0181629192203
2.06402419158552,-9.39887171381591,-1.57481771932948,6.82633575149273,-10.356981495223,-6.27723101912959,-2.07916440281654
0.61857794945099,-10.8463060066225,-2.72416091995914,5.88286481404451,-11.049287723112,-6.71015093960403,-2.13763991150546
-0.900290961608395,-12.3807851863455,-3.9608475557437,4.87081619354695,-11.7759622718998,-7.12160558738075,-2.19196375799636
-2.49086056884086,-13.9949851158728,-5.2740832842811,3.80393079453573,-12.5262761188539,-7.50185686819273,-2.24014199666371
-4.14786128112106,-15.6763457582479,-6.64718824023982,2.70157358546257,-13.2855232493445,-7.84030765916226,-2.27978445421313
-5.86175520945434,-17.4064523982354,-8.05714740057369,1.58875762114059,-14.0351466115325,-8.1262488024063,-2.30814345502155
-7.61836211391218,-19.16108389376,-9.47499537590964,0.495246248458916,-14.7535765032059,-8.34998981960932,-2.3222473109114
-9.39914375935468,-20.911319290563,-10.8674362876126,-0.546573845160429,-15.4179721490047,-8.50428592461318,-2.31913957440812
-11.1824024837651,-22.6259287573386,-12.1998682513452,-1.50506628589191,-16.0068225999882,-8.58580073653046,-2.2961994647038
-12.9454221798858,-24.2748803712222,-13.4405077762961,-2.35349115889642,-16.5029965730248,-8.59619422478851,-2.25147424526667
-14.6672211778609,-25.8332848638565,-14.5647503372383,-3.0739523090898,-16.8964914405209,-8.54241434414206,-2.1839254544094
-16.3312660828653,-27.2847502963718,-15.5585802526692,-3.65999033700915,-17.1860512486076,-8.43597153309896,-2.09350450249525
-17.9274210746008,-28.6231896508324,-16.4200237176973,-4.11699970051507,-17.379126616945,-8.29132505733041,-1.98103309204789
-19.4526514684192,-29.852627870877,-17.1582812740783,-4.46037080738547,-17.4902045974461,-8.12382040565414,-1.84793991797396
-20.9104217354915,-30.9852069929387,-17.7909196411727,-4.7119668967848,-17.538031832998,-7.94771330211188,-1.69595371855547
-22.3090870787,-32.0380397805516,-18.3399599821132,-4.89588889329698,-17.5424472748093,-7.77467659348953,-1.52685210238689
-23.6597286815912,-33.0296667376018,-18.8277449757321,-5.03440831584567,-17.5214276385455,-7.61293652231047,-1.34232764480829
-24.973849434066,-33.9767295272437,-19.273252615265,-5.1446621525584,-17.4887052705994,-7.46697543522054,-1.1439852602255
-26.2612466976488,-34.8912800048748,-19.6892820599028,-5.23643886582567,-17.4521243746967,-7.33764396087173,-0.933447681432879
-27.5283094187076,-35.7790220621585,-20.0807956928069,-5.31124342975061,-17.4128282381896,-7.22253566396719,-0.712523335689224
-28.7769685039067,-36.6387293707028,-20.4446409506853,-5.3627634642018,-17.3653734689905,-7.11653678663109,-0.483378994501028
-30.0045091867412,-37.4630010622813,-20.7707790743597,-5.37874489898424,-17.2988445847991,-7.01251760781644,-0.248655941732213
-31.2043527216388,-38.2403076419964,-21.0449037105923,-5.34402981099502,-17.1989034933222,-6.90214540926049,-0.0114765013925453
-32.3676925198024,-38.9579288220733,-21.2519391943456,-5.2441406727364,-17.0504466961507,-6.77676699164701,0.224686977862706
-33.4855856199353,-39.6050298273263,-21.3795328247714,-5.06849915060995,-16.8402736925519,-6.62825770299277,0.456267352934607
-34.5509066680872,-40.1749946731579,-21.4205582281031,-4.81238532640226,-16.5590812776944,-6.44970873869091,0.679925111201872
-35.5596136282214,-40.6663847690279,-21.3739786001627,-4.47716888104507,-16.2023083140144,-6.23585652562941,0.892855693185023
-36.5110600076688,-41.0824288048165,-21.2440501249079,-4.06899214507137,-15.7697869405993,-5.98323785024316,1.09300633397563
-37.4074605004036,-41.4294808228573,-21.0384315209248,-3.59660122546873,-15.2645721993933,-5.69013709798864,1.27916162337979
-38.2528746484984,-41.7151357322951,-20.7660098470602,-3.06915558794998,-14.691510120566,-5.3564342316026,1.45089982667213
-39.0521199987635,-41.9466077301937,-20.435115814061,-2.4946204657031,-14.0560260804373,-4.98345355159531,1.60845334880441
-39.8099083747085,-42.1297008064285,-20.0524655352425,-1.8789753769961,-13.363390014998,-4.57387436783991,1.75251804855647
-40.5303288850723,-42.2684217300445,-19.6228478682352,-1.22616806704272,-12.6184934823009,-4.13172268887405,1.88405084919122
-41.2166676408812,-42.3651146892516,-19.1493932813825,-0.538596337600389,-11.8260389655304,-3.66243285775113,2.00408204465309
-41.8714868104084,-42.4209431060584,-18.6342123995707,0.182112307347445,-10.9909977867942,-3.17295014033863,2.1135556483767
-42.4968718522092,-42.4365640866312,-18.0792236931294,0.934199267992133,-10.1192021411472,-2.6718329542434,2.21320226904767
-43.0947687026306,-42.4128843880429,-17.4870416640015,1.71486657242032,-9.21795920478675,-2.16930052570699,2.30344533770076
-43.6673502129705,-42.3518204421977,-16.8618328721155,2.51944060206914,-8.2965867437477,-1.67715663670483,2.38434222857174
-44.2173610704983,-42.2569945651955,-16.210053769092,3.34068446523317,-7.36676364772815,-1.20850725904463,2.45556515481193
-44.7483900905792,-42.1342855320704,-15.540965630657,4.1683591000194,-6.44257395152335,-0.777190318005088,2.51643025190358
-45.2650128201532,-41.9921264012219,-14.8667956921442,4.98916156947774,-5.54012001297059,-0.396865475538594,2.5659838715931
-45.7727464498677,-41.8414285221324,-14.2024090707922,5.78717134892167,-4.67661760526423,-0.0797847145226056,2.60314949718064
-46.2777763585057,-41.6950364960571,-13.5644061248704,6.54487861153555,-3.86898518366143,0.164620535776487,2.62692506182698
-46.7864582943407,-41.566705076365,-12.9696825515683,7.24473717261361,-3.13209673914889,0.33107422740861,2.63660119411762
-47.3046665742959,-41.4697265060341,-12.4336626814527,7.8710061110621,-2.47703202467551,0.419376820166578,2.63195412467223
-47.837121875227,-41.4154749098755,-11.9685689130478,8.41149507225996,-1.90974286619445,0.434619491581497,2.61336380003439
-48.3868571835585,-41.4121984947727,-11.5821323548681,8.85880028214451,-1.43048704206482,0.386573715667558,2.58182478300051
-48.9549464542257,-41.4643318067242,-11.2770366475981,9.21075132554584,-1.03416564269006,0.288383133995235,2.53884986382773
-49.5405392640668,-41.5724382143242,-11.0511622590582,9.47002953941165,-0.711430971717482,0.154883170193434,2.48629864089008
-50.1411556380851,-41.7337064917263,-10.8984709702775,9.64315122148844,-0.450236703248461,0.000936477125459856,2.42618019723924
-50.75313764261,-41.9427986963355,-10.8102383799353,9.73913353709493,-0.237453495171176,-0.159907689211789,2.36047522482178
-51.372143761128,-42.1928159016419,-10.7763359168116,9.76815380783709,-0.0602557004813971,-0.316278473573356,2.29100510823261
-51.9935975522359,-42.4761947016012,-10.786345654574,9.74041821298772,0.0928739318825995,-0.459371793272819,2.21935489898641
-52.6130411135299,-42.7854255107635,-10.8303994950316,9.66533967710947,0.231545677478834,-0.582956453454959,2.14684215509817
-53.2263779962693,-43.1135547942975,-10.8997228210005,9.55103353719297,0.363214012497572,-0.683125697365698,2.07451687262015
-53.830011282478,-43.4544793257052,-10.9869140241166,9.40408921471851,0.493191909304375,-0.757912122506846,2.00317761330553
-54.4208910010677,-43.803061025721,-11.0860093681579,9.22956047145292,0.624845366833158,-0.806855009073286,1.93339253375137
-54.9964854965371,-44.155094311456,-11.1923803566295,9.0311215604775,0.759904299757782,-0.830578404178157,1.86551895806203
-55.5546888840354,-44.5071540930643,-11.3025012394533,8.81134796668925,0.898846168967618,-0.830414165133421,1.79972000315626
-56.0936757445878,-44.8563498182297,-11.4136173545421,8.57208876203532,1.0413222037225,-0.808088337445961,1.73598084153569
-56.6117172101538,-45.2000140985107,-11.5233463108053,8.31489757546734,1.1865995561685,-0.765479865955303,1.67412991899014
-57.1069802236256,-45.5353646922483,-11.6292547732465,8.04148008742511,1.333987045746,-0.70445452370942,1.61387119381989
-57.57734146709,-45.8591922139944,-11.7284695493199,7.75410206056885,1.4832020066393,-0.626771117783526,1.55483159411502
-58.0202540801883,-46.1676347960503,-11.8173931194247,7.45589239399994,1.63462940426219,-0.534049938802008,1.49662333105997
-58.4327021449413,-46.4560948438704,-11.8915884154761,7.15098162475749,1.78943110396883,-0.427785748887837,1.43891458952159
-58.8112612032144,-46.7193262205869,-11.9458678126642,6.84444429725833,1.94948790580834,-0.309382163490715,1.3814969164173
-59.152256134852,-46.9516777382208,-11.9745717271768,6.54205890376936,2.11719488635116,-0.180184376887935,1.32433617384064
-59.4519809039427,-47.1474368080343,-11.971971482495,6.24994464984358,2.29516692562704,-0.0414940270661127,1.26759756747183
-59.7069304914024,-47.3011946277301,-11.9327021972327,5.97415985167264,2.48592920100229,0.10543882121361,1.21164261486293
-59.9139994964427,-47.4081604112507,-11.8521365993991,5.72034192064871,2.69165913516275,0.259441004744868,1.15700348449128
-60.0706202526459,-47.4643806227246,-11.7266436796982,5.49343963637567,2.91401813144949,0.419447621526058,1.10434459477546
-60.1748354659007,-47.4668539232037,-11.5537181593018,5.29755152194177,3.15407848522574,0.584528460615847,1.05442155102325
-60.2253168974332,-47.4135588633855,-11.3319997031144,5.13585542741042,3.41232664807091,0.753902928868592,1.00804457360309
-60.2213487648359,-47.303423155633,-11.0612163506742,5.01060096248945,3.68871400893205,0.926942269438266,0.966049657005118
-60.1627937025674,-47.1362625530277,-10.7420864680817,4.92313656360036,3.98272837941317,1.10316194261089,0.92927745251308
-60.0500540728668,-46.9127095587897,-10.3762041809285,4.87395111328971,4.29346796799355,1.28220906161851,0.89855792250852
-59.8840351196455,-46.6341421874969,-9.96592095289972,4.86272086128254,4.61970987850877,1.4638500991961,0.874698021494621
-59.6661107146296,-46.3026136826892,-9.51422457116992,4.88836283334514,4.95997426769679,1.64796346581899,0.858469587830659
-59.3980875874585,-45.9207763231699,-9.0246078639623,4.94910472965213,5.31259223438753,1.83454065462859,0.850594919449101
-59.0821599358586,-45.4917864257117,-8.50091354565912,5.04258809283963,5.67579012759086,2.02369878430905,0.851728004913141
-58.7208432029563,-45.0191736709057,-7.94713916176387,5.16602563526313,6.04780506786949,2.21570656299052,0.862430128184664
-58.3168740784393,-44.5066568809274,-7.36718818193518,5.31643364772251,6.4270454100462,2.41102471455617,0.883139710814794
-57.873064629824,-43.957892091399,-6.76456125632825,5.49095422072786,6.81230451561149,2.61036039852998,0.914137940297542
-57.3921031860593,-43.3761488770991,-6.14199647234097,5.68726742937215,7.20302546855063,2.81473277648514,0.955513933595635
-56.8763044193787,-42.7639283215308,-5.50108838848919,5.90407008895135,7.59959830159205,3.02554354352359,1.00713555265145
-56.3273255386858,-42.1225588414486,-4.84193870937981,6.14156816650532,8.00365226304103,3.24464233977511,1.06863374665142
-55.7458817822168,-41.4518286342343,-4.16290909675388,6.40190234029682,8.41828904266237,3.47437348379929,1.13940835303069
-55.1315069507416,-40.7497268657078,-3.46054941505076,6.68941217600533,8.84819607702835,3.71758882009908,1.2186606745062
-54.4824071364438,-40.012361139395,-2.72975622851104,7.01065446027058,9.29958812777124,3.97761275628664,1.30545269089409
-53.795444114397,-39.2340931821962,-1.96417856381481,7.37412764422735,9.77995045306706,4.25814966497317,1.3987856073684
-53.0662614149092,-38.4078950578959,-1.15684347292306,7.78970629866271,10.2975898170509,4.56312885050433,1.49768387904958
-52.2895396319865,-37.5258902448229,-0.300941693198694,8.26783556442694,10.861025811498,4.89648495454427,1.60126725914682
-51.4593498904246,-36.5800249614877,0.609290682594388,8.81855395868062,11.4782607435993,5.26186876516373,1.70879386770917
-50.5695745803628,-35.5628252081028,1.57763155064245,9.45039290777851,12.155945976681,5.66227334993551,1.81966084294971
-49.614384407821,-34.4682319640238,2.60486211376284,10.1691488955563,12.8984214164205,6.09954439195302,1.93335347832033
-48.588795526921,-33.2925583309984,3.68762615408571,10.9764588164372,13.7065572535287,6.57372589822923,2.04933667012646
-47.4893703076748,-32.0356592553354,4.81707445267814,11.8680595093539,14.5762943061232,7.0821818328916,2.16688359884435
-46.3151563733526,-30.7024217149894,5.9772405023871,12.8316171586041,15.4967923200971,7.61844756204266,2.28483849963981
-45.0689577080745,-29.3046319860941,7.14322581085864,13.8441302046088,16.4482044575501,8.17083320589844,2.40131978435453
-43.7589566752053,-27.8630947897884,8.27956681587589,14.8692275054625,17.399375773308,8.72097158745122,2.51339743775783
-42.4004931088761,-26.4094939746869,9.33964833582185,15.8552839470743,18.306282840191,9.24282037280752,2.616835646605
-41.0174094698532,-24.9868960413192,10.2676092090851,16.7360933441926,19.1127281856668,9.70305257618755,2.70607439488101
-39.641885232427,-23.6472760249546,11.0043829641772,17.4363765953941,19.7552375879791,10.0640290910592,2.77468307514208
-38.3115244178184,-22.4447051273586,11.498462960022,17.8835703814089,20.1733356031462,10.2900574499397,2.81644054154733
-37.0632828083578,-21.4246832374937,11.7191543464963,18.0241813651135,20.3235986705676,10.3559193885463,2.8268750670524
-35.9257599322832,-20.6131265494239,11.6668301913345,17.83863342169,20.192150438764,10.254362037048,2.80465049401059
-34.9131264496369,-20.010230276202,11.3744199903878,17.3470002532619,19.7990791049741,9.99857120731648,2.75203623320499
-34.0235466950545,-19.5923330183732,10.89881083571,16.6023555870943,19.1921670428757,9.61811507945203,2.67416345098641
-33.2423190917296,-19.3202362929699,10.306700676267,15.6757050228371,18.433590111676,9.15070662665481,2.57751260950768
-32.5474632047391,-19.1493591170381,9.6614981495562,14.6401279367902,17.5862598565214,8.63391486678548,2.4684163057879
-31.9150659920744,-19.0377217932178,9.01528606840279,13.5597064305899,16.7045376073992,8.09967566540423,2.35210632195294
-31.3229149687417,-18.9503153473162,8.40610374856206,12.4845191185235,15.830271714932,7.57210204824236,2.23238115803603
-30.7522873167531,-18.8604377801884,7.85873163266628,11.4501330509423,14.9926902530656,7.06763241882706,2.11169986166322
-30.1884332172503,-18.7492531996445,7.38699555663415,10.4794022232739,14.2102082156833,6.59630290538963,1.99147156800857
-29.6203668372713,-18.6046328416579,6.9962951235603,9.58495670178251,13.4927506288465,6.16328796300481,1.8723848488358
-29.0404004773191,-18.4198986695084,6.68577430472053,8.77154372838192,12.8438805823233,5.77028231091914,1.75470251463821
-28.4436552114498,-18.1927287354787,6.45001000156861,8.03794098457278,12.2625019162271,5.41658800598163,1.63849852373604
-27.8276351483323,-17.9242656866599,6.28031254626884,7.37846201482032,11.7441572025549,5.09991656423305,1.52383571586685
-27.1918666273466,-17.6183663360976,6.16579805920425,6.78419234097322,11.2820377844419,4.81696924956247,1.41088822372371
-26.5375633664498,-17.2809016814748,6.09437371016578,6.24410566758704,10.8678319831442,4.56386442322211,1.30001113957134
-25.8672711905416,-16.9190364383238,6.05371268360135,5.74615875653722,10.4925013098319,4.33646619606127,1.19175900881095
-25.1844630174603,-16.5404664043032,6.03221339994959,5.27838208389469,10.1470175140242,4.13064753679889,1.08685713468779
-24.4930869162939,-16.1526508511837,6.01986492568156,4.82990156462941,9.8230362634682,3.94250119660665,0.986135459418964
-23.7971039887327,-15.7621222556533,6.00890458467085,4.39177571274064,9.51344606376103,3.76849828088154,0.890441307160402
-23.1000736969427,-15.3739673291208,5.99416954159971,3.95753388310426,9.2127270659117,3.60558953512089,0.800550887311632
-22.4048428792267,-14.9915463999145,5.97310401885793,3.52335336716882,8.91708315694085,3.45124772602972,0.717097758739086
-21.713372426515,-14.6164658316359,5.9454598433913,3.08789097413269,8.62435681013855,3.30345718125847,0.640529795088105
-21.0267037121095,-14.2487642347079,5.91278756732845,2.65185379687378,8.33377818476596,3.16066388784757,0.571097369392528
-20.3450389596415,-13.8872383153489,5.87783864213523,2.21742928200882,8.04562210830147,3.02170315011084,0.508867882773752
-19.6678946871013,-13.5298261803033,5.84398619354069,1.78769164021714,7.76084532171564,2.88572089896882,0.453757538173692
-18.9942863562669,-13.1739797387012,5.81473717372846,1.36607177621566,7.48075852515565,2.75210066713645,0.405570632710912
-18.3229109887856,-12.8169821997337,5.7933694303655,0.955938792108871,7.20676391277455,2.6204030891925,0.364038486603922
-17.6523068409766,-12.4561910741334,5.78269568565958,0.560306608551317,6.94016759429649,2.49032023008361,0.328852959312357
-16.9809806573581,-12.0892054748713,5.78493717091199,0.181655939559415,6.68206172403031,2.36164388721816,0.29969219341576
-16.3075012735235,-11.7139672757815,5.80168169565366,-0.178149854222665,6.43326364974762,2.23424530160524,0.27623821747418
-15.6305631067801,-11.3288100430276,5.83390072976777,-0.517879484573335,6.19429729097984,2.10806312168332,0.2581872370892
-14.9490250382723,-10.9324697839643,5.88200394204529,-0.836901314001186,5.96540308808304,1.98309656576151,0.245253998899217
-14.2619303625846,-10.5240695295763,5.94591482131631,-1.13512172197009,5.7465654411876,1.85940118393166,0.237171744838156
-13.5685127295199,-10.103087043778,6.02515588984636,-1.41290752613585,5.53754941240472,1.73708520557396,0.233689174794405
-12.868191963791,-9.6693124001176,6.11893590298168,-1.671001721312,5.33794099793943,1.61630505957506,0.2345656365122
-12.1605626562946,-9.22280014200814,6.22623416914788,-1.91043877098383,5.14718725786261,1.49725921613439,0.239565536447085
-11.445377660071,-8.76381933592496,6.34587889080202,-2.13246359328512,4.964634024902,1.38018000447961,0.248452749041851
-10.7225281220896,-8.29280394363922,6.47661749091018,-2.33845702028068,4.78955988971305,1.26532349775558,0.260985605397317
-9.99202139717705,-7.81030542069264,6.61717752837018,-2.5298696303637,4.62120579652265,1.15295791215255,0.276912866221135
-9.25395804883672,-7.31694912796371,6.76631724788611,-2.70816524017675,4.45879998788058,1.04335122705601,0.295970926622834
-8.5085090688654,-6.81339588689044,6.922865215473,-2.87477483736729,4.30157829662081,0.936758883656569,0.317882361890157
-7.75589436564064,-6.30030971561369,7.08574893503382,-3.03106124614021,4.14879994918285,0.833412452987656,0.342355805854917
-6.99636343331862,-5.77833240898979,7.25401283573854,-3.17829431344188,3.99975914971319,0.733510085098179,0.369087060094372
-6.23017891765301,-5.24806518572524,7.42682654129504,-3.31763590750472,3.85379278334519,0.637209377436106,0.397761266357572
-5.45760352952803,-4.71005714617023,7.6034848035879,-3.45013357126357,3.71028460801956,0.544623057613269,0.4280559363052
-4.67889047146284,-4.16479983846264,7.78340085383526,-3.57672132871569,3.56866631162927,0.455817599043295,0.459644620543757
-3.89427726349097,-3.61272687217121,7.96609512852777,-3.69822594005693,3.42841579460266,0.370814610066264,0.49220100790581
-3.10398263075592,-3.05421730563907,8.15118134364033,-3.81537686711274,3.28905301227463,0.289594588912551,0.525403270357157
-2.30820597021994,-2.48960149120231,8.33835170745117,-3.92881833888175,3.15013368632539,0.212102440150214,0.558938502126944
-1.50712886465858,-1.91916819759402,8.52736270602859,-4.03912217530987,3.01124118859093,0.138254017954451,0.592507138423634
-0.700918150014554,-1.34317211452059,8.71802239620004,-4.14680038829098,2.87197692488859,0.0679429044333284,0.625827274354418
0.110269850599094,-0.76184123905634,8.91017957273431,-4.25231698682305,2.73194961954081,0.00104664957763007,0.658638835957336
0.926284177446771,-0.175384076051245,9.10371458395478,-4.35609879971684,2.59076401760252,-0.0625682096036309,0.69070757749382
1.74697329390294,0.416003015015622,9.29853105847311,-4.4585454521767,2.44800968231084,-0.123042873894824,0.721828890003394
2.57217840344666,1.01212770789756,9.49454742947154,-4.56003883435656,2.30325073509858,-0.180525054726997,0.751831398988539
3.40172607016953,1.61279210367677,9.69168699886333,-4.66095246240224,2.1560175281079,-0.235169833125399,0.78058030144974
4.23542026587028,2.21778100950463,9.88986540922358,-4.76166104488331,2.00580129179226,-0.287142350219276,0.807980342724787
5.07303410167225,2.82684780010761,10.0889748048691,-4.8625503604709,1.85205270522258,-0.336621785489427,0.833978268487906
5.91430165101165,3.43969803824009,10.2888646094296,-4.96402728145856,1.69418505031556,-0.383805832162406,0.85856452145492
6.75891037811594,4.05597156371927,10.4893196056881,-5.06652951924359,1.53158213171471,-0.428914719048911,0.881773907923545
7.60649470772452,4.67522422251405,10.6900367116651,-5.17053450318428,1.36361052918984,-0.472193794705726,0.903684960419044
8.45663119012751,5.29691068053829,10.8906023316968,-5.27656678797487,1.18963511277797,-0.513913806191679,0.924417785646289
9.30883554509743,5.92036978025644,11.09047229377,-5.38520352339054,1.00903623659987,-0.55436826557413,0.944130311028235
10.1625616582795,6.54481365624861,11.28895613823,-5.49707777304253,0.821226766066063,-0.593867665398762,0.963013008321362
11.0172024202608,7.16932140672082,11.4852069828619,-5.61287976154175,0.625667153079927,-0.632730717061835,0.981282344207225
11.87209217207,7.79283762505951,11.6782174903695,-5.73335637080086,0.42187713151115,-0.671273170466444,0.999173344534467
12.726510482818,8.41417564908564,11.8668217978687,-5.85930934979721,0.209443160216232,-0.709795069126342,1.016931733155
13.5796869995514,9.03202504441157,12.0497027430835,-5.99159272575812,-0.0119786536841724,-0.748567465708538,1.03480610540592
14.4308071559217,9.64496263208122,12.2254034116264,-6.131109844862,-0.24266389918427,-0.787819666074097,1.05304053044543
15.2790185549818,10.251466269157,12.3923419045584,-6.27881037019057,-0.482824880098858,-0.827728007392934,1.07186786702496
16.1234378433965,10.8499305632458,12.5488282384334,-6.43568747732622,-0.732618580594125,-0.868407046837211,1.09150395149284
16.9631578654045,11.438683711489,12.6930823709039,-6.60277544158427,-0.992156899069706,-0.909903882748908,1.1121426974695
17.7972548410327,12.0160046838393,12.8232524458717,-6.78114781124207,-1.26151864731194,-0.952196184663768,1.1339520485759
18.6247952810211,12.5801400220918,12.9374324558873,-6.97191639497017,-1.54076304731287,-0.995194395109229,1.1570706553247
19.4448423460937,13.1293196076074,13.0336786263648,-7.17623133016838,-1.82994469344527,-1.03874849382173,1.1816051041539
20.2564614063007,13.661770884628,13.110023963918,-7.39528251608772,-2.12913013738154,-1.08265968146167,1.20762750745729
21.0587246327646,14.17573120413,13.1644905829333,-7.63030265290584,-2.43841636259645,-1.12669732943494,1.23517326171181
21.8507145989841,14.669458209065,13.195099678996,-7.88257201804857,-2.75795142576386,-1.17062153379399,1.26423879490554
22.6315270269895,15.1412384813261,13.1998793340972,-8.15342490061675,-3.08795743377741,-1.2142115700699,1.29477914922907
23.4002730091463,15.5893950279856,13.176870741096,-8.4442573060666,-3.42875578651139,-1.25730043484856,1.32670528203075
24.1560812356888,16.0122945681438,13.12413389934,-8.75653512613392,-3.7807942327054,-1.29981543239035,1.35988101748287
24.8981009593163,16.4083559750994,13.0397543436922,-9.09180145567875,-4.14467475257217,-1.34182437223057,1.39411964667715
25.6255066086603,16.7760615907813,12.9218529811181,-9.45168115102197,-4.52118059725311,-1.38358633881253,1.42918025787699
26.3375050854873,17.113973398536,12.7686015523518,-9.83788010745728,-4.91130000164137,-1.42560513992523,1.46476398304423
27.0333468451898,17.4207561635516,12.5782465350032,-10.2521761813134,-5.31624320465179,-1.46868242952295,1.50051047271111
27.7123417789571,17.6952095023524,12.3491443103972,-10.6963983049099,-5.73744855969778,-1.51396617046313,1.5359950501408
28.3738806742297,17.9363103377265,12.0798099970032,-11.1723903254725,-6.1765728759076,-1.5629886743238,1.57072713432935
29.0174625498664,18.1432662096541,11.7689813373557,-11.6819566369145,-6.63546093473611,-1.61768715197811,1.60415063138753
29.6427274413717,18.3155784025951,11.4156973076179,-12.2267879790762,-7.11608967601491,-1.68039887747471,1.63564703735592
30.2494932376121,18.4531118337703,11.0193886763621,-12.8083679744549,-7.62048412734582,-1.7538231566958,1.66454192288767
30.8377940548051,18.5561663367465,10.5799747640082,-13.4278640278808,-8.15060495156546,-1.84094378088095,1.69011523586449
31.407916585536,18.6255417861688,10.0979576014218,-14.0860098286903,-8.70821146120584,-1.94490889881401,1.71161543612325
31.9604301210475,18.6625880186139,9.5745022668095,-14.7829902002571,-9.29470865783022,-2.06887030732375,1.72827688087496
32.496205927831,18.669230460132,9.01149133117086,-15.5183415208436,-9.9109914530571,-2.21579057915441,1.73933919379242
33.01642256475,18.6479643103278,8.41154288023772,-16.2908813014712,-10.5573024887354,-2.388233146699,1.74406671735312
33.5225557262129,18.601814303249,7.77798596955971,-17.0986779641948,-11.2331206601285,-2.58815589551166,1.74176576054735
34.0163540091064,18.5342630075986,7.11479429202018,-17.9390662007973,-11.9370946845388,-2.81673135248569,1.73179738684672
34.4998051703728,18.4491573089858,6.42648716192571,-18.808705266524,-12.6670298659303,-3.07421503732496,1.71358404241363
34.975100140907,18.3506085674234,5.71801480805505,-19.7036687379257,-13.4199276131315,-3.35987784345642,1.68660936240696
35.4446035664803,18.2429054531823,4.99465045023227,-20.6195467259789,-14.1920682032697,-3.67200950943246,1.65041183977355
35.9108393977431,18.1304585524246,4.26191316295844,-21.5515372011519,-14.9791199588471,-4.00799035117291,1.60457442818117
36.3764978616036,18.017792176138,3.52554242714041,-22.4945031669246,-15.7762542490282,-4.36441973475564,1.54871330603037
36.8444662606734,17.9095918386379,2.7915377905068,-23.4429772110976,-16.5782464709335,-4.73728408272004,1.48246975525142
37.3178808758343,17.810806440868,2.06626608957939,-24.3911038952966,-17.3795482619137,-5.12214531904287,1.40550931175116
37.800191517764,17.7267933950873,1.35662544211685,-25.3325225414922,-18.1743246966858,-5.51433229451811,1.31753201767446
38.2952246915484,17.6634838587012,0.670241059302425,-26.2602068877289,-18.9564605724666,-5.90912178864172,1.2182967565413
38.8072269903035,17.6275354029714,0.0156546802706679,-27.1662920880186,-19.7195501721825,-6.30190066684196,1.10766126140433
39.3408687059845,17.6264331072104,-0.597540057965211,-28.0419309498425,-20.4568927480161,-6.68830515980608,0.985637396894981
39.901190575629,17.6685005569169,-1.15866548583351,-28.8772260486002,-21.1615184538967,-7.06433569209383,0.852458709001213
40.4934857425593,17.762793329942,-1.65606859535225,-29.661277295338,-21.8262634712701,-7.42644526281783,0.708654177365865
41.1231246130761,17.9188715494909,-2.07738004376869,-30.3823614684897,-22.4438966785714,-7.77159578696927,0.555119103633204
41.7953492417517,18.1464823800072,-2.4098905532846,-31.0282217191159,-23.0072749860697,-8.09727091181094,0.393172028066907
42.5150788544201,18.4552175409139,-2.64096721478164,-31.5864009194647,-23.5094780119024,-8.40142819248291,0.224586566576249
43.2867687833103,18.8542271355742,-2.7584075640716,-32.0445232134296,-23.9438589718693,-8.68237239552048,0.0515898016335568
44.1143430448134,19.352050719737,-2.75064905497737,-32.3904380928228,-24.303963221429,-8.93853992800674,-0.123176044342591
