-95.9811770487806
-95.9811768674879
-95.9811763345808
-95.9811761402918
-95.9811760237184
-95.9811759793094
-95.981176007065
-95.9811760625762
-95.9811761458429
-95.981176245763
-95.9811763512342
-95.9811764678076
-95.9811765899321
-95.98117672871
-95.981176873039
-95.9811770284702
-95.9811771950037
-95.9811773948438
-95.9811775613773
-95.9811777612174
-95.9811779610575
-95.9811781497955
-95.9811783940445
-95.9811786049869
-95.9811788159293
-95.9811790490761
-95.9811792489162
-95.9811794598586
-95.981179670801
-95.9811798595389
-95.9811800482768
-95.9811802148103
-95.981180348037
-95.981180492366
-95.9811805922861
-95.9811806700017
-95.9811807144106
-95.9811807255129
-95.9811807033084
-95.9811806477973
-95.9811805589794
-95.9811804146504
-95.981180248117
-95.9811800482768
-95.9811798040278
-95.9811795375742
-95.981179237814
-95.9811788825427
-95.9811785272713
-95.9811781719999
-95.9811777945241
-95.981177405946
-95.9811770395724
-95.9811766398921
-95.9811762735185
-95.9811759293494
-95.9811756406914
-95.9811753409312
-95.9811750522732
-95.9811748302286
-95.9811746636952
-95.9811744860595
-95.9811743750372
-95.9811742529126
-95.9811741862993
-95.9811741196859
-95.9811741196859
-95.9811740974814
-95.981174075277
-95.9811740974814
-95.9811740974814
-95.9811741196859
-95.9811741196859
-95.9811741529926
-95.9811741085836
-95.9811741418903
-95.9811741196859
-95.9811741307881
-95.9811741085836
-95.9811741085836
-95.9811741196859
-95.9811741196859
-95.9811741307881
-95.9811741529926
-95.9811741974015
-95.9811742418104
-95.9811743084238
-95.9811743528327
-95.9811744416506
-95.9811745304684
-95.9811746636952
-95.9811747747175
-95.9811749079442
-95.9811750522732
-95.9811751743977
-95.9811753409312
-95.9811754963624
-95.9811756073847
-95.9811757739182
-95.9811759071449
-95.981176007065
-95.9811761180873
-95.9811762291096
-95.9811762846208
-95.9811763512342
-95.9811764067453
-95.981176440052
-95.9811764622565
-95.9811764511542
-95.981176440052
-95.9811763845408
-95.9811763623364
-95.9811762846208
-95.9811762180074
-95.9811761624962
-95.9811760958829
-95.9811760181672
-95.9811759515539
-95.9811758738383
-95.9811758183271
-95.9811757850204
-95.981175762816
-95.9811757295093
-95.9811757406115
-95.981175762816
-95.9811758072249
-95.9811758738383
-95.9811759515539
-95.9811760625762
-95.9811761847007
-95.9811763401319
-95.9811765066654
-95.9811766954033
-95.9811768952434
-95.9811771061858
-95.9811773615371
-95.9811776168884
-95.9811778722397
-95.9811781386932
-95.981178416249
-95.9811786938047
-95.9811789602583
-95.9811792600185
-95.981179526472
-95.9811797818233
-95.9811800260724
-95.9811802814237
-95.9811805256727
-95.9811807366151
-95.9811809475575
-95.9811811362954
-95.9811813028288
-95.9811814360556
-95.9811815692824
-95.9811816803047
-95.9811817691225
-95.9811818468381
-95.9811818801448
-95.9811819134515
-95.981181935656
-95.981181935656
-95.9811819134515
-95.9811819023493
-95.9811818801448
-95.9811818357359
-95.9811818024292
-95.9811817691225
-95.9811817247136
-95.9811817136114
-95.9811817025091
-95.9811816803047
-95.9811816803047
-95.9811816692024
-95.9811816803047
-95.9811816692024
-95.9811816581002
-95.9811816358958
-95.9811815914868
-95.9811815470779
-95.9811814471578
-95.9811813139311
-95.9811811584999
-95.9811809475575
-95.9811806922062
-95.981180392446
-95.9811800593791
-95.9811796819032
-95.9811792822229
-95.981178849236
-95.981178416249
-95.9811779721598
-95.9811775169683
-95.9811770950836
-95.9811766843011
-95.981176295723
-95.9811759293494
-95.9811755851803
-95.9811752632156
-95.9811749745576
-95.9811747081041
-95.9811744527528
-95.9811742307082
-95.9811739864591
-95.9811737977212
-95.9811736089833
-95.9811734424498
-95.9811732981208
-95.9811731759963
-95.9811730982807
-95.9811730427695
-95.9811730316673
-95.981173064974
-95.9811731426896
-95.9811732648141
-95.9811734424498
-95.98117364229
-95.9811739087435
-95.9811741862993
-95.9811744971617
-95.9811748302286
-95.9811751410911
-95.981175474158
-95.9811757961226
-95.9811760736784
-95.9811763068252
-95.9811765177676
-95.9811766398921
-95.9811766954033
-95.9811766620966
-95.9811765621765
-95.9811763512342
-95.9811760514739
-95.9811756851003
-95.9811752410111
-95.9811747192063
-95.9811742085037
-95.9811736644944
-95.9811731315874
-95.9811726763959
-95.9811723211246
-95.981172054671
-95.981171954751
-95.9811720102621
-95.9811722767157
-95.9811727208049
-95.9811733758364
-95.9811741862993
-95.9811751632955
-95.981176295723
-95.9811775058661
-95.9811787382137
-95.981179959459
-95.9811811362954
-95.9811822021095
-95.9811831346968
-95.981183867444
-95.9811844003511
-95.9811846779068
-95.9811847223158
-95.9811845446801
-95.9811841116931
-95.9811834677637
-95.981182612892
-95.9811815803846
-95.981180392446
-95.9811790823828
-95.9811777057062
-95.9811762513141
-95.9811747969219
-95.9811732981208
-95.9811718548309
-95.9811704448477
-95.9811691014778
-95.9811678802325
-95.9811667700095
-95.9811657930132
-95.9811649492437
-95.9811642831099
-95.9811637946117
-95.9811634615448
-95.9811633283181
-95.9811633616248
-95.9811635947716
-95.9811639944519
-95.9811645384612
-95.9811652379017
-95.9811660594667
-95.9811669809518
-95.981168002357
-95.9811690792733
-95.9811702005986
-95.9811713663328
-95.9811725209647
-95.9811736644944
-95.9811748080242
-95.9811759071449
-95.9811769618568
-95.9811779610575
-95.9811789158493
-95.9811797929255
-95.9811806144906
-95.98118135834
-95.9811820466783
-95.9811826795054
-95.9811832346169
-95.9811837564217
-95.9811842338176
-95.9811846334979
-95.9811850109737
-95.9811853329384
-95.9811856215964
-95.9811858658455
-95.9811860767878
-95.9811862433213
-95.9811863987525
-95.9811865208771
-95.9811866207971
-95.9811866652061
-95.981186709615
-95.981186709615
-95.9811866874105
-95.9811866096949
-95.9811864986726
-95.9811863099347
-95.9811860767878
-95.9811857437209
-95.9811853218362
-95.9811847889291
-95.9811841227953
-95.9811833456392
-95.9811824241541
-95.9811813694422
-95.9811801815036
-95.9811788603382
-95.9811774170483
-95.9811759071449
-95.9811743417305
-95.9811727541116
-95.9811712109016
-95.9811697565094
-95.9811684575484
-95.9811673806321
-95.9811665812715
-95.9811661038756
-95.98116602616
-95.9811663703292
-95.9811671918942
-95.9811684908551
-95.9811702783142
-95.9811725320669
-95.9811752410111
-95.9811783163289
-95.9811816914069
-95.9811852552228
-95.981188930061
-95.9811925382859
-95.9811959577728
-95.981199055295
-95.9812016754213
-95.9812037182317
-95.9812050727038
-95.981205661122
-95.9812054612819
-95.9812044842856
-95.9812027523377
-95.9812003986649
-95.9811975342895
-95.9811942924382
-95.981190906258
-95.9811875200778
-95.9811843226355
-95.981181502669
-95.9811791489962
-95.9811773504349
-95.981176151394
-95.9811755074647
-95.9811753742379
-95.981175618487
-95.9811760736784
-95.9811766065854
-95.9811770062657
-95.981177161697
-95.9811769063457
-95.9811761735985
-95.981174896842
-95.9811730760762
-95.9811707890168
-95.9811680911749
-95.9811651157771
-95.9811620071527
-95.9811589318349
-95.9811560230506
-95.9811534140265
-95.9811512379893
-95.9811495615526
-95.9811484402273
-95.9811479073203
-95.9811479628314
-95.9811485290452
-95.981149628166
-95.9811511824782
-95.9811530809596
-95.9811553236101
-95.9811578216119
-95.9811605083516
-95.981163372727
-95.9811663703292
-95.9811694567492
-95.9811726208848
-95.9811758183271
-95.9811790379739
-95.9811822465184
-95.9811853995518
-95.9811884415629
-95.981191339245
-95.9811940259847
-95.981196401862
-95.9811984668768
-95.9812000544957
-95.9812011536165
-95.9812016865236
-95.9812015755013
-95.9812007761407
-95.9811992773396
-95.9811970457913
-95.9811941037003
-95.981190473271
-95.9811862544235
-95.9811814915668
-95.9811763179275
-95.981170844528
-95.9811652490039
-95.9811596756843
-95.9811543244093
-95.9811493617124
-95.9811449652292
-95.981141290391
-95.9811385037312
-95.9811366940677
-95.9811359613205
-95.9811363498986
-95.9811378264952
-95.9811403355992
-95.9811437883928
-95.9811479961381
-95.981152814506
-95.9811579437364
-95.9811631728869
-95.9811681577882
-95.9811726763959
-95.9811764511542
-95.9811792711207
-95.9811809475575
-95.9811813805445
-95.9811805589794
-95.9811785161691
-95.9811753742379
-95.981171377435
-95.9811668033161
-95.9811619627438
-95.9811572553981
-95.9811530809596
-95.9811498169039
-95.9811478629113
-95.9811474743333
-95.9811488621121
-95.9811521816789
-95.9811574108294
-95.9811644718478
-95.9811731537918
-95.9811831569013
-95.9811940814959
-95.981205516793
-95.9812169631924
-95.9812279544003
-95.9812380574299
-95.9812468837029
-95.9812540890503
-95.981259473632
-95.9812628931189
-95.9812643364089
-95.981263859013
-95.9812616052602
-95.981257786093
-95.9812527012716
-95.9812465950449
-95.9812397449689
-95.9812324397014
-95.9812249234915
-95.9812173850771
-95.9812099687873
-95.9812027634399
-95.9811958023415
-95.9811890965945
-95.9811826350965
-95.9811763512342
-95.9811702117008
-95.9811641387809
-95.9811581102699
-95.98115213727
-95.9811462308835
-95.9811404466215
-95.9811349177109
-95.9811296996627
-95.9811250034193
-95.9811209289008
-95.9811176648451
-95.981115344479
-95.9811141121314
-95.9811140566202
-95.9811152112522
-95.9811176093339
-95.9811211953543
-95.9811259026999
-95.9811315648373
-95.9811379930287
-95.981144954127
-95.9811522482923
-95.981159564662
-95.9811666589871
-95.9811732648141
-95.9811791600984
-95.9811841116931
-95.9811880307804
-95.981190761929
-95.9811922607301
-95.9811925604903
-95.9811917167208
-95.9811898404439
-95.981187098193
-95.9811836676039
-95.9811797818233
-95.9811756628959
-95.9811715439685
-95.981167613779
-95.9811641054742
-95.9811611633832
-95.981158887426
-95.9811573775227
-95.9811566780822
-95.9811567446955
-95.9811575662606
-95.981159031755
-95.9811610523609
-95.9811635059538
-95.9811662371024
-95.9811691236823
-95.9811720435688
-95.9811748746375
-95.9811774947639
-95.9811798484367
-95.981181891247
-95.9811835898883
-95.9811849110537
-95.9811858769477
-95.9811865097748
-95.9811868317395
-95.9811869094551
-95.9811867873306
-95.9811864875704
-95.9811860545834
-95.9811855882897
-95.9811850331782
-95.9811845113734
-95.9811840006708
-95.9811835343771
-95.9811831013901
-95.981182757221
-95.9811824796653
-95.9811823020296
-95.981182224314
-95.9811822576206
-95.9811824019496
-95.9811826906076
-95.9811831124924
-95.9811836787061
-95.9811844003511
-95.9811852885295
-95.9811863432414
-95.9811875644867
-95.9811889522655
-95.981190473271
-95.9811921830145
-95.9811940037802
-95.9811959577728
-95.9811980338898
-95.9812002210292
-95.9812024858842
-95.9812048284547
-95.9812072376387
-95.9812097023338
-95.9812122003356
-95.9812147205419
-95.9812172518504
-95.9812197720566
-95.9812222367518
-95.9812246237313
-95.9812268885862
-95.9812289647033
-95.9812308076735
-95.9812323175768
-95.9812334389021
-95.9812340495247
-95.9812340717292
-95.9812333944932
-95.9812319512032
-95.981229675246
-95.981226444497
-95.9812222589562
-95.9812170964192
-95.9812109679881
-95.9812038736629
-95.9811959022616
-95.9811871648064
-95.9811777390129
-95.9811678358236
-95.981157632874
-95.9811472855954
-95.9811370049302
-95.9811270684341
-95.9811176426406
-95.9811089606966
-95.9811012557488
-95.9810946832285
-95.9810894429758
-95.981085690422
-95.9810835032826
-95.9810830147845
-95.9810842582343
-95.9810872003253
-95.981091863262
-95.9810981471243
-95.981105896481
-95.9811149447987
-95.9811250589304
-95.9811359502183
-95.9811472855954
-95.9811587208925
-95.9811699230428
-95.9811805034683
-95.9811900957952
-95.981198378059
-95.981205083806
-95.9812099909918
-95.981212944185
-95.9812139211813
-95.9812129552873
-95.981210146423
-95.9812057166332
-95.981199921269
-95.9811931489085
-95.981185699312
-95.9811779388531
-95.9811702894164
-95.9811629841489
-95.981156333913
-95.9811505607533
-95.981145820101
-95.981142156365
-95.9811396250565
-95.9811381706643
-95.9811377376774
-95.9811381706643
-95.9811393808074
-95.9811412126754
-95.9811435441438
-95.9811462308835
-95.981149195179
-95.9811522927012
-95.9811554901435
-95.9811586986881
-95.9811618739259
-95.9811650047548
-95.9811680356637
-95.9811709222436
-95.9811736866989
-95.981176295723
-95.9811787382137
-95.9811809919664
-95.9811830347768
-95.981184877747
-95.9811864875704
-95.9811879086558
-95.9811890854922
-95.981190040284
-95.9811907952357
-95.981191339245
-95.9811916945164
-95.9811918832543
-95.9811919387654
-95.9811918499476
-95.9811916501074
-95.9811913836539
-95.9811910283825
-95.9811906620089
-95.9811902623287
-95.9811898737506
-95.9811894851725
-95.9811891521056
-95.9811888856521
-95.9811886636075
-95.981188541483
-95.9811884748696
-95.9811885192785
-95.981188641403
-95.9811888634476
-95.9811891632079
-95.9811895295815
-95.9811899847729
-95.9811904621688
-95.9811909728714
-95.9811914946762
-95.9811920053788
-95.9811924827747
-95.981192882455
-95.9811931933174
-95.981193415362
-95.9811934930777
-95.9811934264643
-95.9811932155219
-95.9811928602505
-95.9811923384457
-95.9811916723119
-95.981190906258
-95.9811900069774
-95.9811890299811
-95.9811879863715
-95.9811868983529
-95.9811857881299
-95.9811846668046
-95.9811835565816
-95.9811824796653
-95.9811814249534
-95.9811804035482
-95.9811793932452
-95.9811784384534
-95.9811774836616
-95.9811765399721
-95.981175618487
-95.9811746970018
-95.9811737533123
-95.9811728207249
-95.9811718548309
-95.9811708778346
-95.9811699008384
-95.9811689127399
-95.9811679579481
-95.9811669920541
-95.9811660483645
-95.9811651379816
-95.9811642609054
-95.9811634504426
-95.9811627176954
-95.9811620626638
-95.9811615297568
-95.9811611300765
-95.9811608747252
-95.981160819214
-95.9811609524408
-95.9811613410189
-95.9811620404594
-95.9811630174556
-95.9811643497233
-95.9811660483645
-95.9811681244815
-95.9811706224833
-95.9811734535521
-95.9811766731988
-95.9811802148103
-95.9811839784663
-95.9811879530648
-95.9811919831743
-95.9811959799772
-95.9811997658377
-95.9812032186314
-95.9812061718246
-95.9812084810885
-95.9812100354007
-95.9812106793301
-95.9812103129565
-95.9812089140755
-95.9812064493804
-95.9812029632801
-95.9811985112857
-95.9811932488286
-95.9811872869309
-95.9811808809441
-95.981174175197
-95.9811674361433
-95.9811609080319
-95.9811547684986
-95.9811492284857
-95.9811444434244
-95.9811405687461
-95.981137671064
-95.9811357947871
-95.9811349288131
-95.9811350398354
-95.9811360612406
-95.9811378264952
-95.9811402911903
-95.9811432554858
-95.9811465750526
-95.9811501166641
-95.9811537137867
-95.9811572442959
-95.9811606637828
-95.9811638390207
-95.981166747805
-95.9811693346246
-95.9811716216841
-95.9811735867788
-95.9811752854201
-95.9811767620167
-95.9811780831821
-95.981179237814
-95.9811803369348
-95.9811814027489
-95.981182468563
-95.9811835898883
-95.9811847445202
-95.9811859546633
-95.9811872314198
-95.981188541483
-95.9811898848528
-95.9811912171205
-95.9811925382859
-95.9811938150423
-95.981195002981
-95.9811961021018
-95.981197079098
-95.9811979339698
-95.9811986667169
-95.9811992662374
-95.9811997436333
-95.9812000989047
-95.9812003542559
-95.9812005540961
-95.9812006762206
-95.9812007650385
-95.9812008205496
-95.981200887163
-95.9812009759808
-95.9812010870031
-95.9812012535366
-95.9812014533767
-95.9812016976258
-95.981201997386
-95.9812023415552
-95.9812027301332
-95.9812031298135
-95.9812035294938
-95.9812039291741
-95.9812042844455
-95.9812045953079
-95.9812048173525
-95.9812049283748
-95.9812049283748
-95.9812047618414
-95.98120440657
-95.9812038625607
-95.9812030854046
-95.9812021084083
-95.9812008427541
-95.9811993661575
-95.9811976342095
-95.981195680217
-95.9811935041799
-95.9811911172004
-95.9811885858919
-95.9811859546633
-95.9811832124124
-95.9811804146504
-95.9811775946839
-95.9811747747175
-95.9811719991599
-95.9811692458068
-95.9811665368626
-95.9811638945318
-95.9811612855077
-95.9811587319948
-95.9811562006863
-95.9811537470934
-95.9811513490116
-95.9811490730544
-95.9811469636307
-95.9811451095582
-95.9811436329616
-95.9811426670676
-95.9811423784096
-95.9811429446233
-95.9811445433445
-95.9811473522088
-95.9811515488518
-95.9811572776026
-95.9811646050746
-95.9811735312677
-95.9811839673641
-95.9811957246259
-95.9812084921907
-95.9812218814804
-95.9812353817924
-95.9812483936062
-95.9812602729926
-95.9812703316132
-95.9812779033342
-95.9812823442263
-95.9812830769735
-95.9812796352821
-95.9812716971875
-95.9812589962361
-95.981241488019
-95.9812192502518
-95.9811925604903
-95.981161829517
-95.981127690159
-95.9810909306746
-95.9810525502647
-95.9810136702544
-95.9809755562979
-95.9809395850719
-95.9809070999462
-95.9808795442108
-95.9808581058041
-95.9808439171539
-95.980837799825
-95.9808402978268
-95.9808516221017
-95.9808715839117
-95.9808996725542
-95.9809350331575
-95.9809764888853
-95.9810226519586
-95.9810719458609
-95.9811226608487
-95.9811731315874
-95.9812216816402
-95.9812667788995
-95.9813070799953
-95.9813414858068
-95.9813691858713
-95.9813896472816
-95.9814027146066
-95.9814085765842
-95.9814077439169
-95.981401093681
-95.9813896805883
-95.9813748813154
-95.9813581502544
-95.9813410195132
-95.981324954586
-95.9813112322294
-95.9813008849508
-95.9812945233729
-95.9812923473358
-95.9812940126703
-95.9812987866293
-95.9813054479675
-95.9813124867814
-95.9813182932479
-95.9813211576233
-95.9813196699244
-95.9813126977238
-95.9812995970921
-95.9812803236204
-95.9812553102957
-95.9812256562387
-95.9811928269438
-95.9811586542791
-95.9811250256237
-95.981093939379
-95.9810670386751
-95.9810457112908
-95.9810308787112
-95.9810228073898
-95.9810213863044
-95.9810258382987
-95.9810350198431
-95.9810475542611
-95.9810618095247
-95.9810762535263
-95.9810895095892
-95.9811005341038
-95.9811086720386
-95.98111365694
-95.9811157552615
-95.9811154999102
-95.9811138123712
-95.9811116474363
-95.9811101153285
-95.9811101486352
-95.9811125356147
-95.9811177647651
-95.9811259915178
-95.9811371270547
-95.9811507716957
-95.9811662926136
-95.98118290155
-95.9811997547355
-95.9812160084006
-95.9812308520824
-95.9812436529539
-95.9812539003124
-95.9812612499888
-95.9812655576542
-95.9812668677174
-95.9812653023029
-95.9812611833755
-95.9812548551042
-95.9812467837828
-95.9812374246027
-95.9812272438576
-95.9812167300456
-95.9812063161536
-95.9811963685553
-95.9811872203176
-95.9811791267917
-95.9811722323067
-95.9811666700894
-95.9811624401397
-95.9811595091509
-95.981157732794
-95.9811570000468
-95.9811570999669
-95.9811578660208
-95.9811590983684
-95.9811606304761
-95.9811623513218
-95.9811641276787
-95.9811658929333
-95.981167613779
-95.9811692680113
-95.9811708556302
-95.9811724099424
-95.981173930948
-95.9811754630557
-95.9811770062657
-95.9811785716802
-95.9811801926058
-95.9811818690426
-95.9811835898883
-95.9811853773473
-95.9811871981131
-95.9811890521856
-95.981190906258
-95.9811927492282
-95.9811944922784
-95.981196113204
-95.9811975675962
-95.981198766637
-95.9811996548154
-95.9812001433136
-95.981200165518
-95.9811996437132
-95.9811985445924
-95.9811967571333
-95.9811942924382
-95.9811910949959
-95.9811871870109
-95.9811826017898
-95.9811773615371
-95.9811715994796
-95.9811654266396
-95.9811590206527
-95.9811525813592
-95.981146353008
-95.9811405465416
-95.9811354950268
-95.9811314094061
-95.9811286116441
-95.9811273015809
-95.9811277345679
-95.9811300105251
-95.9811342404748
-95.9811404244171
-95.9811484624318
-95.9811581879855
-95.9811692791135
-95.9811813805445
-95.9811940259847
-95.981206671425
-95.9812187395492
-95.9812295864282
-95.9812386236436
-95.9812453071862
-95.9812491485579
-95.9812497591805
-95.9812469281118
-95.981240666454
-95.9812311629449
-95.9812188283671
-95.9812043288544
-95.9811885969941
-95.9811727097026
-95.9811579548386
-95.9811456535675
-95.9811371270547
-95.981133574341
-95.9811359613205
-95.9811448542069
-95.9811603418181
-95.9811820022693
-95.981208747542
-95.9812390233239
-95.9812707201912
-95.9813013956534
-95.9813285295041
-95.981349690355
-95.9813626688621
-95.9813658774067
-95.9813583834013
-95.9813400314147
-95.9813115097852
-95.9812742840072
-95.9812304857088
-95.9811827350165
-95.9811339962258
-95.9810873224498
-95.9810456002685
-95.9810113942972
-95.9809867251415
-95.9809729805805
-95.9809707934411
-95.9809799416789
-95.9809995371153
-95.9810278589046
-95.9810627532143
-95.9811015444068
-95.9811413348
-95.9811792600185
-95.9812125667092
-95.9812389123016
-95.9812565093365
-95.981264247591
-95.9812616829758
-95.981249248478
-95.981227987707
-95.9811996437132
-95.981166459147
-95.9811309653169
-95.9810958156559
-95.9810636746994
-95.9810368184044
-95.9810172895814
-95.9810064649069
-95.981005165946
-95.9810135703343
-95.981031156267
-95.9810569578501
-95.9810894318736
-95.9811266576516
-95.9811665146582
-95.9812067380383
-95.9812451739595
-95.9812797796111
-95.9813087675343
-95.9813307499502
-95.9813447609648
-95.9813502454665
-95.9813471590465
-95.9813358569761
-95.9813171164114
-95.9812920364733
-95.9812620160427
-95.9812285761252
-95.9811933487487
-95.9811579992476
-95.9811241374453
-95.9810931511207
-95.9810662948257
-95.9810444789433
-95.9810284140161
-95.9810184886223
-95.9810146916595
-95.9810169121056
-95.9810246836668
-95.9810372846981
-95.9810539491457
-95.9810737444222
-95.9810957379403
-95.981118963806
-95.9811424561252
-95.9811654044351
-95.9811870870908
-95.9812068601629
-95.981224224051
-95.9812388234837
-95.9812503920077
-95.9812587852937
-95.9812639811375
-95.9812660683568
-95.9812651468717
-95.9812614831357
-95.9812554324202
-95.9812473833033
-95.9812377909763
-95.9812271550398
-95.9812160195028
-95.9812049172726
-95.9811943479494
-95.9811847667247
-95.9811765510743
-95.9811699341451
-95.9811651157771
-95.981162118175
-95.9811608969297
-95.9811612410988
-95.9811629286378
-95.9811656597864
-95.9811690903756
-95.9811729095428
-95.9811767953234
-95.9811804812638
-95.9811837564217
-95.9811864986726
-95.9811886080963
-95.9811900624885
-95.981190906258
-95.9811912060182
-95.9811910727915
-95.9811906064978
-95.981189940364
-95.9811891854123
-95.9811884082562
-95.9811877199179
-95.9811871537042
-95.9811867429217
-95.9811864875704
-95.9811863765481
-95.981186420957
-95.9811865208771
-95.981186709615
-95.9811869094551
-95.9811870870908
-95.9811872314198
-95.9811872647265
-95.9811871759086
-95.981186953864
-95.9811865541838
-95.9811859990722
-95.9811852441206
-95.9811842782266
-95.9811831124924
-95.9811817469181
-95.9811801481969
-95.9811783385334
-95.9811763179275
-95.9811740974814
-95.9811716993997
-95.9811691458867
-95.981166459147
-95.9811637168961
-95.9811609302363
-95.981158165781
-95.9811555012458
-95.9811530032439
-95.9811507494912
-95.9811488177031
-95.9811473189021
-95.9811463085991
-95.9811458867144
-95.9811461420657
-95.9811471079597
-95.9811488399076
-95.9811513379094
-95.981154646374
-95.9811587097903
-95.9811634837493
-95.981168868331
-95.9811747858197
-95.981181069682
-95.9811875644867
-95.9811940925981
-95.9812004763805
-95.9812065159937
-95.9812120338022
-95.9812168410679
-95.9812207934618
-95.9812237466551
-95.9812256340342
-95.9812263778836
-95.9812259559989
-95.9812243905844
-95.9812217593559
-95.9812181067221
-95.9812135770122
-95.9812083256573
-95.9812024858842
-95.981196257533
-95.9811898071372
-95.9811833234347
-95.9811769618568
-95.9811708889369
-95.9811652823106
-95.9811602418981
-95.9811558787216
-95.9811523149057
-95.9811496170637
-95.9811478629113
-95.9811471079597
-95.9811473744132
-95.9811486622719
-95.981150982638
-95.9811542800004
-95.9811585099501
-95.9811636169761
-95.9811694789536
-95.9811759071449
-95.9811828349366
-95.9811899958751
-95.9811972123248
-95.981204262241
-95.9812108791702
-95.9812169076812
-95.9812220147072
-95.9812260892257
-95.9812288758854
-95.981230252562
-95.9812300749263
-95.9812283096717
-95.9812249234915
-95.9812199607946
-95.9812135437055
-95.9812057832465
-95.9811969569735
-95.9811873313399
-95.9811772061059
-95.9811669254407
-95.9811568335134
-95.9811473300043
-95.981138636958
-95.9811311540548
-95.981125036726
-95.9811204737093
-95.9811175205161
-95.9811162104529
-95.9811165102131
-95.98111828657
-95.9811213396833
-95.9811255141219
-95.9811306100455
-95.9811363610008
-95.981142589352
-95.9811491507701
-95.9811558343127
-95.9811624956508
-95.9811690348644
-95.9811753076245
-95.9811812251132
-95.9811866430016
-95.9811915279829
-95.981195680217
-95.9811990441928
-95.9812014755812
-95.98120286336
-95.981203152018
-95.9812022416351
-95.981200065598
-95.981196646111
-95.981192016481
-95.9811861878102
-95.9811793377341
-95.9811715883774
-95.9811630951712
-95.9811540579558
-95.9811447209802
-95.9811353395956
-95.9811261691534
-95.9811174872094
-95.9811095935237
-95.9811028544699
-95.9810975031949
-95.981093939379
-95.981092396169
-95.9810932177341
-95.9810966594254
-95.9811029210833
-95.9811121026277
-95.9811242040587
-95.9811390810472
-95.9811564116286
-95.9811756406914
-95.9811960909995
-95.9812168521701
-95.9812369139001
-95.9812551548644
-95.9812704537377
-95.9812818668304
-95.9812885614753
-95.9812900047652
-95.9812860745757
-95.9812769596446
-95.9812632594925
-95.9812459067066
-95.981226055919
-95.9812050616016
-95.9811842893288
-95.9811650269593
-95.9811484180229
-95.9811353284934
-95.9811263134824
-95.9811216061368
-95.9811211398431
-95.9811245371256
-95.9811312428727
-95.9811405021327
-95.9811515044429
-95.9811634393404
-95.9811755074647
-95.9811870426819
-95.981197512085
-95.9812065048915
-95.9812137324434
-95.9812191059228
-95.9812226364321
-95.9812244016867
-95.981224612629
-95.9812234579971
-95.9812212042443
-95.9812180734154
-95.9812142986571
-95.9812101020141
-95.9812056389175
-95.9812010203898
-95.981196401862
-95.9811917944364
-95.9811872980332
-95.9811829126522
-95.9811787271114
-95.9811747192063
-95.9811709333458
-95.9811674472455
-95.9811643275188
-95.9811616407791
-95.9811594647419
-95.981157877123
-95.9811569445357
-95.9811567002866
-95.9811570777624
-95.9811580658609
-95.9811595202531
-95.9811612966099
-95.9811632506025
-95.9811651601861
-95.9811669587474
-95.9811685241618
-95.9811697898161
-95.9811708223235
-95.9811716216841
-95.9811722878179
-95.9811728984405
-95.981173497961
-95.981174175197
-95.9811749301487
-95.9811757295093
-95.9811766176877
-95.981177550275
-95.9811784717601
-95.9811794043475
-95.9811803258326
-95.9811812251132
-95.981182079985
-95.9811829237545
-95.9811837120128
-95.9811845113734
-95.9811852552228
-95.9811859768678
-95.9811866652061
-95.9811873313399
-95.9811879863715
-95.9811886525053
-95.9811892964346
-95.9811899847729
-95.9811907286223
-95.9811915390851
-95.9811924050591
-95.9811933709531
-95.9811944034605
-95.9811955802969
-95.9811967571333
-95.9811979117653
-95.9811989442727
-95.9811997991444
-95.9812002765403
-95.9812002987448
-95.9811996437132
-95.981198189321
-95.9811958356482
-95.9811924605702
-95.9811880751893
-95.9811826906076
-95.9811764067453
-95.9811693901358
-95.9811619072326
-95.981154213387
-95.981146641666
-95.9811395251364
-95.9811331746607
-95.9811279233058
-95.9811240153208
-95.9811216505457
-95.9811209289008
-95.9811218725903
-95.98112445941
-95.9811285672352
-95.9811339518168
-95.9811404355193
-95.981147651969
-95.9811553347123
-95.9811630951712
-95.98117055587
-95.9811774170483
-95.9811833789459
-95.9811881307004
-95.9811915501874
-95.9811934708732
-95.9811938372468
-95.9811926715126
-95.9811901291019
-95.9811863876503
-95.9811816692024
-95.9811762513141
-95.9811704670521
-95.981164627279
-95.9811590206527
-95.9811539913424
-95.9811497613927
-95.9811465195415
-95.9811444545267
-95.9811435885527
-95.9811439771308
-95.9811456202608
-95.9811483736139
-95.98115213727
-95.9811567557978
-95.9811620293571
-95.9811677914146
-95.9811738088234
-95.9811799039478
-95.9811858769477
-95.9811915723918
-95.9811968237467
-95.9812015088879
-95.9812055389975
-95.9812088141554
-95.981211301055
-95.9812129552873
-95.9812137990568
-95.981213810159
-95.9812130441051
-95.9812115564063
-95.9812093581647
-95.9812065381982
-95.9812031964269
-95.9811993772597
-95.9811951917189
-95.9811906953156
-95.9811859990722
-95.9811811918065
-95.9811763401319
-95.9811715550707
-95.981166892134
-95.9811624512419
-95.98115831011
-95.9811545353517
-95.9811512157849
-95.9811484069206
-95.9811461864746
-95.9811445988556
-95.981143699575
-95.981143555246
-95.9811441658687
-95.9811455869541
-95.9811478185024
-95.9811508938202
-95.9811547573963
-95.981159420333
-95.9811648160169
-95.9811708667324
-95.9811774836616
-95.9811846001912
-95.98119206089
-95.9811997214288
-95.9812074152744
-95.9812149869954
-95.9812222367518
-95.98122899801
-95.9812350709299
-95.9812403111826
-95.9812445300301
-95.9812476275523
-95.981249492727
-95.981250070043
-95.9812492817846
-95.9812471834631
-95.981243752874
-95.9812391010395
-95.9812332834709
-95.9812264111903
-95.9812185730158
-95.9812099132762
-95.9812005763006
-95.9811906842134
-95.9811804590593
-95.9811700673718
-95.9811598311155
-95.9811500056418
-95.9811409240174
-95.9811329748206
-95.9811264689137
-95.9811217060569
-95.9811188860904
-95.9811180645254
-95.9811191858506
-95.9811220613283
-95.981126291278
-95.9811315426329
-95.9811373490993
-95.9811432887925
-95.9811490397477
-95.9811543355116
-95.9811590539594
-95.981163084069
-95.9811664813515
-95.9811692791135
-95.9811715550707
-95.9811733647342
-95.9811747636152
-95.9811758405316
-95.9811766065854
-95.9811771505947
-95.9811774725594
-95.9811776835018
-95.9811777168085
-95.9811777168085
-95.9811776168884
-95.9811775280706
-95.9811774281505
-95.9811773171282
-95.9811772394126
-95.9811771950037
-95.9811771950037
-95.9811772283103
-95.9811773282304
-95.9811774503549
-95.9811775946839
-95.9811778167285
-95.9811780720798
-95.9811783607378
-95.9811786827025
-95.9811790157694
-95.981179382143
-95.9811797596188
-95.9811801592991
-95.9811805700816
-95.9811809919664
-95.9811814138511
-95.9811818468381
-95.9811822798251
-95.9811827239143
-95.9811831569013
-95.9811835898883
-95.9811840450797
-95.9811845224756
-95.9811849776671
-95.9811854217563
-95.9811858658455
-95.981186276628
-95.9811866652061
-95.981186953864
-95.9811871203975
-95.9811871537042
-95.9811869871707
-95.9811865874904
-95.9811859102544
-95.981184877747
-95.9811834899682
-95.9811817580203
-95.9811795819832
-95.981177017368
-95.9811741196859
-95.9811709222436
-95.9811674916544
-95.9811639611452
-95.9811604417382
-95.9811570333535
-95.9811538914224
-95.9811511380693
-95.9811489176232
-95.9811473077998
-95.9811463752125
-95.981146208679
-95.9811467748928
-95.9811480294448
-95.9811499834373
-95.9811524592347
-95.9811553791212
-95.9811586098702
-95.9811619849482
-95.981165348924
-95.9811685907752
-95.9811715661729
-95.9811741418903
-95.981176295723
-95.9811779277508
-95.9811790712806
-95.9811797263121
-95.9811799372545
-95.9811797707211
-95.9811793266319
-95.9811787160092
-95.9811780942843
-95.9811775613773
-95.9811772838215
-95.9811774392527
-95.9811781497955
-95.9811795708809
-95.9811818246337
-95.9811849887693
-95.9811891299012
-95.9811942369271
-95.9812002654381
-95.9812070489008
-95.9812143763727
-95.9812219702982
-95.9812294643037
-95.9812364476065
-95.981242498322
-95.9812471834631
-95.9812501144519
-95.9812509804259
-95.9812495704426
-95.9812457623777
-95.9812395784354
-95.9812311851493
-95.9812208822797
-95.9812090584045
-95.9811961798174
-95.9811827905277
-95.9811694456469
-95.9811566669799
-95.9811449652292
-95.9811347400752
-95.9811263023802
-95.9811198741889
-95.9811155554213
-95.9811133349753
-95.9811131018284
-95.981114622834
-95.9811176648451
-95.9811218725903
-95.9811269019006
-95.9811323864024
-95.9811379930287
-95.9811434442237
-95.9811484957385
-95.981152958835
-95.9811567335933
-95.9811598089111
-95.9811622069928
-95.9811640388608
-95.9811654488441
-95.9811666256805
-95.9811677248013
-95.981168968251
-95.9811704448477
-95.9811723322268
-95.9811746192862
-95.981177306026
-95.9811802925259
-95.9811834344571
-95.9811865430815
-95.9811893741502
-95.9811917056186
-95.9811932932375
-95.981193992678
-95.9811936596111
-95.9811922607301
-95.9811898848528
-95.9811866541038
-95.9811828460388
-95.9811787604181
-95.9811747192063
-95.9811711109815
-95.9811682799128
-95.9811664702492
-95.9811658929333
-95.9811666256805
-95.9811686240819
-95.9811717660131
-95.9811758183271
-95.9811804368549
-95.981185310734
-95.9811901291019
-95.981194569994
-95.9811983891612
-95.981201464479
-95.9812037071295
-95.9812051504194
-95.9812058942688
-95.9812060830068
-95.9812058720644
-95.9812054390774
-95.981204939477
-95.9812044953878
-95.9812041734232
-95.9812040179919
-95.981203973583
-95.9812040068897
-95.9812040512986
-95.9812039846852
-95.9812037071295
-95.9812031187113
-95.981202141715
-95.9812006984251
-95.9811987444326
-95.981196257533
-95.9811932266241
-95.9811896850127
-95.9811856438009
-95.9811811473976
-95.9811762846208
-95.9811710998792
-95.9811656930931
-95.9811601197735
-95.981154502045
-95.9811489287254
-95.9811435219393
-95.9811383483
-95.9811335632388
-95.981129233369
-95.9811254697129
-95.9811223832929
-95.9811200185179
-95.9811185086146
-95.9811178757874
-95.9811181311387
-95.9811193190774
-95.9811214507056
-95.9811244483078
-95.9811282896794
-95.9811328860027
-95.9811381151532
-95.981143843904
-95.9811499723351
-95.9811562895041
-95.9811627176954
-95.9811690570689
-95.9811751521933
-95.981180925353
-95.9811862655258
-95.9811910838937
-95.9811954026613
-95.9811991552151
-95.9812023748619
-95.9812051393172
-95.9812074818878
-95.9812094913914
-95.981211256646
-95.9812128553672
-95.981214387475
-95.9812158862761
-95.9812174072816
-95.9812189837983
-95.9812205825195
-95.9812222145473
-95.9812238465751
-95.9812254230918
-95.9812268552795
-95.9812280654226
-95.9812289647033
-95.9812294420992
-95.9812293754858
-95.981228709352
-95.9812272993688
-95.9812250345138
-95.9812218481737
-95.9812176071217
-95.9812122336423
-95.9812056722242
-95.9811978784586
-95.9811888190387
-95.9811784939646
-95.9811669476451
-95.9811542688982
-95.9811406242572
-95.9811261802557
-95.9811112699605
-95.9810961487229
-95.9810812828366
-95.9810671052885
-95.9810541378836
-95.9810429246311
-95.9810339873357
-95.9810278700068
-95.9810250056314
-95.9810257161742
-95.9810302569863
-95.9810386391702
-95.9810507517034
-95.981066261519
-95.9810847245279
-95.9811054745963
-95.9811278122835
-95.9811510159447
-95.9811743750372
-95.9811972345292
-95.9812190504117
-95.981239367493
-95.9812578193997
-95.9812740730648
-95.9812878065236
-95.9812986200959
-95.9813061141013
-95.9813098444506
-95.9813094114637
-95.9813044931757
-95.9812950340755
-95.9812811895944
-95.9812635037416
-95.9812428313889
-95.9812203604749
-95.9811974343694
-95.9811755407713
-95.981156089664
-95.981140324497
-95.9811291334489
-95.9811231049379
-95.9811223166795
-95.9811264467092
-95.981134828893
-95.9811464307236
-95.9811601197735
-95.9811746525929
-95.9811888079365
-95.9812015310924
-95.9812119671888
-95.9812195722165
-95.9812240020064
-95.9812252565584
-95.9812235468149
-95.9812193501719
-95.9812131662297
-95.9812056833265
-95.9811975675962
-95.9811894296614
-95.9811818024292
-95.9811751188866
-95.9811696787938
-95.9811656153775
-95.9811629952512
-95.9811616962902
-95.9811615630635
-95.9811623513218
-95.9811638168162
-95.9811656708887
-95.981167713699
-95.9811696787938
-95.9811714773551
-95.9811729761562
-95.9811741529926
-95.9811750300688
-95.9811756295892
-95.9811760736784
-95.9811764178475
-95.9811767842211
-95.9811772172081
-95.9811778056263
-95.9811786049869
-95.9811796041876
-95.9811808476374
-95.9811823020296
-95.9811839451596
-95.9811857881299
-95.9811877754291
-95.9811899181595
-95.9811922163212
-95.9811946477096
-95.9811972456315
-95.981200021189
-95.9812029854845
-95.9812061607224
-95.9812095469026
-95.9812131884341
-95.981217040908
-95.981221137631
-95.9812254008874
-95.9812298306773
-95.9812343381827
-95.9812388678927
-95.981243319887
-95.981247560939
-95.981251468924
-95.9812548662065
-95.9812575640484
-95.9812593515075
-95.9812600065391
-95.9812592515874
-95.981256820199
-95.9812524903292
-95.98124597332
-95.9812370360247
-95.9812255896253
-95.9812115342018
-95.9811949474698
-95.9811760736784
-95.9811553791212
-95.9811335965455
-95.981111680743
-95.9810908751635
-95.981072623097
-95.9810585565712
-95.981050252103
-95.9810491085733
-95.9810562028984
-95.9810720124743
-95.9810962375407
-95.9811277123634
-95.9811644718478
-95.981203684925
-95.9812419543127
-95.9812756495815
-95.9813012402222
-95.9813155620992
-95.9813161394152
-95.9813013068356
-95.9812703094087
-95.9812231804413
-95.9811607637029
-95.9810844358699
-95.9809962619573
-95.9808987510691
-95.9807952560787
-95.9806898959137
-95.9805879552356
-95.9804960398714
-95.9804222655514
-95.9803762023981
-95.9803684530414
-95.9804097755423
-95.98050957349
-95.9806740530311
-95.9809038025838
-95.9811921719123
-95.9815239731654
-95.9818759471709
-95.9822187951431
-95.9825203539211
-95.9827500479626
-95.9828827751252
-95.9829025148906
-95.9828041491306
-95.9825938617875
-95.9822882617978
-95.9819120516237
-95.9814952961047
-95.9810703249353
-95.9806688016762
-95.9803190370145
-95.9800439126468
-95.9798593824779
-95.9797736177492
-95.9797869848344
-95.9798923894084
-95.9800762645457
-95.9803201028286
-95.9806020439657
-95.9808987621713
-95.981187098193
-95.9814459911001
-95.9816575885064
-95.9818087564734
-95.9818915347022
-95.9819035917242
-95.981848180493
-95.981733561068
-95.9815720791291
-95.9813790002428
-95.9811711220837
-95.9809653755528
-95.9807773925903
-95.9806204958724
-95.9805047551221
-95.980436520815
-95.9804182243396
-95.9804485667348
-95.9805229849842
-95.9806341516156
-95.9807728628803
-95.9809288159086
-95.9810914191728
-95.9812504808255
-95.9813969303447
-95.9815232404182
-95.9816237711131
-95.9816949697156
-95.9817353596293
-95.981745473761
-95.9817276213748
-95.9816855328199
-95.9816240153621
-95.9815485868099
-95.9814650425272
-95.9813789780384
-95.9812956113915
-95.9812193723764
-95.9811537359911
-95.9811010892153
-95.9810627310098
-95.9810388057036
-95.9810284917317
-95.9810301681685
-95.9810415812612
-95.981060088679
-95.9810829037622
-95.9811073730776
-95.9811310763392
-95.9811520373499
-95.9811688350243
-95.9811806477973
-95.9811872647265
-95.9811889855722
-95.981186565286
-95.9811810585798
-95.9811736978011
-95.981165781911
-95.9811584766435
-95.9811527589949
-95.9811493284057
-95.9811485734541
-95.9811505496511
-95.9811550349521
-95.9811615519612
-95.9811694789536
-95.9811781497955
-95.9811867984328
-95.9811948031408
-95.9812015866035
-95.9812067824473
-95.9812101131163
-95.9812115230996
-95.9812110234992
-95.9812088030532
-95.9812050727038
-95.9812001322113
-95.9811942924382
-95.9811878975536
-95.9811812362155
-95.9811746303885
-95.9811683465261
-95.9811626177753
-95.9811577105896
-95.981153824809
-95.9811511491715
-95.9811498946195
-95.9811501943797
-95.9811521927811
-95.981155945335
-95.9811614853479
-95.9811687573087
-95.9811776168884
-95.9811878975536
-95.9811992329307
-95.9812113232594
-95.9812237022462
-95.9812359035972
-95.9812474721211
-95.9812579526265
-95.9812669232285
-95.9812740508603
-95.9812790468639
-95.9812817669103
-95.9812821554884
-95.9812801903936
-95.9812760381595
-95.9812698209106
-95.9812617939981
-95.9812522238757
-95.9812413880989
-95.9812295975304
-95.9812171075214
-95.9812041734232
-95.9811910727915
-95.9811780054665
-95.9811651712883
-95.9811527811993
-95.9811410017331
-95.981130054934
-95.981120074029
-95.9811112699605
-95.9811038314662
-95.9810979472842
-95.9810938172545
-95.9810915857062
-95.9810913414572
-95.9810931844274
-95.9810970924124
-95.9811029432878
-95.9811104594976
-95.9811192746685
-95.9811289003021
-95.9811386036513
-95.9811476963779
-95.9811552792011
-95.9811605638627
-95.9811627398999
-95.9811611855876
-95.9811556344725
-95.9811461198612
-95.9811332412741
-95.9811180645254
-95.9811022438473
-95.9810879663792
-95.9810776635095
-95.9810738110356
-95.9810786738124
-95.9810938061523
-95.9811198075755
-95.9811559231305
-95.9812001433136
-95.9812490819445
-95.9812984757669
-95.9813435619239
-95.98137973299
-95.9814031142869
-95.9814110967905
-95.9814025924821
-95.9813782674956
-95.9813403755838
-95.9812923362335
-95.9812384904168
-95.981183478866
-95.9811317313708
-95.9810871004052
-95.9810524836513
-95.9810296574659
-95.9810191769606
-95.9810205092282
-95.9810320555476
-95.9810516287796
-95.9810764866731
-95.9811037537506
-95.9811306655567
-95.9811548129075
-95.9811743084238
-95.9811878753491
-95.9811949141631
-95.9811954914791
-95.9811902512264
-95.9811802592192
-95.9811669587474
-95.9811519152254
-95.9811367495789
-95.9811229606089
-95.9811118472764
-95.9811043643732
-95.9811011558287
-95.9811024769941
-95.9811082390516
-95.9811180978321
-95.9811313983039
-95.9811473077998
-95.981164915937
-95.9811832790258
-95.9812014422745
-95.981218584118
-95.9812339607069
-95.9812470502364
-95.9812574863328
-95.9812650247471
-95.9812696765816
-95.9812715417563
-95.981270853418
-95.9812679557359
-95.9812632261858
-95.9812570866525
-95.9812499479185
-95.981242209664
-95.9812342271604
-95.981226300168
-95.9812186507314
-95.9812114231795
-95.9812047063302
-95.9811985445924
-95.9811929268639
-95.9811877976335
-95.9811830791857
-95.9811786938047
-95.9811745526729
-95.9811706224833
-95.9811668699295
-95.9811632950114
-95.9811599421379
-95.981156911229
-95.9811542466937
-95.9811521261678
-95.9811506051622
-95.9811497835972
-95.9811497391883
-95.981150449731
-95.9811518708165
-95.9811539358313
-95.9811564449353
-95.9811592982085
-95.9811623513218
-95.9811654488441
-95.9811685130596
-95.981171521764
-95.981174463855
-95.9811773726393
-95.9811802703214
-95.9811832013102
-95.9811861545035
-95.9811891076967
-95.98119206089
-95.981194858652
-95.9811974565739
-95.9811996770199
-95.9812013867634
-95.9812024525775
-95.9812026968265
-95.9812020306927
-95.9812003431537
-95.9811975898006
-95.9811937151223
-95.981188830141
-95.9811829792656
-95.9811763290297
-95.9811691014778
-95.981161540859
-95.9811539247291
-95.9811465861549
-95.9811398026922
-95.9811339407146
-95.9811292444712
-95.9811259582111
-95.9811242373654
-95.9811241596498
-95.9811256695531
-95.9811286005419
-95.9811326306514
-95.9811373379971
-95.981142156365
-95.9811464085192
-95.9811493617124
-95.9811502942998
-95.9811485845563
-95.9811437772906
-95.9811357947871
-95.9811250256237
-95.9811125689214
-95.9811003231614
-95.9810911860259
-95.9810889877843
-95.9810983691689
-95.9811243261832
-95.9811716327863
-95.981243752874
-95.9813419187938
-95.9814639656109
-95.9816037315875
-95.9817508805472
-95.9818916013155
-95.9820100177033
-95.9820902424191
-95.9821185086973
-95.9820852020066
-95.9819863033395
-95.981824066449
-95.9816067402919
-95.9813477585669
-95.9810643075265
-95.9807755163133
-95.980500747217
-95.9802580080549
-95.9800625643936
-95.9799259070415
-95.9798551525282
-95.9798528987754
-95.9799171695863
-95.9800419697565
-95.9802178845948
-95.9804327904656
-95.9806728983992
-95.9809236200648
-95.98117055587
-95.9814003054227
-95.9816012335857
-95.9817641255079
-95.9818824197711
-95.9819525303551
-95.9819737023082
-95.9819477674984
-95.9818788670574
-95.9817727963497
-95.9816365386779
-95.9814777878876
-95.9813045264823
-95.9811246814546
-95.9809458911387
-95.9807757050513
-95.9806213507441
-95.9804900224626
-95.9803889588606
-95.9803251987523
-95.9803054700892
-95.9803355904398
-95.9804194566871
-95.9805580569295
-95.9807483491559
-95.9809822398405
-95.9812464396137
-95.9815228185334
-95.9817900048066
-95.9820254387012
-95.9822081258999
-95.9823213797506
-95.9823548862815
-95.9823061807974
-95.9821809476402
-95.9819922652372
-95.9817589407663
-95.9815033008127
-95.9812486045486
-95.9810166123454
-95.9808253209182
-95.9806874423208
-95.9806095157667
-95.9805916633805
-95.9806282785358
-95.980709102772
-95.9808206135726
-95.9809479228468
-95.9810763534463
-95.9811929268639
-95.9812875955812
-95.9813539314069
-95.981389280908
-95.9813947098986
-95.9813743262039
-95.9813343803795
-95.9812823442263
-95.9812258227721
-95.9811717216041
-95.9811254697129
-95.9810906864256
-95.9810690703833
-95.9810604439504
-95.9810632861213
-95.9810750433832
-95.9810927736449
-95.9811134793043
-95.9811345957462
-95.9811541578759
-95.9811709000391
-95.9811841783065
-95.9811939260646
-95.981200454176
-95.9812042400365
-95.981205805451
-95.981205661122
-95.9812041068098
-95.9812013756611
-95.9811975231872
-95.9811926493082
-95.9811867873306
-95.9811799705612
-95.9811723766357
-95.9811642164965
-95.9811558343127
-95.98114760756
-95.9811399470212
-95.9811333078875
-95.9811280454304
-95.9811245149211
-95.9811229273022
-95.9811234380048
-95.9811260470289
-95.9811306211478
-95.9811369272145
-95.9811445766512
-95.9811530920618
-95.9811618739259
-95.9811702450075
-95.9811775058661
-95.98118290155
-95.9811857215165
-95.9811853218362
-95.9811811584999
-95.9811728762361
-95.9811603751248
-95.981143843904
-95.9811238487873
-95.9811014222822
-95.9810779854742
-95.9810555256624
-95.9810363965197
-95.9810233513991
-95.9810193101873
-95.981027103953
-95.9810492084934
-95.981087377961
-95.9811422895918
-95.981213377172
-95.9812986200959
-95.9813945100585
-95.9814963952255
-95.981598691175
-95.9816954360093
-95.9817806678309
-95.981849046467
-95.9818961532299
-95.9819187351663
-95.9819149715102
-95.9818843293547
-95.9818275192426
-95.981746339735
-95.9816434553673
-95.9815221635019
-95.9813862499992
-95.9812399226045
-95.9810876555167
-95.9809343004103
-95.9807850087202
-95.9806453537659
-95.9805211198095
-95.9804182354418
-95.9803424627204
-95.98029895308
-95.9802917921415
-95.980323400191
-95.9803940547843
-95.980501568782
-95.9806410238961
-95.9808048373034
-95.9809830725078
-95.9811639611452
-95.9813348466731
-95.9814831724692
-95.9815977030765
-95.9816699341864
-95.9816951029424
-95.9816729761975
-95.9816081502751
-95.9815095069594
-95.9813892476014
-95.9812611278643
-95.9811385259357
-95.9810326217614
-95.9809507983245
-95.980896142045
-95.9808674316776
-95.9808600708989
-95.9808676315177
-95.9808834077869
-95.9809017042623
-95.9809188239014
-95.9809333900274
-95.9809460576722
-95.980958925157
-95.9809748235507
-95.9809964840019
-95.9810258382987
-95.9810636746994
-95.9811095713192
-95.981161829517
-95.9812177958597
-95.9812742618027
-95.9813278522681
-95.9813753698135
-95.9814141721083
-95.9814423273642
-95.9814588474828
-95.9814635992373
-95.9814572598638
-95.9814412504478
-95.9814174694706
-95.9813881040716
-95.9813554524125
-95.9813216794281
-95.9812887169065
-95.9812581080577
-95.9812309853092
-95.9812080036926
-95.9811893519458
-95.9811748857398
-95.9811642053943
-95.9811566447755
-95.9811514822384
-95.9811480294448
-95.9811456202608
-95.9811437439839
-95.9811420342405
-95.9811402911903
-95.9811384482201
-95.9811365941476
-95.981134873302
-95.9811334855232
-95.9811326306514
-95.9811325196291
-95.9811332967853
-95.9811350287332
-95.9811377598818
-95.9811414680267
-95.98114606435
-95.9811514822384
-95.9811575773628
-95.9811642275987
-95.9811712775149
-95.9811785272713
-95.9811858880499
-95.9811931489085
-95.9812001211091
-95.9812066048116
-95.9812123335624
-95.9812170520102
-95.9812204381905
-95.9812221590362
-95.9812218259692
-95.9812190837184
-95.9812134659899
-95.9812046064101
-95.9811920830944
-95.9811755407713
-95.9811546685785
-95.9811292000623
-95.9810990575072
-95.9810643630377
-95.9810255607429
-95.9809836165171
-95.9809402067968
-95.9808979184018
-95.9808605927037
-95.9808333811374
-95.9808229117343
-95.9808369338511
-95.9808835743203
-95.9809701717163
-95.98110141118
-95.981277314916
-95.9814913881196
-95.9817296752874
-95.9819711154886
-95.9821896850954
-95.9823580615193
-95.982451975285
-95.9824543511623
-95.9823583168706
-95.9821682799955
-95.9818992285477
-95.9815743328818
-95.9812217371514
-95.9808707290399
-95.9805485645226
-95.9802777478203
-95.9800744659844
-95.9799477451284
-95.9798997168804
-95.9799264732553
-95.9800191324689
-95.9801654598635
-95.9803511446644
-95.9805613431897
-95.9807815559266
-95.9809986156301
-95.9812012091277
-95.9813802658971
-95.9815291690091
-95.9816435774918
-95.9817215151482
-95.9817629930804
-95.9817697987475
-95.981745229512
-95.9816937373681
-95.9816206402841
-95.9815318335444
-95.9814334899889
-95.9813317713554
-95.9812325951326
-95.9811414902312
-95.9810631639968
-95.9810015688234
-95.9809596245975
-95.980939107676
-95.9809406175793
-95.9809635103781
-95.981005887591
-95.9810647294113
-95.9811359391161
-95.9812145651107
-95.9812950451777
-95.9813714063174
-95.981437642223
-95.981488079655
-95.981517589383
-95.9815220524796
-95.9814985823648
-95.9814457246466
-95.9813636791651
-95.9812543444016
-95.9811213396833
-95.9809700606939
-95.9808074907365
-95.9806422340392
-95.9804844047341
-95.9803454714248
-95.9802379352226
-95.9801747857369
-95.9801684907724
-95.9802295308343
-95.9803645228519
-95.9805740774478
-95.9808509559679
-95.9811791156895
-95.9815341428083
-95.9818852841465
-95.9821990331733
-95.982443681919
-95.9825938506853
-95.9826342294967
-95.9825616098087
-95.9823852952901
-95.9821254808979
-95.9818102996834
-95.9814720258301
-95.9811430112367
-95.980851977373
-95.9806211953129
-95.9804647315821
-95.980387770922
-95.9803871714016
-95.9804527855823
-95.9805693256932
-95.9807187062012
-95.9808822198482
-95.9810424472352
-95.9811849221559
-95.9812990752873
-95.981378767096
-95.981422165714
-95.9814313916674
-95.9814116074931
-95.9813700185386
-95.9813148737609
-95.9812543110949
-95.9811956358081
-95.981144565549
-95.9811049416892
-95.9810785627901
-95.9810653955451
-95.981063896744
-95.9810714573628
-95.9810850575948
-95.9811015777134
-95.98111838649
-95.9811334633187
-95.9811457534876
-95.9811548795209
-95.9811611633832
-95.9811654488441
-95.9811686684908
-95.9811718437287
-95.9811757295093
-95.9811808143307
-95.981187242522
-95.9811949363676
-95.9812035628005
-95.9812127554471
-95.9812220813205
-95.9812311851493
-95.9812398337867
-95.9812478495969
-95.9812550771488
-95.9812614942379
-95.9812670009441
-95.9812714862451
-95.9812748169142
-95.9812767931112
-95.981277170587
-95.9812756828882
-95.9812720524589
-95.9812659462322
-95.9812571421637
-95.9812453293907
-95.9812303191754
-95.9812119116776
-95.981190084693
-95.9811649381415
-95.9811367384766
-95.9811060963212
-95.9810739553646
-95.9810416478746
-95.9810110390258
-95.9809842271397
-95.9809635214803
-95.9809511091869
-95.9809486000829
-95.9809566714043
-95.980974690324
-95.9810006473383
-95.9810313894138
-95.9810630973834
-95.9810919853865
-95.9811150669232
-95.9811306655567
-95.9811387035714
-95.981140468826
-95.9811383816067
-95.9811353395956
-95.9811341405548
-95.981137093748
-95.9811456868742
-95.9811605083516
-95.981181214011
-95.9812068601629
-95.9812358702905
-95.9812664458326
-95.9812966216944
-95.9813245993146
-95.9813486578476
-95.9813674650256
-95.9813800660569
-95.9813857948077
-95.981384506949
-95.9813763912187
-95.981361936115
-95.9813419854072
-95.9813175049895
-95.9812897161072
-95.9812598178011
-95.9812290313167
-95.9811985112857
-95.9811692680113
-95.9811421896717
-95.9811179757075
-95.9810971146169
-95.9810799172622
-95.9810665390748
-95.9810569356456
-95.9810509404413
-95.981048320315
-95.9810487199952
-95.9810517509041
-95.9810569689523
-95.9810639522551
-95.9810723011323
-95.9810816492102
-95.9810916634218
-95.9811020662116
-95.9811126910459
-95.9811233824936
-95.9811341183503
-95.9811448875136
-95.9811557788015
-95.9811668699295
-95.9811783385334
-95.9811903622487
-95.9812030854046
-95.9812166634322
-95.9812312073538
-95.9812467615784
-95.9812632927992
-95.9812807121985
-95.9812988088338
-95.9813173162516
-95.981335801465
-95.9813538314869
-95.9813708623081
-95.9813862944081
-95.981399550471
-95.9814100198741
-95.9814171586082
-95.9814204670728
-95.9814195788944
-95.9814142831306
-95.9814044798613
-95.9813903245177
-95.9813720835534
-95.981350223262
-95.9813252876529
-95.981297809633
-95.9812682777006
-95.9812369361046
-95.9812037737429
-95.9811683909351
-95.9811301770586
-95.9810884215706
-95.9810427025864
-95.9809931533329
-95.9809408729306
-95.9808881262347
-95.9808383105276
-95.9807957889858
-95.9807652800571
-95.9807511580202
-95.9807569644866
-95.980784420302
-95.9808332701151
-95.9809010270263
-95.9809831835301
-95.9810736222977
-95.9811653045151
-95.9812509915281
-95.9813239553853
-95.9813788115049
-95.9814118739466
-95.9814215883981
-95.9814084433575
-95.9813749035199
-95.9813250434038
-95.9812639478308
-95.9811971901203
-95.9811302103653
-95.9810679268536
-95.9810141587525
-95.980971559495
-95.9809414169399
-95.9809238643139
-95.9809179801319
-95.9809221101615
-95.9809342004903
-95.9809520972854
-95.9809738354522
-95.9809979050874
-95.9810233402969
-95.9810496969915
-95.9810772416247
-95.9811066292282
-95.9811387923892
-95.9811747303085
-95.9812151535289
-95.9812602618904
-95.9813094891793
-95.9813612588789
-95.9814131062942
-95.9814616341426
-95.9815028900302
-95.9815328771541
-95.9815480205961
-95.9815459000701
-95.9815255274776
-95.981487790997
-95.9814353662658
-95.9813724832337
-95.9813044265623
-95.9812368361845
-95.981175041171
-95.9811233602892
-95.9810846690168
-95.9810601885991
-95.9810494971514
-95.9810508072145
-95.9810613543333
-95.9810778855541
-95.9810971590258
-95.9811163436797
-95.9811332412741
-95.9811464751326
-95.9811553902234
-95.9811600531602
-95.9811609302363
-95.9811588541193
-95.981154790703
-95.981149583757
-95.9811440326419
-95.9811387368781
-95.9811340961458
-95.9811303768987
-95.9811276790568
-95.9811260248244
-95.9811254030996
-95.9811257583709
-95.9811270351274
-95.9811292000623
-95.9811321976645
-95.9811360723428
-95.9811407907907
-95.9811463641103
-95.9811527700971
-95.9811599865468
-95.9811679579481
-95.9811765954832
-95.9811857770276
-95.9811953360479
-95.9812051060105
-95.9812148537686
-95.98122436838
-95.9812333944932
-95.9812417100636
-95.9812490819445
-95.9812553102957
-95.9812602063792
-95.9812636369684
-95.9812655243475
-95.9812657685966
-95.9812643475111
-95.9812612832955
-95.9812565426432
-95.9812501810653
-95.981242209664
-95.9812327172571
-95.9812217260492
-95.9812093581647
-95.9811957579326
-95.9811811251932
-95.9811657597065
-95.9811500278462
-95.9811344070083
-95.9811194078952
-95.9811056300275
-95.9810936396188
-95.9810839806785
-95.981077108398
-95.9810734113553
-95.9810730227773
-95.9810760092772
-95.9810822154239
-95.9810913525594
-95.9811029654922
-95.9811165324176
-95.9811314760195
-95.981147218982
-95.9811632061935
-95.981178949156
-95.9811940481892
-95.9812082035327
-95.9812212264488
-95.9812329948129
-95.9812434975227
-95.9812526790671
-95.9812605949573
-95.9812671785798
-95.9812724077302
-95.9812760936707
-95.9812779921521
-95.9812777590052
-95.9812748280164
-95.9812685996653
-95.9812582523867
-95.9812428535933
-95.9812213374711
-95.9811926048992
-95.9811555012458
-95.9811090051055
-95.9810523948335
-95.9809855483051
-95.9809092981878
-95.980825987052
-95.9807400557899
-95.9806586764422
-95.9805922517987
-95.9805543931935
-95.9805611100428
-95.9806290889986
-95.9807724965067
-95.9809988931859
-95.9813050593894
-95.9816740087049
-95.9820743773321
-95.9824635105022
-95.9827933688651
-95.9830185776056
-95.9831043201298
-95.9830323332689
-95.9828037050414
-95.9824381752128
-95.9819704937637
-95.981445114024
-95.9809098977082
-95.9804104083695
-95.979985481609
-95.9796637611809
-95.9794624111332
-95.9793868715586
-95.9794318688978
-95.9795832811139
-95.9798203581386
-95.9801182087716
-95.9804501876604
-95.9807899825194
-95.981113468202
-95.981400127787
-95.9816340184716
-95.9818043710925
-95.9819058787836
-95.9819384083183
-95.9819067003487
-95.9818195256368
-95.9816887524667
-95.9815283141374
-95.9813530321263
-95.9811775058661
-95.9810151912599
-95.9808775347071
-95.9807733513784
-95.9807084921493
-95.9806856881684
-95.9807046396755
-95.9807622824549
-95.9808531986184
-95.980970160614
-95.9811046974401
-95.9812476830635
-95.9813898027129
-95.9815222634219
-95.9816370826871
-95.9817275547614
-95.9817884393921
-95.9818162726833
-95.9818094559139
-95.9817683221509
-95.9816952028625
-95.9815944057141
-95.9814720813412
-95.9813361012252
-95.9811957690349
-95.9810613321288
-95.9809432710124
-95.980851300137
-95.9807932687795
-95.9807739175922
-95.9807938794022
-95.9808490685887
-95.9809308809234
-95.9810270817485
-95.981123493516
-95.9812060719045
-95.9812630374479
-95.9812865297671
-95.981273695589
-95.9812268885862
-95.9811530365506
-95.9810624534541
-95.9809673184431
-95.9808799771977
-95.9808115430505
-95.9807706091276
-95.9807624711928
-95.9807887501718
-95.9808474254586
-95.9809331901873
-95.9810382394899
-95.9811532030841
-95.9812680889627
-95.9813733381054
-95.9814606238396
-95.9815234513606
-95.981557513003
-95.9815607104453
-95.9815330436875
-95.981476411211
-95.9813943657295
-95.9812918144287
-95.9811748857398
-95.981050540761
-95.9809263623157
-95.9808100886583
-95.9807092248965
-95.9806304767774
-95.9805793177004
-95.9805595557306
-95.9805730227359
-95.9806193967516
-95.9806962574916
-95.9807992417794
-95.9809223544106
-95.9810583678333
-95.9811993883619
-95.9813373779816
-95.9814647316648
-95.9815747991755
-95.9816623513632
-95.9817239354344
-95.9817581636102
-95.9817657131268
-95.9817493262349
-95.9817134438268
-95.9816638501643
-95.9816069845409
-95.9815491530236
-95.9814958734206
-95.9814509760015
-95.9814162260209
-95.9813909795493
-95.9813724055181
-95.9813560408307
-95.9813366341322
-95.9813092782369
-95.9812703649199
-95.9812183953801
-95.9811544354316
-95.9810819600726
-95.9810064538047
-95.9809345779661
-95.9808730827127
-95.9808278966356
-95.9808032385823
-95.9808010958518
-95.9808210132529
-95.9808603373524
-95.9809145828494
-95.9809782208332
-95.9810452005883
-95.9811098044661
-95.9811671585875
-95.9812135103988
-95.9812465728405
-95.9812654799386
-95.9812706202712
-95.9812635037416
-95.9812464396137
-95.9812222811607
-95.9811941925182
-95.9811652712084
-95.981138492629
-95.9811164324975
-95.9811011447265
-95.981094083708
-95.9810959599849
-95.981106862375
-95.9811261025401
-95.981152425928
-95.9811841116931
-95.9812191059228
-95.9812551659667
-95.9812901157875
-95.9813219347794
-95.9813488798922
-95.9813695855516
-95.9813830858636
-95.9813888257166
-95.9813865608616
-95.9813762801964
-95.9813582168678
-95.9813326373293
-95.9812998857501
-95.9812603062993
-95.9812142986571
-95.9811623846285
-95.9811053080628
-95.981044223592
-95.9809808520617
-95.9809177247806
-95.9808582834398
-95.9808069023182
-95.9807687550551
-95.9807494704812
-95.9807544886893
-95.9807881506514
-95.9808529654715
-95.9809485334695
-95.9810711576026
-95.9812136103189
-95.9813658218955
-95.9815158574351
-95.9816513268485
-95.9817610723945
-95.9818363122089
-95.9818717061189
-95.9818658219369
-95.9818208579044
-95.9817422208076
-95.9816376155942
-95.9815161460931
-95.981387204791
-95.9812598289034
-95.981141867707
-95.9810396383709
-95.9809576595028
-95.9808985845356
-95.9808633127501
-95.9808511336036
-95.9808600153877
-95.9808867273537
-95.9809272393919
-95.980976766441
-95.9810300904529
-95.9810817713347
-95.9811264800159
-95.9811593759241
-95.9811766843011
-95.9811760625762
-95.9811571887847
-95.9811219169993
-95.9810742773293
-95.9810200984457
-95.9809662415267
-95.9809196343642
-95.9808863276734
-95.9808704736886
-95.9808737377443
-95.9808949652086
-95.980930281403
-95.9809735467942
-95.9810168899011
-95.9810515843706
-95.9810689704632
-95.9810612988221
-95.9810226630609
-95.9809500433728
-95.9808442058119
-95.9807107792088
-95.9805611100428
-95.9804128619623
-95.9802897715356
-95.9802202160631
-95.980233905113
-95.9803567623929
-95.9806046973988
-95.9809774103704
-95.9814545509197
-95.9819958179509
-95.9825456225971
-95.98304154812
-95.9834242975077
-95.9836470526554
-95.983682091294
-95.9835238067974
-95.983188375115
-95.9827102686717
-95.9821370716263
-95.9815230738847
-95.9809229872377
-95.9803860500763
-95.97995148658
-95.9796454647055
-95.979479808328
-95.9794522525925
-95.9795483423953
-95.9797442301458
-95.9800100841512
-95.9803139521931
-95.9806251366047
-95.9809171585668
-95.981169834225
-95.9813703182988
-95.9815131595931
-95.9815994017177
-95.9816349621612
-95.9816288004234
-95.9815911194539
-95.98153191126
-95.9814601353415
-95.9813832301926
-95.9813071021998
-95.9812362921753
-95.9811742307082
-95.9811233935959
-95.9810854572751
-95.9810613099243
-95.9810511291792
-95.9810543932349
-95.9810699585617
-95.981096059905
-95.9811305545344
-95.9811709555503
-95.9812145762129
-95.9812587075781
-95.9813007628263
-95.9813383549779
-95.9813694634271
-95.9813924339414
-95.9814061118891
-95.9814098089318
-95.981403358536
-95.9813871381776
-95.9813619250127
-95.9813289624911
-95.9812898160273
-95.9812463730003
-95.9812006762206
-95.9811549017253
-95.9811111922448
-95.9810715905896
-95.9810379286274
-95.9810117606708
-95.980994174738
-95.9809858036564
-95.9809867029371
-95.9809964062863
-95.9810138367878
-95.9810374623338
-95.9810653511362
-95.9810954492823
-95.9811256029397
-95.9811540246491
-95.981179237814
-95.981200454176
-95.9812174294861
-95.9812305745267
-95.9812407330674
-95.9812490042289
-95.9812564427232
-95.9812637368884
-95.9812710088492
-95.9812775147562
-95.9812815781724
-95.9812805567672
-95.9812710088492
-95.9812488487977
-95.9812095580048
-95.9811488066009
-95.9810628753388
-95.9809495437725
-95.9808091782755
-95.980646275251
-95.9804708933198
-95.9803002964499
-95.980159597886
-95.9800807720512
-95.9800992239579
-95.9802474942428
-95.980546654939
-95.9809979050874
-95.981576897497
-95.982233738745
-95.9828996061063
-95.9834980274188
-95.9839580372268
-95.9842252234999
-95.9842688441626
-95.9840836256554
-95.9836877090225
-95.9831177538284
-95.9824228652373
-95.9816583434581
-95.9808805323092
-95.980142433838
-95.9794908106382
-95.9789640431197
-95.9785905196853
-95.9783875265074
-95.9783601595099
-95.9785005472114
-95.9787884613483
-95.979192615836
-95.9796741528685
-95.9801907729485
-95.9807014644376
-95.98117055587
-95.9815705914302
-95.9818833967674
-95.9820999346661
-95.9822191948234
-95.982246417492
-95.9821917168036
-95.9820686707857
-95.9818932444456
-95.9816829126936
-95.9814557388583
-95.9812294532014
-95.9810203871037
-95.9808424072506
-95.9807059386364
-95.9806173983502
-95.9805788514068
-95.9805881550757
-95.9806394917884
-95.9807243683386
-95.980832592879
-95.9809533740419
-95.9810764311619
-95.981192738126
-95.9812952006089
-95.9813788448116
-95.9814409728921
-95.9814809853299
-95.9815000256548
-95.9815005918685
-95.9814861145603
-95.9814604906128
-95.9814276835225
-95.9813914569452
-95.9813551193456
-95.9813213241567
-95.9812920808822
-95.9812686995853
-95.9812518130931
-95.9812414991212
-95.9812373801938
-95.9812386791548
-95.9812443857011
-95.9812533452009
-95.9812644030222
-95.9812763823287
-95.9812882284083
-95.9812990419806
-95.9813080902983
-95.9813148737609
-95.9813190481995
-95.9813205247961
-95.9813193257553
-95.9813157397349
-95.9813100775975
-95.9813027834322
-95.9812943568394
-95.9812852530106
-95.9812759049328
-95.9812666678772
-95.9812577749908
-95.9812492706824
-95.9812410883387
-95.9812329726084
-95.9812245238112
-95.9812151979378
-95.98120440657
-95.9811915168807
-95.9811759515539
-95.9811572553981
-95.9811352063689
-95.9811098710794
-95.9810816714146
-95.9810515732684
-95.9810210199308
-95.9809920653143
-95.9809673850565
-95.980950243213
-95.9809442591109
-95.9809532630196
-95.9809809186751
-95.9810301015551
-95.9811022660517
-95.9811968015423
-95.981310344051
-95.9814363654665
-95.9815651402351
-95.9816840229166
-95.9817784917938
-95.9818333368112
-95.9818343915231
-95.9817700429966
-95.9816327750218
-95.9814201562104
-95.9811353840045
-95.9807871292462
-95.9803889699629
-95.9799585698029
-95.9795169563904
-95.9790887433698
-95.9787026744152
-95.9783935661207
-95.9782037623924
-95.9781835563334
-95.9783874932008
-95.9788651000437
-95.9796451316386
-95.980716574573
-95.9820128709765
-95.9834079883315
-95.9847302861583
-95.9857927029795
-95.986431580819
-95.9865420147032
-95.9860999349971
-95.9851667592382
-95.9838760139498
-95.9824075885685
-95.9809553391366
-95.9796950028569
-95.9787580856464
-95.9782162412992
-95.9780775300345
-95.9782938125819
-95.978776437633
-95.9794162036509
-95.9801031985563
-95.9807432199256
-95.9812682665984
-95.9816409018543
-95.9818528878387
-95.9819195012201
-95.9818718393457
-95.9817484935677
-95.9815881884651
-95.9814243861601
-95.9812818668304
-95.9811756962026
-95.981111636334
-95.9810879552769
-95.9810976475239
-95.9811309431124
-95.9811774281505
-95.9812276213334
-95.9812740175536
-95.9813114875807
-95.9813372225504
-95.9813501677509
-95.9813505896356
-95.981339420792
-95.9813178491586
-95.9812871847987
-95.9812490486378
-95.9812054612819
-95.9811592093907
-95.9811136014288
-95.9810722234167
-95.9810382283877
-95.9810136147432
-95.9809987155502
-95.9809919875987
-95.9809901668329
-95.9809887679519
-95.9809827061342
-95.9809668188427
-95.9809365874698
-95.9808884704039
-95.9808205247548
-95.9807327616247
-95.9806281342068
-95.9805134370662
-95.9804006384068
-95.9803081013177
-95.9802611388838
-95.980291092701
-95.9804318800828
-95.980713343824
-95.9811518597142
-95.9817404444507
-95.9824416613131
-95.9831876090611
-95.9838880931763
-95.984446069064
-95.9847759163246
-95.9848193260449
-95.9845550263516
-95.9840008918356
-95.9832092251034
-95.9822573420865
-95.9812357592682
-95.9802363031947
-95.9793416854815
-95.9786175203092
-95.9781074949539
-95.9778314602033
-95.9777862741262
-95.9779489440038
-95.9782810561194
-95.9787342713625
-95.9792561538997
-95.979795833312
-95.9803092781542
-95.9807635037002
-95.9811392586829
-95.981431713632
-95.9816485623932
-95.9818060586315
-95.981923353694
-95.9820171564374
-95.9820977919357
-95.9821677026795
-95.9822225921059
-95.9822542112576
-95.9822537782706
-95.9822149204648
-95.9821355839274
-95.9820186663407
-95.9818716395056
-95.9817053614032
-95.9815325440871
-95.9813661549624
-95.9812178957797
-95.9810971146169
-95.9810098732916
-95.9809587364191
-95.9809426159808
-95.9809572487202
-95.9809958289704
-95.981049819116
-95.9811099265906
-95.9811670808719
-95.9812132994564
-95.9812423650952
-95.9812503698032
-95.9812358702905
-95.9811999323712
-95.9811458645099
-95.9810786960169
-95.9810046774479
-95.9809306255721
-95.9808631795234
-95.9808083789149
-95.9807708644789
-95.9807538447599
-95.9807584965944
-95.9807842093596
-95.9808285627695
-95.98088770435
-95.9809568157333
-95.9810306566666
-95.9811040868175
-95.9811725431692
-95.9812324841103
-95.9812815448657
-95.9813186485192
-95.9813438616841
-95.9813582501745
-95.9813636236539
-95.981362180364
-95.9813563072842
-95.9813482359628
-95.9813399314946
-95.9813329481918
-95.9813283518685
-95.9813266643295
-95.9813279299837
-95.9813316936398
-95.9813371670393
-95.9813432066525
-95.9813484913141
-95.9813515888364
-95.9813511669516
-95.9813460599257
-95.9813353573757
-95.9813186485192
-95.9812959000494
-95.9812675560556
-95.9812345380229
-95.981198089401
-95.9811596645821
-95.9811208955941
-95.9810833145447
-95.9810482648038
-95.9810169454123
-95.9809902001396
-95.9809685951996
-95.980952463659
-95.9809419387447
-95.9809370204567
-95.9809377532039
-95.9809440925774
-95.9809561162928
-95.9809740019857
-95.9809978162696
-95.9810276146555
-95.9810631528946
-95.9811038980796
-95.9811487177831
-95.9811959577728
-95.9812431866602
-95.9812874623545
-95.9813252543462
-95.9813528766951
-95.9813666878695
-95.9813636014495
-95.9813414747046
-95.9812995637854
-95.9812387346659
-95.9811617962103
-95.9810733447419
-95.9809796863276
-95.9808882705637
-95.9808071021584
-95.9807438971616
-95.9807052502981
-95.9806958356069
-95.9807177292049
-95.9807702316517
-95.9808498013359
-95.9809505651776
-95.9810650402737
-95.9811850442804
-95.9813025835921
-95.981410641599
-95.9815037560041
-95.9815783185825
-95.9816325973861
-95.9816665591084
-95.981681580426
-95.9816800261137
-95.9816649381828
-95.9816395029733
-95.9816069068253
-95.9815700363187
-95.9815312895351
-95.9814925427516
-95.9814551060312
-95.9814197454278
-95.9813867051906
-95.9813558298883
-95.9813266532272
-95.9812984868691
-95.9812705092489
-95.9812418321881
-95.9812116674286
-95.9811793155296
-95.981144276891
-95.9811063183658
-95.9810654732607
-95.9810221523583
-95.980977055099
-95.9809313139104
-95.980886405389
-95.980844116994
-95.980806502638
-95.9807758604825
-95.9807545108937
-95.9807448186467
-95.9807488598585
-95.9807684552949
-95.9808047817923
-95.9808583278488
-95.9809287048863
-95.981014425206
-95.9811129241928
-95.9812204714972
-95.9813322154446
-95.9814423051597
-95.9815442791445
-95.9816313428341
-95.9816968015836
-95.9817347934155
-95.9817407331087
-95.9817120449458
-95.9816486623133
-95.98155341628
-95.9814323131525
-95.9812944123506
-95.9811514600339
-95.981017078639
-95.9809055234295
-95.9808299838549
-95.9808004075136
-95.980821357422
-95.9808900358183
-95.9809952849611
-95.9811183753878
-95.9812355705303
-95.9813225120953
-95.9813594381131
-95.9813357237493
-95.9812525902493
-95.9811230161201
-95.9809688838575
-95.9808162170894
-95.9806899958338
-95.9806095712779
-95.9805857903007
-95.9806200850899
-95.9807055056494
-95.9808287959163
-95.9809733580563
-95.9811218725903
-95.9812587186804
-95.981371728282
-95.9814528078695
-95.9814983714224
-95.9815088741323
-95.9814880241439
-95.9814419165816
-95.9813780121443
-95.9813041601087
-95.9812278544803
-95.9811556122681
-95.9810925627025
-95.9810423140084
-95.9810068867917
-95.9809868583683
-95.9809816514223
-95.9809896783348
-95.9810087186597
-95.9810361855773
-95.981069392348
-95.9811057077431
-95.9811427891921
-95.9811786271914
-95.9812116230196
-95.981240622045
-95.9812649470315
-95.9812842538099
-95.9812985534825
-95.9813081569116
-95.9813135859022
-95.9813154843836
-95.981314585103
-95.9813116319097
-95.9813073908578
-95.981302483672
-95.9812975209751
-95.981292935754
-95.9812890721778
-95.9812861522913
-95.9812842760144
-95.9812834433471
-95.9812835876761
-95.9812845091612
-95.9812860634734
-95.9812879841593
-95.9812900602763
-95.9812920475756
-95.9812936462967
-95.9812946899063
-95.9812949341554
-95.9812942125104
-95.9812922807224
-95.9812889611555
-95.981284065072
-95.9812773815294
-95.9812687439943
-95.9812579415242
-95.9812448297903
-95.9812292755657
-95.9812112344416
-95.9811907064179
-95.9811679135392
-95.9811430778501
-95.9811167211555
-95.9810894429758
-95.9810621203872
-95.9810357414881
-95.9810114498083
-95.9809904776954
-95.9809741019058
-95.9809634326625
-95.9809594580641
-95.9809628331421
-95.9809738132478
-95.9809921652344
-95.9810172007636
-95.9810477652034
-95.9810824263663
-95.9811195633264
-95.9811575329539
-95.9811948031408
-95.9812300749263
-95.9812621603717
-95.9812900047652
-95.9813122980435
-95.9813274414856
-95.9813334033832
-95.9813277634503
-95.9813078904581
-95.9812713974273
-95.9812164080809
-95.9811420897516
-95.9810488310175
-95.9809385192578
-95.9808146294705
-95.9806821576592
-95.9805478428777
-95.9804201561276
-95.9803094446876
-95.9802278988064
-95.9801892963519
-95.9802080258143
-95.98029740987
-95.9804672628906
-95.9807207934205
-95.9810518508242
-95.9814428602712
-95.9818651224964
-95.9822808788147
-95.9826480073644
-95.982925873983
-95.9830812496953
-95.9830934288419
-95.9829570268411
-95.982682946083
-95.9822968327195
-95.9818356682796
-95.9813433509815
-95.9808655109917
-95.9804444589096
-95.9801147337735
-95.9798997501871
-95.97981001086
-95.9798427069281
-95.9799830280161
-95.9802066269333
-95.9804832056932
-95.9807802347612
-95.9810669387551
-95.9813173939672
-95.9815129264463
-95.9816432888339
-95.9817065826485
-95.9817084256187
-95.9816600087926
-95.9815759316029
-95.9814719592167
-95.9813629686224
-95.9812613721134
-95.9811761735985
-95.9811126355348
-95.9810725009724
-95.9810545042572
-95.9810553036178
-95.9810703027308
-95.9810944500816
-95.9811229939156
-95.9811518597142
-95.9811779721598
-95.9811992995441
-95.9812147982575
-95.981224224051
-95.9812279432981
-95.9812267775639
-95.9812217371514
-95.9812139489369
-95.9812044731834
-95.9811942757849
-95.9811841949598
