-4.95813587974964,0,0.144836957231611
-4.95843997619143,0,0.142943280920347
-4.95904806962768,0,0.139154732419472
-4.95995997166101,0,0.133468834669646
-4.96117537451083,0,0.125881978932334
-4.96269385478498,0,0.116389340361925
-4.96451485666427,0,0.104984899931966
-4.96663767854045,0,0.091661421220713
-4.96906145209522,0,0.0764104491535349
-4.97178511923569,0,0.0592222938726822
-4.97480740329045,0,0.0400860202411958
-4.97812677597007,0,0.0189894297654611
-4.98174141828482,0,-0.00408095736395975
-4.98564917563499,0,-0.0291399259319504
-4.98984750578013,0,-0.056203591877204
-4.99433341926492,0,-0.0852894341064188
-4.99910341106866,0,-0.116416330600669
-5.0041533826161,0,-0.149604600755429
-5.0094785527736,0,-0.184876053502533
-5.0150733565632,0,-0.222254042578625
-5.02093132992537,0,-0.261763528859548
-5.02704497882168,0,-0.303431150806123
-5.03340563058733,0,-0.347285303038188
-5.04000326529657,0,-0.393356223812935
-5.04682632448835,0,-0.441676091262279
-5.05386149436451,0,-0.492279128808395
-5.06109346010035,0,-0.545201719256221
-5.0685046275739,0,-0.60048252737325
-5.07607480828685,0,-0.658162629811256
-5.08378086281859,0,-0.718285651230713
-5.0915962975621,0,-0.780897904396466
-5.09949080898145,0,-0.846048531663144
-5.10742976900658,0,-0.913789643944645
-5.11537364463697,0,-0.984176452395235
-5.12327734424549,0,-1.05726738639873
-5.1310894825959,0,-1.13312418993139
-5.13875155618626,0,-1.2118119862498
-5.14619702031347,0,-1.29339929854271
-5.15335025927514,0,-1.37795801140332
-5.1601254414907,0,-1.46556325470968
-5.16642525217705,0,-1.55629318796704
-5.17213949767165,0,-1.65022865881333
-5.17714357780488,0,-1.74745270507563
-5.18129682603531,0,-1.84804986441969
-5.18444072171539,0,-1.95210525073354
-5.18639698506706,0,-2.05970335043979
-5.18696557361991,0,-2.17092648720077
-5.18592260927796,0,-2.28585289783245
-5.1830182782349,0,-2.40455435931654
-5.17797476196944,0,-2.52709330323711
-5.17048427672389,0,-2.65351935591793
-5.16020732154607,0,-2.7838652439459
-5.1467712606572,0,-2.91814201691582
-5.12976939514593,0,-3.05633354957986
-5.10876070927206,0,-3.19839031649945
-5.08327050978837,0,-3.34422245557803
-5.05279220454847,0,-3.49369219998601
-5.01679049672716,0,-3.64660579381678
-4.9747062789251,0,-3.80270512384246
-4.92596352711758,0,-3.96165933051227
-4.86997844374823,0,-4.12305687137135
-4.80617109519486,0,-4.28639846553733
-4.73397959427139,0,-4.45109173959686
-4.65287690674599,0,-4.61644805920182
-4.56238981360307,0,-4.78168285431677
-4.46211992517964,0,-4.94591951548987
-4.35176513178919,0,-5.10819897416917
-4.23114178584896,0,-5.2674933360016
-4.1002033701719,0,-5.42272759681912
-3.95905909426945,0,-5.57280290402126
-3.80798105832354,0,-5.7166311409004
-3.64741600203753,0,-5.85316180490317
-3.47796826978323,0,-5.98142810060076
-3.30041129740876,0,-6.10056254520233
-3.11562542352962,0,-6.20985577479435
-2.9246414464501,0,-6.30873415832096
-2.72848852472761,0,-6.39684796964002
-2.52835202563024,0,-6.47396290378906
-2.32523592412204,0,-6.54014004414046
-2.1203783074375,0,-6.59542756596336
-1.91460939293492,0,-6.6403257446407
-1.70906291511485,0,-6.6749730791824
-1.50446764522207,0,-6.70022311045094
-1.30154823307855,0,-6.71649230196849
-1.10104505201568,0,-6.72480621929504
-0.903180113780885,0,-6.72532300573889
-0.708643944683524,0,-6.71916457016761
-0.517839783413417,0,-6.70716630834334
-0.330823369022233,0,-6.68979391337737
-0.148041904993849,0,-6.66803174383374
0.0308995345592633,0,-6.64188103165345
0.205313511477881,0,-6.61258984613945
0.375934149171585,0,-6.57975730733085
0.542001586110506,0,-6.54465181858659
0.704072642359062,0,-6.50702195001998
0.861530542889194,0,-6.46792051280856
1.0151489826462,0,-6.42675451474897
1.16419667865734,0,-6.38461805977164
1.309353495668,0,-6.3409429631042
1.4499755379572,0,-6.29665087745348
1.58669632310914,0,-6.25115523310445
1.71893651607109,0,-6.20524216009425
1.84723476382071,0,-6.15838401536191
1.97112424175383,0,-6.11119784361376
2.09103730826101,0,-6.06325066940796
2.20664101707484,0,-6.01498951145714
2.31826284311818,0,-5.96609633678528
2.42570999417142,0,-5.91686307510794
2.52922138225703,0,-5.86708727734203
2.62873100943859,0,-5.8169381596248
2.72441776080049,0,-5.7663111643985
2.816313439141,0,-5.7152963012213
2.90456870645913,0,-5.66385916509111
2.98927996472214,0,-5.61205232837908
3.07059374047842,0,-5.55988531730468
3.14864411719118,0,-5.50740227850277
3.22358459055094,0,-5.45463894249578
3.29556914781177,0,-5.40164514318926
3.36475884648478,0,-5.34847310619411
3.43131630389097,0,-5.29518208346817
3.4954056346721,0,-5.24183530669894
3.55719026767162,0,-5.18850007722169
3.61683176828159,0,-5.13524651465266
3.67448850802189,0,-5.08214676086176
3.73031460165654,0,-5.02927402104643
3.78445897545633,0,-4.97670167542411
3.8370645995911,0,-4.92450240659157
3.88826786223274,0,-4.87274736932085
3.93819807445618,0,-4.82150540277813
3.9869770904998,0,-4.77084228949611
4.03471902836563,0,-4.72082006341772
4.08153007581635,0,-4.67149636969255
4.12750836737495,0,-4.62292387944571
4.17274391865463,0,-4.57514976348271
4.21731860517635,0,-4.52821522960576
4.26130617376762,0,-4.48215512867914
4.30477227568044,0,-4.43699763470301
4.34777451174266,0,-4.39276400388621
4.3903624811875,0,-4.34946841705502
4.43257782729399,0,-4.30711790876549
4.47445427460621,0,-4.26571238529539
4.51601765425627,0,-4.2252447323875
4.55728591575759,0,-4.18570101230416
4.59826912550722,0,-4.1470607485588
4.63896945410897,0,-4.10929729564269
4.67938115644414,0,-4.07237829026102
4.71949055015465,0,-4.03626618000388
4.759275999829,0,-4.00091882501248
4.79870791568478,0,-3.96629016799075
4.83774877690033,0,-3.93233096779957
4.87635319095004,0,-3.89898959175228
4.91446800131105,0,-3.86621286152244
4.95203245669707,0,-3.83394694715432
4.98897845547141,0,-3.80213830295904
5.02523087901234,0,-3.77073463799013
5.060708027442,0,-3.7396859122611
5.09532217014762,0,-3.70894534789796
5.12898022178936,0,-3.67847044200303
5.1615845518543,0,-3.6482239652633
5.19303393217449,0,-3.61817492739883
5.22322462211398,0,-3.58829948765549
5.2520515853704,0,-3.55858178599047
5.27940982566329,0,-3.52901466874461
5.30519582126898,0,-3.4996002818183
5.32930903082985,0,-3.47035050504295
5.35165343566943,0,-3.44128720387366
5.37213907764185,0,-3.41244227889826
5.3906835470219,0,-3.38385749997059
5.40721337274405,0,-3.35558411979983
5.42166526791117,0,-3.32768227111815
5.43398718716248,0,-3.30022016145124
5.44413915915581,0,-3.27327308922748
5.45209386668913,0,-3.24692231363849
5.45783695816686,0,-3.22125381753054
5.46136708629192,0,-3.19635700706713
5.46269568202092,0,-3.17232339360632
5.46184648297675,0,-3.14924530212965
5.4588548448395,0,-3.12721464689577
5.45376687115901,0,-3.10632180923897
5.44663840126703,0,-3.08665464522383
5.43753389752037,0,-3.06829764290058
5.42652527223426,0,-3.05133124083841
5.41369069179694,0,-3.03583131201289
5.39911339111509,0,-3.0218688104098
5.38288052626884,0,-3.0095095721419
5.36508208754278,0,-2.99881425859266
5.34580988927003,0,-2.98983842606491
5.32515664747194,0,-2.98263270456528
5.3032151513034,0,-2.97724306752725
5.28007752992596,0,-2.97371117429561
5.25583461265069,0,-2.97207476789509
5.23057537699303,0,-2.97236811182214
5.20438647660425,0,-2.97462245117895
5.17735183880909,0,-2.97886648530403
5.14955231961895,0,-2.98512684102241
5.12106540254118,0,-2.99342853765312
5.09196492623053,0,-3.00379543686881
5.06232082501029,0,-3.01625067230378
5.03219886553664,0,-3.03081705534077
5.00166036241751,0,-3.04751745465457
4.97076185547731,0,-3.06637514771953
4.93955473164424,0,-3.08741414247449
4.90808477520603,0,-3.11065946656464
4.87639163152537,0,-3.13613741994148
4.84450817132651,0,-3.16387578405472
4.81245974546507,0,-3.1939039774204
4.78026332378803,0,-3.22625314306682
4.74792651637559,0,-3.26095614844463
4.71544648121503,0,-3.29804747311278
4.6828087292245,0,-3.33756295428196
4.64998584548432,0,-3.37953935563578
4.61693615441466,0,-3.42401372134068
4.58360236619261,0,-3.47102247546035
4.54991025152123,0,-3.52060022774026
4.5157674013898,0,-3.57277825047128
4.48106213702496,0,-3.62758259824703
4.44566264209617,0,-3.68503185299996
4.40941639370966,0,-3.74513449051075
4.37214997025276,0,-3.80788588106544
4.33366931243697,0,-3.87326495523126
4.29376050899449,0,-3.94123058474316
4.25219117082828,0,-4.01171774720992
4.2087124477852,0,-4.0846335608443
4.16306173158964,0,-4.15985329127593
4.1149660778532,0,-4.23721644679089
4.06414637020117,0,-4.31652309184427
4.01032224063203,0,-4.39753052274129
3.95321775161557,0,-4.47995046571362
3.89256783544312,0,-4.56344697793927
3.82812547205201,0,-4.64763525757268
3.75966956385502,0,-4.73208159947384
3.68701342994639,0,-4.81630476688307
3.61001378701271,0,-4.8997790805561
3.52858000569949,0,-4.98193954670372
3.44268332691997,0,-5.06218934000989
3.35236559544504,0,-5.13990991067175
3.25774692867144,0,-5.21447387572059
3.15903160759938,0,-5.28526066847383
3.05651138662816,0,-5.35167464921504
2.9505654088005,0,-5.41316503680927
2.84165602354426,0,-5.46924664250507
2.73032006131252,0,-5.51952003892159
2.61715552126625,0,-5.56368956374458
2.50280413120685,0,-5.60157752218147
2.38793076025449,0,-5.63313316778076
2.27320109831504,0,-5.65843550451134
2.15925926411917,0,-5.6776895944304
2.04670700818588,0,-5.69121675369594
1.93608594176027,0,-5.69943963826779
1.82786380902349,0,-5.70286364905976
1.72242532393073,0,-5.70205627076013
1.62006761364964,0,-5.69762590856734
1.52099992186464,0,-5.69020156016044
1.4253469637849,0,-5.68041433510991
1.33315519163069,0,-5.66888148524425
1.24440120167496,0,-5.65619329175083
1.15900155834923,0,-5.64290289764259
1.07682339516324,0,-5.62951898584411
0.997695251259381,0,-5.61650107751055
0.921417700708321,0,-5.60425714953324
0.847773421934491,0,-5.59314323067547
0.77653643568835,0,-5.58346462082253
0.707480313720651,0,-5.57547837927317
0.640385229541124,0,-5.5693967409059
0.575043789246556,0,-5.56539114063641
0.51126564450129,0,-5.56359655505993
0.448880949545278,0,-5.56411590367441
0.387742776360431,0,-5.56702428824886
0.327728642985161,0,-5.57237288487086
0.268741335847059,0,-5.58019233614852
0.210709215327551,0,-5.5904955189021
0.153586183496973,0,-5.6032795847418
0.0973514646470799,0,-5.61852718825722
0.0420093050623128,0,-5.6362068327523
-0.0124113580158058,0,-5.65627228029929
-0.0658572723557327,0,-5.67866099537634
-0.118251371872773,0,-5.70329162297459
-0.169493545284467,0,-5.73006054502011
-0.219461866648133,0,-5.75883761384258
-0.26801451843566,0,-5.7894612271353
-0.314992653696973,0,-5.82173298299178
-0.360224436036527,0,-5.85541223300424
-0.403530462717621,0,-5.89021093266891
-0.444730716537634,0,-5.92578926818293
-0.483653106012519,0,-5.96175261369927
-0.520143540316006,0,-5.99765043855928
-0.554077343767896,0,-6.0329778320175
-0.585371642301846,0,-6.06718032946699
-0.613998150863878,0,-6.09966268629272
-0.639995562331987,0,-6.12980212060956
-0.663480505262718,0,-6.15696629549484
-0.684655840406357,0,-6.18053590088839
-0.703814968933367,0,-6.19993111554386
-0.721340908806334,0,-6.21464052024298
-0.737699231944809,0,-6.2242503045469
-0.75342457067164,0,-6.22847103801556
-0.769101241197348,0,-6.22715906888328
-0.785339441015596,0,-6.22032992684122
-0.802749235801297,0,-6.20816196758752
-0.821914948097151,0,-6.19098975324127
-0.843372479592815,0,-6.16928801813248
-0.867591574158605,0,-6.14364818980333
-0.894964225031495,0,-6.11475007571234
-0.925799569582134,0,-6.08333141180888
-0.960324891182509,0,-6.05015759136381
-0.998691863366743,0,-6.01599324159066
-1.04098693223387,0,-5.98157659491251
-1.08724467475163,0,-5.94759696538388
-1.13746300143773,0,-5.91467517198376
-1.19161910809745,0,-5.88334647165703
-1.2496850692617,0,-5.85404546214637
-1.31164189148574,0,-5.82709246089635
-1.3774907336695,0,-5.80268103582507
-1.44725991460691,0,-5.78086663470268
-1.52100634790905,0,-5.76155660811066
-1.59881025565027,0,-5.74450230959996
-1.68076247223797,0,-5.72929432832168
-1.76694436102705,0,-5.71536218808912
-1.85740125667322,0,-5.7019799535994
-1.95211127822496,0,-5.68827906353705
-2.05095216300529,0,-5.67326935349307
-2.15366930486037,0,-5.65586868665107
-2.25984837026098,0,-5.63494096127485
-2.36889572851954,0,-5.60934159127066
-2.48002954403913,0,-5.57796889399725
-2.59228381181248,0,-5.53981914254428
-2.70452687871027,0,-5.49404229473898
-2.81549500084298,0,-5.43999459338701
-2.92384012277735,0,-5.37728347241605
-3.02818929305148,0,-5.30579980707292
-3.12721114011987,0,-5.22573292308938
-3.21968309096667,0,-5.13756524737605
-3.30455215152063,0,-5.04204601864452
-3.38098258894707,0,-4.94014658117281
-3.44838582921184,0,-4.83300260445056
-3.5064308237529,0,-4.72185026126466
-3.55503619871349,0,-4.60796352021645
-3.59434785704608,0,-4.49259841156332
-3.62470689861659,0,-4.3769479962922
-3.64661276014305,0,-4.26210951517108
-3.66068569078836,0,-4.14906335411731
-3.6676315122618,0,-4.03866227758187
-3.66821043295924,0,-3.93162883903794
-3.66321071272149,0,-3.82855881937987
-3.65342728547927,0,-3.72992877657943
-3.63964502494708,0,-3.63610614994524
-3.62262612356619,0,-3.54736074018296
-3.60310097875206,0,-3.46387672304835
-3.58176198504472,0,-3.38576462717288
-3.55925967426088,0,-3.31307291470651
-3.5362007022175,0,-3.24579895599701
-3.51314723633672,0,-3.1838992986209
-3.49061734805301,0,-3.12729920751594
-3.46908605689005,0,-3.07590150476722
-3.44898671112198,0,-3.02959476977246
-3.43071242548806,0,-2.98826097564945
-3.41461733163523,0,-2.95178263691157
-3.40101743335524,0,-2.9200495271315
-3.39019089718266,0,-2.89296499438345
-3.3823776499652,0,-2.87045185857305
-3.37777819868222,0,-2.85245782166749
-3.37655163384317,0,-2.83896026428059
-3.37881282570184,0,-2.82997024639318
-3.38462887141602,0,-2.82553548332801
-3.39401490003851,0,-2.82574203749942
-3.40692938955322,0,-2.83071445778156
-3.4232691947381,0,-2.84061411530438
-3.44286452510663,0,-2.8556355279935
-3.465474147128,0,-2.87600053415304
-3.49078111264693,0,-2.90195026309586
-3.51838933380429,0,-2.93373495151078
-3.54782133138521,0,-2.97160175995888
-3.57851747619451,0,-3.01578084618798
-3.60983702070212,0,-3.06647004275848
-3.64106118191826,0,-3.12381855886991
-3.67139849035185,0,-3.18791017564395
-3.69999257118331,0,-3.25874642944129
-3.72593248181482,0,-3.33623028303319
-3.74826570414743,0,-3.42015077953076
-3.7660138865479,0,-3.51016917485227
-3.77819144880073,0,-3.60580707191283
-3.78382719167844,0,-3.70643715597389
-3.78198906483709,0,-3.8112772741731
-3.77181219969231,0,-3.91938881950212
-3.75253014956479,0,-4.0296806534242
-3.72350893173141,0,-4.14092007831288
-3.68428287918267,0,-4.25175254893577
-3.6345904694563,0,-4.3607317387303
-3.57440727415674,0,-4.46636106884554
-3.50397216191457,0,-4.56714670969263
-3.42380222139592,0,-4.66166034176751
-3.33469195591393,0,-4.74860780882908
-3.23769346627369,0,-4.82689768637961
-3.13407663126609,0,-4.89570239361443
-3.02527133777126,0,-4.95450442269836
-2.91279684908921,0,-5.00312180867952
-2.79818557385475,0,-5.04170982335584
-2.6829092235442,0,-5.07073928077517
-2.56831455243744,0,-5.09095488938879
-2.45557396629833,0,-5.10331912228216
-2.34565389121764,0,-5.10894789528315
-2.23930146887154,0,-5.1090441260378
-2.13704821967038,0,-5.1048343594605
-2.03922790398819,0,-5.09751243184917
-1.94600490713769,0,-5.08819284000159
-1.85740904131343,0,-5.07787521127324
-1.7733726701276,0,-5.067420114005
-1.69376648302789,0,-5.05753547602826
-1.61843100281702,0,-5.04877216252833
-1.54720187293935,0,-5.04152685325715
-1.47992798256161,0,-5.03605025843733
-1.41648239372885,0,-5.03245887615694
-1.35676672786688,0,-5.03074883616491
-1.3007101049626,0,-5.03081079677194
-1.24826392483774,0,-5.03244527510354
-1.19939379309416,0,-5.03537813396049
-1.15406979594722,0,-5.0392761870745
-1.11225618253006,0,-5.04376300776188
-1.07390136456172,0,-5.04843503842766
-1.03892901149521,0,-5.05287801426831
-1.00723090256031,0,-5.05668355570256
-0.97866207867241,0,-5.05946558060064
-0.953038694712469,0,-5.06087597844761
-0.930138788951308,0,-5.06061882026309
-0.909705958430423,0,-5.05846229637132
-0.891455673340629,0,-5.05424761344364
-0.875083713974989,0,-5.04789425343437
-0.860276013549955,0,-5.03940128012709
-0.846719077119718,0,-5.02884472554437
-0.834110141278293,0,-5.01637143415227
-0.822166337273012,0,-5.00219002589064
-0.810632295186972,0,-4.98655981722598
-0.799285839799534,0,-4.96977859849145
-0.787941639689807,0,-4.95217011827794
-0.776452849384649,0,-4.93407200165166
-0.764710913183712,0,-4.91582466433554
-0.752643775755408,0,-4.89776161147397
-0.74021277583405,0,-4.8802013496343
-0.727408497898814,0,-4.86344100637645
-0.714245836443597,0,-4.84775164687387
-0.700758500719403,0,-4.83337520025471
-0.686993163970001,0,-4.82052285562264
-0.673003445786245,0,-4.8093747544485
-0.658843911028361,0,-4.80008078757826
-0.644564271997449,0,-4.79276229705575
-0.630203987491748,0,-4.78751448108079
-0.615787456629974,0,-4.78440930087749
-0.601320000177202,0,-4.78349868809162
-0.586784802237607,0,-4.78481784922275
-0.572140947976792,0,-4.78838846032578
-0.557322639413439,0,-4.79422154384655
-0.542239605720281,0,-4.80231982478003
-0.526778654148793,0,-4.81267938076978
-0.510806241406873,0,-4.82529043483503
-0.494171891783859,0,-4.84013719233559
-0.476712254585869,0,-4.85719669437261
-0.458255583557382,0,-4.87643674321192
-0.438626435051369,0,-4.89781304344985
-0.417650415806356,0,-4.92126578561464
-0.395158857895797,0,-4.94671596674796
-0.37099334835814,0,-4.97406178708561
-0.34501008478734,0,-5.00317547839006
-0.317084058233531,0,-5.03390090696788
-0.287113076809909,0,-5.06605225603159
-0.255021636705266,0,-5.09941403383354
-0.220764624215128,0,-5.13374258319653
-0.184330797254108,0,-5.16876919141439
-0.145745952778876,0,-5.20420482157943
-0.105075643004455,0,-5.23974640877802
-0.0624272637457433,0,-5.27508458604606
-0.0179513086791684,0,-5.30991262275742
0.0281584293935834,0,-5.34393627024861
0.0756659178119816,0,-5.37688411720428
0.124295369438486,0,-5.40851796708317
0.173735243705783,0,-5.43864267379174
0.223643744553586,0,-5.46711482619064
0.273655664690701,0,-5.49384967355145
0.323390286257482,0,-5.51882574486129
0.372459921766996,0,-5.54208673747504
0.420478587533467,0,-5.56374042528839
0.467070261586073,0,-5.58395454189233
0.511876197631529,0,-5.60294980126581
0.554560843888244,0,-5.62099039809703
0.594816039332822,0,-5.6383724588384
0.632363313359069,0,-5.655410981428
0.666954280458268,0,-5.67242580734358
0.698369284664366,0,-5.68972712631994
0.726414599448376,0,-5.70760094069292
0.750918622374546,0,-5.72629483460734
0.771727617611975,0,-5.74600432388628
0.788701650521769,0,-5.76686002242075
0.801711421247356,0,-5.78891586288753
0.810636728111104,0,-5.81213866005243
0.815367261508225,0,-5.83639940362922
0.815806326807041,0,-5.86146680613317
0.811877903225583,0,-5.88700379104809
0.803537153470271,0,-5.91256775863496
0.790784106682927,0,-5.93761557078719
0.773679762886834,0,-5.96151420388236
0.752363350045017,0,-5.98355787740023
0.72706896782658,0,-6.00299212884639
0.698139460340885,0,-6.01904474250372
0.666035175049076,0,-6.03096265611018
0.631335390888285,0,-6.03805302662192
0.594730716005366,0,-6.03972566656174
0.55700568392193,0,-6.03553326980423
0.519012035400605,0,-6.02520547082763
0.481634561107128,0,-6.00867302989124
0.445752603998701,0,-5.98607938544691
0.412201075888078,0,-5.95777834428816
0.381734925968781,0,-5.92431847640142
0.355000393379376,0,-5.88641643349106
0.33251526205377,0,-5.84492255416172
0.314659018500247,0,-5.80078256438332
0.301672601139518,0,-5.7549989538885
0.293666537244368,0,-5.70859489760458
0.290635767413009,0,-5.66258265157988
0.292479317356128,0,-5.61793741223257
0.299023086512633,0,-5.57557683287603
0.310044263748206,0,-5.536345802434
0.325296154882706,0,-5.50100570426176
0.34453245221874,0,-5.47022715160838
0.367530161747785,0,-5.44458509733483
0.394110521166421,0,-5.42455520445534
0.424157296357109,0,-5.41051042042717
0.457631847400024,0,-5.40271681450165
0.49458432306607,0,-5.40132791516004
0.535160294096696,0,-5.40637702814782
0.579602093447912,0,-5.41776732720102
0.6282441230572,0,-5.43525988495188
0.681501440522022,0,-5.45846023688492
0.739851082074607,0,-5.48680452242973
0.803805829551189,0,-5.51954669174767
0.873880495984131,0,-5.55574866832923
0.950551281945187,0,-5.59427568262486
1.03420933059279,0,-5.63379921405473
1.12511027384508,0,-5.6728100760117
1.22332231691236,0,-5.70964412012712
1.32867626427619,0,-5.74252275751087
1.44072184101335,0,-5.76960986982241
1.55869563011763,0,-5.78908551610095
1.68150670123812,0,-5.79923491225675
1.80774611846958,0,-5.79854835600139
1.93572539682103,0,-5.7858242968676
2.06354610712093,0,-5.76026433598311
2.18919814639427,0,-5.72154683325106
2.31067847270076,0,-5.66986638240712
2.42611698241374,0,-5.60593044714827
2.53389358315268,0,-5.53091136929083
2.63273156602313,0,-5.44635982356608
2.72175684021799,0,-5.35409213100803
2.80051887343168,0,-5.25606688368152
2.86897526953286,0,-5.15426576767244
2.92744635557833,0,-5.05059027716122
2.97654847790028,0,-4.94678166495286
3.01711523459896,0,-4.84436719385587
3.05011520248069,0,-4.74463219847956
3.07657336873006,0,-4.64861484086069
3.09750177048417,0,-4.55711873619335
3.11384296779404,0,-4.4707377844189
3.12642809184791,0,-4.38988750878982
3.135949507343,0,-4.31483786246897
3.14294678710638,0,-4.245743622424
3.14780383747893,0,-4.18266988325438
3.15075465243228,0,-4.12561152448662
3.15189523350822,0,-4.07450664819286
3.15119955309799,0,-4.02924476468432
3.14853791101553,0,-3.98967093597848
3.14369651495564,0,-3.95558723104733
3.1363975220286,0,-3.92675279364705
3.12631906939124,0,-3.9028836594568
3.11311498606484,0,-3.88365324866526
3.09643392453324,0,-3.86869423923958
3.07593760200452,0,-3.85760230630541
3.05131772990375,0,-3.84994198979907
3.02231107819479,0,-3.84525471641632
2.98871201748535,0,-3.84306874976011
2.95038185602739,0,-3.84291058598184
2.90725437923349,0,-3.84431707988093
2.85933722033411,0,-3.84684741929672
2.80670902234892,0,-3.85009400427026
2.74951273990969,0,-3.85369135643589
2.6879458001338,0,-3.8573223799281
2.62224812145193,0,-3.86072158390961
2.55268912829996,0,-3.86367520370404
2.47955488472194,0,-3.86601846328559
2.40313632378619,0,-3.86763046005282
2.32371931818512,0,-3.86842729981427
2.24157707249479,0,-3.86835416600312
2.15696506288025,0,-3.86737698989197
2.07011853287545,0,-3.86547432319307
1.98125238464498,0,-3.86262992499267
1.89056318147382,0,-3.85882647896184
1.79823288998022,0,-3.85404076326156
1.70443392933656,0,-3.84824050616487
1.60933505190584,0,-3.84138307207091
1.51310755196053,0,-3.83341603071653
1.41593128787071,0,-3.82427956392339
1.31800001275139,0,-3.81391055969796
1.21952554426445,0,-3.80224813797867
1.12074036952506,0,-3.78924025479935
1.0218983753781,0,-3.7748509531951
0.92327351216966,0,-3.75906778013965
0.825156330416152,0,-3.74190887567378
0.72784846176678,0,-3.72342926356386
0.63165523635687,0,-3.70372592585241
0.536876730263718,0,-3.6829413148611
0.443797618172983,0,-3.66126503246567
0.3526762730752,0,-3.638933478432
0.263733615864806,0,-3.61622733626123
0.177142279833478,0,-3.59346683543779
0.0930167164009518,0,-3.57100481947667
0.0114049151136106,0,-3.54921777567225
-0.0677175809292833,0,-3.5284951507685
-0.144450739165192,0,-3.50922747506573
-0.218969692278972,0,-3.49179401524803
-0.291520707035893,0,-3.47655083138553
-0.362413453099327,0,-3.46382018549116
-0.432009827704394,0,-3.45388221154463
-0.500709824652413,0,-3.44696960585352
-0.568935098090646,0,-3.44326584864506
-0.637110951606899,0,-3.44290715202676
-0.705647493416826,0,-3.44598797721585
-0.774920667604568,0,-3.45256960179013
-0.845253832358919,0,-3.46269086788594
-0.916900531914988,0,-3.47637992994788
-0.990029101721939,0,-3.49366558322015
-1.06470973437729,0,-3.51458664438518
-1.1409045785115,0,-3.53919793071286
-1.2184613067469,0,-3.56757167897689
-1.29711035908022,0,-3.59979374205805
-1.37646577277496,0,-3.63595451207139
-1.45602921782861,0,-3.67613510479722
-1.53519665580139,0,-3.72038976106584
-1.61326700259638,0,-3.76872559503455
-1.689452335621,0,-3.821080758733
-1.7628895290769,0,-3.87730189449591
-1.83265368078322,0,-3.93712155716197
-1.89777424714065,0,-4.00013625589401
-1.95725535679409,0,-4.06578601702237
-2.01010222858591,0,-4.1333369911253
-2.05535581165161,0,-4.2018696440923
-2.09213742733086,0,-4.27027638810797
-2.11970395281988,0,-4.337273805678
-2.1375115822066,0,-4.40143524092432
-2.14528237455482,0,-4.46124848193328
-2.14306335721934,0,-4.5151995328205
-2.13126468764597,0,-4.56187686641965
-2.11066376981418,0,-4.60008261463101
-2.08236794738539,0,-4.62893137131844
-2.0477384514705,0,-4.64791742119761
-2.00828861247703,0,-4.65693847982171
-1.96557512165899,0,-4.65627552954466
-1.92110007847826,0,-4.6465387371905
-1.8762352945153,0,-4.628594638557
-1.83217261761134,0,-4.60348914952618
-1.78989809465433,0,-4.57237669783316
-1.75018482928883,0,-4.53646068798541
-1.71359896432695,0,-4.49694648872565
-1.68051422033886,0,-4.45500577335779
-1.65113185081841,0,-4.41175012836514
-1.62550411513234,0,-4.36821186406653
-1.60356016203859,0,-4.32533043145459
-1.58513352933242,0,-4.28394342939654
-1.56999040039987,0,-4.24478166972055
-1.55785748845141,0,-4.20846805184339
-1.54844814597397,0,-4.17552005919315
-1.54148520535379,0,-4.14635556497451
-1.53671925976572,0,-4.12130140845421
-1.53394159135945,0,-4.10060397630559
-1.53299163348051,0,-4.08444088079155
-1.53375953789412,0,-4.0729328068722
-1.53618493931636,0,-4.06615469141409
-1.54025326999998,0,-4.06414555234067
-1.54599096633268,0,-4.06691644952942
-1.5534606832231,0,-4.07445619488764
-1.56275727339122,0,-4.086734525619
-1.57400487423093,0,-4.10370252598054
-1.5873550295214,0,-4.12529015755296
-1.60298539145494,0,-4.15140086911189
-1.62109822591435,0,-4.18190343189751
-1.64191771049663,0,-4.2166213968558
-1.66568491132522,0,-4.25532088551861
-1.6926493982549,0,-4.29769776221824
-1.72305674277444,0,-4.34336551737103
-1.75713163146791,0,-4.39184532781113
-1.79505694777421,0,-4.44255967399948
-1.83694978875843,0,-4.49483056482263
-1.88283582746879,0,-4.54788291373492
-1.93262358085262,0,-4.60085307194421
-1.98607997858629,0,-4.65280213926124
-2.04280826178815,0,-4.70273359444484
-2.10222888974814,0,-4.74961507671946
-2.16356405404399,0,-4.79240474992497
-2.22582681225592,0,-4.83008340953348
-2.28781686934473,0,-4.86169405517771
-2.34812657856325,0,-4.88639064237398
-2.40516243532968,0,-4.90349665790663
-2.45718840800307,0,-4.91257158394739
-2.50239666670529,0,-4.9134791332677
-2.53900732828645,0,-4.90644612771774
-2.56539127342065,0,-4.89209709874696
-2.58020054409359,0,-4.87145003133061
-2.58248342722015,0,-4.84586523513224
-2.57176090800551,0,-4.81695106952629
-2.5480496834571,0,-4.78644239309078
-2.5118310950671,0,-4.75607427948853
-2.46397848268248,0,-4.72747191998359
-2.40566213526915,0,-4.70206971572955
-2.33825019210562,0,-4.68106307173576
-2.26321825397406,0,-4.66538931437305
-2.18207375916674,0,-4.65573090174094
-2.09629581292374,0,-4.65253401127837
-2.00728791849769,0,-4.65603720193599
-1.9163396642283,0,-4.66630684215993
-1.82459325672047,0,-4.68327751175453
-1.73301134060648,0,-4.70679615300527
-1.64234354482978,0,-4.73666814809626
-1.55309060359449,0,-4.77270176596508
-1.46546679386653,0,-4.81474495672294
-1.37936384189549,0,-4.86270619873283
-1.29432216875331,0,-4.91655039775036
-1.20951776230189,0,-4.97626305244913
-1.12377409766435,0,-5.04178155580845
-1.03560733729702,0,-5.11290059918031
-0.943308976416327,0,-5.18916671290688
-0.845063616434558,0,-5.26978202864801
-0.739092222664928,0,-5.35353727587734
-0.623805288087903,0,-5.43878860613573
-0.497947799096145,0,-5.52348384437668
-0.360719676320374,0,-5.60523419131387
-0.211860748398036,0,-5.68142022387046
-0.0516962784103712,0,-5.74931806658592
0.118854872803579,0,-5.80623286606726
0.298304043311805,0,-5.84963064370186
0.484643064968055,0,-5.877263911798
0.675417906857913,0,-5.88728901741932
0.867825367111344,0,-5.87837290011528
1.05883383699352,0,-5.84978402098266
1.24532744151092,0,-5.80145817346864
1.42426785544004,0,-5.73402717630785
1.59286130096993,0,-5.64879953336389
1.74871262605394,0,-5.54768814862305
1.8899470829873,0,-5.43308983506663
2.01528492899607,0,-5.3077311875498
2.12406292403359,0,-5.1745015012132
2.21620677122267,0,-5.03629369139644
2.29216601835118,0,-4.89586928331934
2.35282611509108,0,-4.75575612722437
2.39941151338168,0,-4.61818040876481
2.43339049120313,0,-4.48502952641156
2.45638849208884,0,-4.3578398991482
2.47011336735893,0,-4.23780324920448
2.47629346798538,0,-4.12578558063903
2.47662806005271,0,-4.02235425381125
2.47274881086965,0,-3.92780979333804
2.46619085051183,0,-3.84222014530401
2.45837194123092,0,-3.76545595039679
2.45057843755354,0,-3.6972260308119
2.44395690226929,0,-3.63711273260611
2.43951040392435,0,-3.58460705197736
2.4380986262753,0,-3.53914362133777
2.44044094723048,0,-3.50013564270736
2.44712158270577,0,-3.46700972523017
2.45859574523758,0,-3.43924030018309
2.47519557137627,0,-3.41638284692721
2.497134396316,0,-3.39810458469328
2.52450790799166,0,-3.38421062737443
2.55729092740402,0,-3.37466298303413
2.59532914970242,0,-3.3695893982693
2.63832617118056,0,-3.36927913862001
2.68582740177116,0,-3.37416357425235
2.73720372658311,0,-3.38478098007187
2.79163862180357,0,-3.40172708270064
2.84812247545531,0,-3.42559512705702
2.90545697245701,0,-3.45691095157156
2.96227079935088,0,-3.49606918730244
3.01704614944178,0,-3.54327601356722
3.06815420558617,0,-3.59850217544995
3.11389740158049,0,-3.6614478548497
3.15255688801806,0,-3.73151927425452
3.18244492058418,0,-3.80781622409917
3.20196321905461,0,-3.88913030097842
3.20966895260656,0,-3.97395534827045
3.20434916261851,0,-4.06051377925897
3.18510165409774,0,-4.1468040814519
3.15141578175038,0,-4.23067448740495
3.10324127778359,0,-4.30992431982257
3.04102968698024,0,-4.3824276552254
2.96573397231856,0,-4.44626545060944
2.87875900175953,0,-4.49984588940252
2.78186729169379,0,-4.54199238676425
2.67705577242009,0,-4.57198575403294
2.56642527462833,0,-4.58955863877774
2.45206279427103,0,-4.59485127589305
2.33594936986509,0,-4.58834361574263
2.21989771105057,0,-4.57077911926651
2.10551695659892,0,-4.54309178669816
1.99419843297403,0,-4.50634299588175
1.88711560583752,0,-4.46167041840312
1.78523242743176,0,-4.41024844986388
1.68931592409335,0,-4.35325819094703
1.59995046918609,0,-4.29186464666081
1.51755244340482,0,-4.22719903829721
1.44238482769657,0,-4.16034461578776
1.37457174911742,0,-4.09232490843034
1.31411319111234,0,-4.02409384421534
1.26090007471672,0,-3.956527547343
1.21472979423401,0,-3.89041787117687
1.17532211546172,0,-3.82646784283523
1.14233516848571,0,-3.7652892031323
1.11538112825944,0,-3.70740214842054
1.09404109753628,0,-3.65323725109395
1.07787869634016,0,-3.60313938578717
1.06645191514392,0,-3.55737334739561
1.05932289089143,0,-3.51613073616011
1.05606539673155,0,-3.47953761604626
1.05626997843777,0,-3.4476624282893
1.05954680707227,0,-3.42052365806675
1.06552643809691,0,-3.39809680071468
1.07385876708795,0,-3.38032024590251
1.08421055115007,0,-3.36709978659847
1.09626192506041,0,-3.35831156028385
1.10970238425192,0,-3.35380334121325
1.12422673352195,0,-3.35339422443294
1.13953150902683,0,-3.35687287379054
1.15531236801109,0,-3.36399464321757
1.17126290190546,0,-3.37447801452321
1.18707526227615,0,-3.38800091297822
1.20244289874433,0,-3.40419755002129
1.2170656025844,0,-3.42265649064966
1.23065694312882,0,-3.44292065249817
1.24295409008718,0,-3.46448993064558
1.25372993855991,0,-3.4868271364185
1.26280738100836,0,-3.50936796947833
1.27007545982121,0,-3.53153581459883
1.27550691374287,0,-3.55276221501499
1.27917621387202,0,-3.57251379080379
1.28127650630496,0,-3.59032594387664
1.28213296677461,0,-3.60584272648266
1.28220912742672,0,-3.61886069405219
1.28210216488379,0,-3.62937265149091
1.2825234709551,0,-3.63760551253382
1.28426246079696,0,-3.64404579275368
1.28813444353941,0,-3.64944715134169
1.294916777415,0,-3.65481693752864
1.30528028945569,0,-3.66138223373226
1.31972398923842,0,-3.67053929544968
1.33852006325339,0,-3.68379248469458
1.36167351279004,0,-3.70268923216249
1.38889767910101,0,-3.72875641449166
1.41960434604287,0,-3.76344148584015
1.45290570235206,0,-3.80805956128406
1.48762519402458,0,-3.86374599224505
1.52231484877174,0,-3.9314130281175
1.55527757229862,0,-4.01170886122897
1.58459387306923,0,-4.10497749758864
1.60815331885265,0,-4.21121826669274
1.6236917724595,0,-4.33004424000523
1.62883620037179,0,-4.46063935230058
1.62115972447015,0,-4.60171474017328
1.59825065857562,0,-4.75146600817755
1.55780042207211,0,-4.90753522236521
1.4977159857882,0,-5.06698487796394
1.4162618521727,0,-5.22629614242476
1.31223278712014,0,-5.38140979984203
1.18514953173448,0,-5.52783327936536
1.03545450794205,0,-5.6608362125887
0.864665930468641,0,-5.77574373690362
0.675436119385505,0,-5.86830763624082
0.471467069384884,0,-5.93509713708376
0.257271300945534,0,-5.97382419387423
0.0378173860829144,0,-5.98352536793779
-0.181861566490986,0,-5.96456744585428
-0.397015727793226,0,-5.91850202725514
-0.603433684024775,0,-5.84783200182818
-0.797597999380388,0,-5.75575541644901
-0.976763675122563,0,-5.64592953596957
-1.13899069024122,0,-5.52226912926187
-1.28315463938345,0,-5.38877185198296
-1.40894504161742,0,-5.24935468907631
-1.51684634518158,0,-5.10768782414182
-1.6080869501605,0,-4.96702291437366
-1.68454003446888,0,-4.83002728604037
-1.74856792388112,0,-4.69864845001113
-1.80281724247253,0,-4.57403852137212
-1.84998936435628,0,-4.45656158955623
-1.89262205088435,0,-4.34588967084939
-1.93291785482728,0,-4.24117097381049
-1.97264261868299,0,-4.14123689108638
-2.01309865055528,0,-4.04480822424376
-2.05515982866515,0,-3.9506676733367
-2.09934587296121,0,-3.85778002321545
-2.14591178358266,0,-3.76535697970972
-2.19493358807224,0,-3.67287504265956
-2.24637920996597,0,-3.58006024731184
-2.30016032388085,0,-3.48685394624157
-2.35616594298798,0,-3.39337114409694
-2.41428101638068,0,-3.29985922398365
-2.47439405113809,0,-3.20666149326155
-2.53639744693085,0,-3.11418738695287
-2.60018344401077,0,-3.02288947976324
-2.66563772701345,0,-2.93324652129196
-2.73263199386989,0,-2.84575130436935
-2.80101625714859,0,-2.76090210141275
-2.87061128844088,0,-2.67919650403038
-2.94120140970122,0,-2.60112667340222
-3.01252773899642,0,-2.52717519205045
-3.08428197908995,0,-2.45781087085404
-3.15610087302928,0,-2.39348399829548
-3.22756152776436,0,-2.33462062471529
-3.29817791690906,0,-2.28161556395461
-3.36739901056527,0,-2.234823885574
-3.43460913314155,0,-2.19455078514557
-3.49913129836796,0,-2.16103988330997
-3.56023437624704,0,-2.13446024063045
-3.61714494999812,0,-2.11489269885786
-3.66906454390133,0,-2.10231655974711
-3.71519246508544,0,-2.09659803740781
-3.75475375794478,0,-2.09748226117641
-3.78703076048937,0,-2.10459070591608
-3.81139565407035,0,-2.11742562117105
-3.82734052579238,0,-2.13538222877332
-3.83450118671932,0,-2.15776823283735
-3.83267157183794,0,-2.1838288118987
-3.82180697619506,0,-2.21277415065555
-3.80201630750516,0,-2.24380609432381
-3.77354539898569,0,-2.27614083179509
-3.73675470388613,0,-2.30902550263175
-3.69209511896204,0,-2.34174793356447
-3.64008531382559,0,-2.37363996134086
-3.58129305514536,0,-2.40407572629306
-3.5163219410047,0,-2.43246683582547
-3.44580395335723,0,-2.45825644945576
-3.37039741761231,0,-2.48091423840519
-3.2907893408495,0,-2.49993392529612
-3.20770064049516,0,-2.51483476868559
-3.12189242687288,0,-2.52516792631583
-3.03417125416161,0,-2.53052807932476
-2.9453911460835,0,-2.53056999444955
-2.85645032477527,0,-2.5250288466882
-2.76828103317883,0,-2.51374219855994
-2.68183171923428,0,-2.49667070413229
-2.59804212169998,0,-2.47391412140375
-2.51781328922614,0,-2.44571932917636
-2.44197595033468,0,-2.41247791041953
-2.37126152837342,0,-2.37471243639932
-2.30628012279564,0,-2.33305256934387
-2.24750883373985,0,-2.28820401381629
-2.19529206760071,0,-2.24091467898402
-2.1498533596927,0,-2.19194281950968
-2.11131631788172,0,-2.14203134415543
-2.07973096618666,0,-2.09189114856767
-2.05510125901034,0,-2.04219464434696
-2.03740980024731,0,-1.9935790329012
-2.02663661232176,0,-1.94665760332491
-2.02276987080685,0,-1.90203654093263
-2.02580760360434,0,-1.86033438961574
-2.03575029917578,0,-1.8222013026032
-2.05258512873764,0,-1.7883354097901
-2.07626309172485,0,-1.75949392499623
-2.1066709062682,0,-1.73649696985034
-2.14359994455581,0,-1.72022251767674
-2.1867149742481,0,-1.71159141797715
-2.23552586747254,0,-1.71154221863153
-2.28936566808249,0,-1.7209964986461
-2.34737830804877,0,-1.74081662625936
-2.40851867653697,0,-1.77175912543067
-2.47156658279964,0,-1.81442791621454
-2.53515447701993,0,-1.86923227226499
-2.59780685632746,0,-1.93635412582966
-2.65798750864519,0,-2.01572822412791
-2.71414960812199,0,-2.1070367422088
-2.76478352209969,0,-2.20971769809711
-2.80845809301327,0,-2.32298446093172
-2.84385286793893,0,-2.44585230856648
-2.86978078248616,0,-2.57716765949214
-2.88520263922255,0,-2.71563624267174
-2.8892359645934,0,-2.8598477889757
-2.88116132016792,0,-3.00829642846693
-2.8604289310761,0,-3.15939749282423
-2.82666774624052,0,-3.31150260465738
-2.77969795939949,0,-3.46291566395478
-2.71954676697374,0,-3.61191257695322
-2.64646585489646,0,-3.75676730499411
-2.56094792490362,0,-3.89578603551292
-2.46373865948691,0,-4.02735001004816
-2.35584009840369,0,-4.14996587368521
-2.23850167989769,0,-4.26232055675949
-2.11319632093793,0,-4.36333603281689
-1.98158080592536,0,-4.4522182712359
-1.84544209042999,0,-4.52849470310405
-1.70663336231357,0,-4.59203567612936
-1.5670052628766,0,-4.64305746075224
-1.42833817741681,0,-4.68210685438614
-1.29228092307703,0,-4.71002968529483
-1.16029978474906,0,-4.72792705890565
-1.03364013975922,0,-4.73710382940995
-0.913301305308774,0,-4.73901362225672
-0.800024015643747,0,-4.73520405675559
-0.694289175375568,0,-4.72726492990035
-0.596326186781379,0,-4.71678125805993
-0.506129092693341,0,-4.70529236015552
-0.423478890922589,0,-4.69425763919563
-0.347970570490396,0,-4.68502935616748
-0.279043641964015,0,-4.67883244586167
-0.216015161303276,0,-4.67675125171252
-0.158114472046666,0,-4.67972291710449
-0.104519110880222,0,-4.68853703156351
-0.054391527549512,0,-4.70384096150705
-0.00691644180334483,0,-4.7261500647173
0.0386612359277292,0,-4.75586166277845
0.0829980053625202,0,-4.79327120226126
0.126613172644409,0,-4.83858847589127
0.169850744810638,0,-4.89195115390945
0.212843235821137,0,-4.95343232580076
0.255479767117116,0,-5.02303849429997
0.297381933196676,0,-5.10069477733212
0.33789181332159,0,-5.18621520860196
0.376076829324237,0,-5.27925805335421
0.410755489288828,0,-5.37926871323589
0.440546302515215,0,-5.48541546580077
0.463939675259198,0,-5.59652519910409
0.479390247798174,0,-5.71102696616232
0.485425870273686,0,-5.82691082391893
0.48076968351913,0,-5.94170910708754
0.464472926899177,0,-6.05250850856624
0.436056192119607,0,-6.15600503628118
0.39565302246455,0,-6.24861913741446
0.344139560790611,0,-6.32669077536805
0.283218047747074,0,-6.38676609966648
0.215407944364092,0,-6.42596035207409
0.143901709173734,0,-6.4423370017471
0.072276713781759,0,-6.43520247397569
0.00411346278295249,0,-6.40521581983533
-0.0573824503666784,0,-6.35427145918799
-0.109658564440798,0,-6.28520033362112
-0.150947241622837,0,-6.20139247714477
-0.180263633776182,0,-6.10644226460378
-0.197316853268682,0,-6.00387525518904
-0.202383581984846,0,-5.89696957504257
-0.196178082750177,0,-5.78865693024722
-0.179735122932097,0,-5.68147985229883
-0.154310189703094,0,-5.57758463789762
-0.121295458737633,0,-5.47873596837925
-0.0821483837348037,0,-5.38634508424957
-0.0383303114671971,0,-5.30150717032098
0.0087463947755374,0,-5.22504533856899
0.0577634844213544,0,-5.15755894777521
0.107534788243297,0,-5.09947372223027
0.157037874349657,0,-5.05109079242547
0.205440607202042,0,-5.01263166413936
0.252123987592742,0,-4.9842762670526
0.296702437843758,0,-4.96619154524203
0.339042102295455,0,-4.9585484274264
0.379276870283299,0,-4.96152542642971
0.417820856087476,0,-4.97529762645168
0.455375149789637,0,-5.00001053639486
0.492925943384401,0,-5.03573931574212
0.531730801538957,0,-5.08243522988936
0.573290041143345,0,-5.13986274355851
0.619300999990685,0,-5.20753215247167
0.671594362183076,0,-5.28463374077885
0.732053421566542,0,-5.36997983065658
0.802518796021163,0,-5.46196064844535
0.884682215812759,0,-5.55851886055036
0.979973330881189,0,-5.65714643426192
1.08944311130356,0,-5.75490683318696
1.21364691935965,0,-5.8484860666856
1.35253072185333,0,-5.93427796453979
1.50532643911128,0,-6.00851161247819
1.67046809364789,0,-6.06743029701672
1.8455490163434,0,-6.10752828612665
2.02734904456849,0,-6.12584037452476
2.21196292552456,0,-6.12025748171026
2.39504862967317,0,-6.08981451567306
2.57218319716767,0,-6.03487843018569
2.73927318951697,0,-5.95717265328806
2.89293862965631,0,-5.85961464441603
3.03079282607925,0,-5.7459990329044
3.15157450362403,0,-5.62059955386853
3.25513192405408,0,-5.48777055913369
3.34228909371,0,-5.3516089389864
3.41463473415453,0,-5.2157085300943
3.47427209189167,0,-5.08301572652682
3.52356125138925,0,-4.95578031161474
3.56487997905235,0,-4.83558631552891
3.60042382814371,0,-4.72344097574232
3.63205934344471,0,-4.61989560989769
3.66123535021867,0,-4.5251721235995
3.6889482942221,0,-4.43927381704928
3.71575095284704,0,-4.36206772060124
3.74179106210468,0,-4.29333493667333
3.76686727187803,0,-4.23279267100256
3.79049293472693,0,-4.18009555103121
3.81196193331294,0,-4.1348247519063
3.83041391245913,0,-4.09647251174486
3.84489837014722,0,-4.06442799152368
3.85443797144786,0,-4.0379688870342
3.85809127862419,0,-4.0162619931194
3.85501403488883,0,-3.99837492489354
3.84451651401275,0,-3.98330009175962
3.82611275948757,0,-3.96999050056028
3.79955647567178,0,-3.95740498382573
3.76485858706526,0,-3.9445583424678
3.7222833870115,0,-3.93057032286649
3.67232342843905,0,-3.91470700840702
3.61565688711668,0,-3.89640940414512
3.55309384595779,0,-3.87530641326019
3.48551898105236,0,-3.8512122335576
3.41383739972512,0,-3.82411056059135
3.33892846888732,0,-3.79412933329032
3.26161020511185,0,-3.76151004882341
3.18261484143129,0,-3.72657521009168
3.10257485573601,0,-3.68969666313679
3.02201804353316,0,-3.6512667608968
2.94136997176699,0,-3.61167362595264
2.86096215038645,0,-3.57128131231901
2.78104433870543,0,-3.53041533674105
2.70179947351101,0,-3.48935378617592
2.62335974655263,0,-3.44832394120409
2.54582240342118,0,-3.40750404584414
2.46926393933361,0,-3.36702950312004
2.39375157660363,0,-3.32700242183008
2.31935123717857,0,-3.28750314785728
2.24613164415753,0,-3.24860225060988
2.17416464089903,0,-3.21037144939742
2.10352223795811,0,-3.17289216960094
2.03427122862786,0,-3.1362607923136
1.96646641371078,0,-3.10059015021556
1.90014352690789,0,-3.06600734753392
1.83531285903749,0,-3.03264844715918
1.77195437368899,0,-3.00065088045697
1.71001484422138,0,-2.97014453522591
1.64940728779002,0,-2.9412423675853
1.59001277976554,0,-2.91403114139016
1.5316846210369,0,-2.88856265885512
1.47425477553894,0,-2.86484575963332
1.41754242854769,0,-2.84283954363893
1.36136434945048,0,-2.82244872058141
1.30554640747409,0,-2.80352254329407
1.24993509933538,0,-2.78585909121836
1.19440746082808,0,-2.76921629578603
1.13887754384821,0,-2.75332978243308
1.08329803673371,0,-2.73793559204513
1.0276566356827,0,-2.7227939667043
0.971968097488674,0,-2.70770963780424
0.916263941680457,0,-2.69254491687675
0.860582085856648,0,-2.67722395654347
0.804958265782164,0,-2.66172884106532
0.749420240652004,0,-2.64608979129824
0.693984923997278,0,-2.63037236526386
0.638657977030181,0,-2.61466425765897
0.583435120979497,0,-2.59906354611376
0.528304404686389,0,-2.58366937822428
0.473248796434689,0,-2.56857538084803
0.418248659444362,0,-2.55386559517104
0.363283855416286,0,-2.53961249063744
0.308335368227817,0,-2.5258765330855
0.253386441410277,0,-2.51270681243135
0.198423282623115,0,-2.50014231844613
0.143435415757609,0,-2.48821355204826
0.0884157671083632,0,-2.47694425246687
0.0333605651924303,0,-2.46635309773892
-0.0217308791406519,0,-2.45645529469762
-0.0768564603375919,0,-2.44726401621738
-0.13201159539818,0,-2.43879167092543
-0.187189544416761,0,-2.43105100714655
-0.242381717282045,0,-2.42405606154988
-0.297577956119334,0,-2.41782296628655
-0.352766787560302,0,-2.41237062833544
-0.407935641640761,0,-2.40772129275237
-0.463071035498854,0,-2.40390099866892
-0.518158720505475,0,-2.40093993397275
-0.573183791388369,0,-2.39887269217813
-0.628130755636176,0,-2.39773843342876
-0.682983561244642,0,-2.39758095109821
-0.737725580875492,0,-2.39844864616178
-0.792339550839049,0,-2.40039441337079
-0.846807463991908,0,-2.40347544615833
-0.90111041658645,0,-2.40775297090214
-0.955228410163169,0,-2.41329192538189
-1.00914011053166,0,-2.42016060060883
-1.06282256649685,0,-2.42843026934288
-1.1162508910294,0,-2.43817482813911
-1.16939790687053,0,-2.44947048240095
-1.22223375701837,0,-2.46239550537657
-1.27472547820447,0,-2.47703010217
-1.32683653253525,0,-2.49345640851595
-1.37852628932226,0,-2.51175865126445
-1.42974944634267,0,-2.53202349320129
-1.4804553781807,0,-2.55434057895818
-1.53058740001013,0,-2.57880329125113
-1.58008193965964,0,-2.60550971730945
-1.6288676209964,0,-2.63456381371513
-1.67686428010006,0,-2.66607674334697
-1.72398196562402,0,-2.70016833976315
-1.77012002012814,0,-2.73696863085907
-1.81516640448524,0,-2.77661932337237
-1.85899751685751,0,-2.81927511084257
-1.90147887313064,0,-2.86510461811507
-1.94246715304699,0,-2.91429073430334
-1.98181425929325,0,-2.96703001422284
-2.01937414777572,0,-3.02353075100799
-2.05501319717044,0,-3.08400925292513
-2.08862468970157,0,-3.14868381998316
-2.1201474471653,0,-3.21776595008771
-2.14958771261581,0,-3.29144846158872
-2.17704202799391,0,-3.36989054861923
-2.2027174232327,0,-3.45320030371657
-2.22694428849764,0,-3.54141588709258
-2.25017755318685,0,-3.6344871209009
-2.2729836439607,0,-3.73225957997338
-2.29601379195311,0,-3.83446300194804
-2.31996746999169,0,-3.94070499933303
-2.34555170791632,0,-4.05046985303265
-2.37344200196338,0,-4.16312102830788
-2.40424875344139,0,-4.27790538184984
-2.43849060263378,0,-4.39395700052589
-2.47657367757604,0,-4.51029915068963
-2.51877424206194,0,-4.62584371169087
-2.56522160495221,0,-4.73938853472775
-2.61587827539525,0,-4.84961434297699
-2.67051503821302,0,-4.95508412400106
-2.72867986644946,0,-5.05424955959405
-2.78966159371635,0,-5.14547089836515
-2.85245240853054,0,-5.22705849281273
-2.91571778145211,0,-5.29734504942494
-2.97778798999467,0,-5.35479561392773
-3.03668997511717,0,-5.39815489104623
-3.09023764061797,0,-5.42661706367486
-3.13618774669637,0,-5.43998447030141
-3.17244587346476,0,-5.43876800231196
-3.19728077786299,0,-5.42418732053385
-3.20949261868979,0,-5.39805827372085
-3.20849331836567,0,-5.36259517141959
-3.19428994674668,0,-5.32018254964151
-3.16739402645328,0,-5.27317039583229
-3.12869439150179,0,-5.22372498092932
-3.07932738030372,0,-5.17374180889113
-3.02056503566797,0,-5.12481021555734
-2.9537290382776,0,-5.07821315747309
-2.88012966841498,0,-5.0349470332677
-2.80102527768282,0,-4.99575054760649
-2.71759697884915,0,-4.96113587543518
-2.6309339554416,0,-4.93141860677712
-2.54202593480877,0,-4.90674501687
-2.45176045161162,0,-4.88711635746685
-2.36092336742771,0,-4.87241041123954
-2.27020168605465,0,-4.86240074669756
-2.18018806334699,0,-4.85677412963751
-2.091386623188,0,-4.85514649059703
-2.00421981526343,0,-4.857077766929
-1.91903612121607,0,-4.86208585713492
-1.83611844889113,0,-4.86965986047433
-1.75569305535041,0,-4.87927274207848
-1.6779388141076,0,-4.89039357284343
-1.60299660045909,0,-4.90249954073333
-1.53097852164786,0,-4.91508799553908
-1.46197667298834,0,-4.92768883992296
-1.39607105841471,0,-4.93987757972146
-1.33333627191052,0,-4.95128926629162
-1.27384649331079,0,-4.9616333876653
-1.21767831133361,0,-4.97070949737489
-1.16491085891712,0,-4.97842303602804
-1.11562274824966,0,-4.9848004475936
-1.06988534596621,0,-4.99000237984913
-1.02775205186059,0,-4.99433354680598
-0.989243448958147,0,-4.9982477648063
-0.954328479374965,0,-5.00234676937217
-0.92290215670275,0,-5.00737165998423
-0.894760728225583,0,-5.01418616250285
-0.869575618542617,0,-5.02375129257065
-0.846867886675357,0,-5.03709140697026
-0.825985276602658,0,-5.05525202749168
-0.806084197278052,0,-5.07925022551944
-0.786119084346808,0,-5.11001879321745
-0.764841514475539,0,-5.14834591639811
-0.740811109993191,0,-5.19481258256246
-0.712419662056315,0,-5.24973042699751
-0.677929053025867,0,-5.31308301874903
-0.635522593901326,0,-5.3844735957498
-0.583368503987922,0,-5.46308191448606
-0.519693669996609,0,-5.54763223879285
-0.442865715577473,0,-5.6363737487022
-0.35148186670305,0,-5.72707412906102
-0.244464017412642,0,-5.8170272221348
-0.121160449943826,0,-5.90307686822587
0.0185448168221328,0,-5.98166183726998
0.174115184890716,0,-6.04889123605173
0.344241596284927,0,-6.1006653711544
0.526733340724287,0,-6.1328614988568
0.718448024324155,0,-6.14160215978905
0.915305711222169,0,-6.12360815489012
1.11243923783927,0,-6.07660266920955
1.30451271179259,0,-5.99968406685874
1.48618397275087,0,-5.89355105936636
1.65261483383609,0,-5.76048425923346
1.79989493579669,0,-5.60407178562763
1.92527708307029,0,-5.42876638324482
2.02720390564538,0,-5.23941024637776
2.10517977059221,0,-5.04083937221727
2.15956961565207,0,-4.8376164020645
2.19139249747264,0,-4.63388544307677
2.20214773893884,0,-4.43331472903475
2.19368531819942,0,-4.23908901681039
2.16811602524968,0,-4.05392142555524
2.12774943176071,0,-3.88006520712776
2.07504556041293,0,-3.71931587732487
2.01256702314448,0,-3.57300244521042
1.94292145852372,0,-3.44197321472558
1.86868917971606,0,-3.32658647319098
1.79233763938299,0,-3.22671834683452
1.71613127947033,0,-3.14179812853876
1.64205031449251,0,-3.07087535004582
1.57173280150054,0,-3.01271438801876
1.50645021919509,0,-2.96590452647581
1.44711915473279,0,-2.92896923514332
1.39434360839179,0,-2.90045938110101
1.34847683542908,0,-2.87902023344313
1.30968997115526,0,-2.86342894430269
1.27803647459572,0,-2.85260514791743
1.25350509802744,0,-2.84560095995627
1.23605799165808,0,-2.84157783664029
1.22565362825125,0,-2.83977715705782
1.22225613737518,0,-2.83948992925251
1.22583351873237,0,-2.84002940862139
1.23634740547544,0,-2.8407090543184
1.25373691612908,0,-2.84082726101629
1.27789891734913,0,-2.83965964588556
1.30866685654882,0,-2.83645922443813
1.3457902546051,0,-2.83046444026776
1.3889169433536,0,-2.82091461032032
1.437580109238,0,-2.80707183984038
1.49119205443697,0,-2.78824783936346
1.54904620161795,0,-2.7638334003874
1.61032817723826,0,-2.7333276874742
1.67413581868589,0,-2.69636416188157
1.73950677843927,0,-2.65273004300968
1.80545126462182,0,-2.60237684348765
1.87098663600872,0,-2.54542064681384
1.93517029611101,0,-2.48213223490236
1.99712770528744,0,-2.4129185994329
2.05607326477296,0,-2.33829845362241
2.11132307391437,0,-2.25887487236791
2.16229980637088,0,-2.17530807995925
2.20853092338628,0,-2.08829080217591
2.24964199796937,0,-1.99852773393648
2.28534705861242,0,-1.90671978432165
2.31543767263661,0,-1.81355302370806
2.33977211649508,0,-1.71969175685919
2.35826555199172,0,-1.62577488387672
2.37088173309004,0,-1.53241464070581
2.37762645334011,0,-1.44019686753217
2.37854271938875,0,-1.34968207695413
2.37370749077185,0,-1.26140674032067
2.36322974065152,0,-1.17588435389859
2.34724954653856,0,-1.09360597500649
2.32593789882573,0,-1.01504003008317
2.29949690854896,0,-0.94063129496039
2.26816010020893,0,-0.870799036633585
2.23219249101939,0,-0.805934388404273
2.1918901872371,0,-0.746397106271925
2.14757927411168,0,-0.6925119205151
2.09961383948683,0,-0.644564746639253
2.04837304988842,0,-0.602799047565223
1.9942572858829,0,-0.567412638681758
1.93768343122842,0,-0.538555197251645
1.87907948711515,0,-0.51632668045277
1.81887873888142,0,-0.500776779627261
1.75751373164394,0,-0.491905453085117
1.69541031173893,0,-0.489664498049636
1.63298196610691,0,-0.493960054439243
1.5706246489231,0,-0.504655885967072
1.5087122328706,0,-0.521577259817706
1.44759267021139,0,-0.544515243005401
1.38758490308372,0,-0.573231246482202
1.32897652731072,0,-0.607461670716431
1.27202219059939,0,-0.646922532400334
1.2169426930271,0,-0.691313975912449
1.16392475212842,0,-0.740324591702731
1.11312139282139,0,-0.793635475502377
1.06465291988512,0,-0.850923967738462
1.01860842439711,0,-0.911867014040826
0.975047763362821,0,-0.976144088804679
0.934003933327036,0,-1.0434396286422
0.895485735703285,0,-1.11344493544697
0.859480607660528,0,-1.18585953297865
0.825957473297205,0,-1.26039199777591
0.794869462239944,0,-1.33676033343676
0.766156353241561,0,-1.41469201203448
0.73974663326823,0,-1.49392385926188
0.715559118135935,0,-1.57420199952011
0.693504152754189,0,-1.65528209107518
0.673484483501507,0,-1.73693005859836
0.655395951059101,0,-1.81892346504824
0.639128164513761,0,-1.90105356007099
0.624565266090819,0,-1.98312791278676
0.611586774559362,0,-2.06497340932101
0.600068323147696,0,-2.1464393023096
0.58988193213251,0,-2.22739996918072
0.580895343407049,0,-2.30775707964344
0.572969955661221,0,-2.38744097638658
0.565957061247207,0,-2.4664111996186
0.559692372763225,0,-2.54465619161962
0.553989163834115,0,-2.62219227195573
0.548630640002211,0,-2.69906197623615
0.543362325057437,0,-2.77533182764642
0.537885261540584,0,-2.8510895990629
0.531850696689155,0,-2.92644115488384
0.524856714586101,0,-3.00150704701118
0.516447073267073,0,-3.07641917150005
0.506112426365222,0,-3.15131795571724
0.493294266674491,0,-3.22635072803016
0.477392393904984,0,-3.30167211578155
0.457777444464408,0,-3.37744750133962
0.433810817215636,0,-3.4538606579145
0.404874753763595,0,-3.53112648114666
0.37041474874316,0,-3.60950888022816
0.329994213888575,0,-3.68934203283199
0.283357170343712,0,-3.77105036269721
0.230489588257108,0,-3.85515973061329
0.171666257854149,0,-3.94229149930916
0.107470933266164,0,-4.03313439726373
0.0387845066885902,0,-4.12839624903692
-0.033253202860436,0,-4.22874490509977
-0.107293533048625,0,-4.33475003662361
-0.181824488256158,0,-4.44683299718602
-0.255200918582375,0,-4.56522391766644
-0.32565808369772,0,-4.68991894415198
-0.391315665918906,0,-4.82062918072907
-0.450183742004629,0,-4.95671591647547
-0.500182927178461,0,-5.09711162011254
-0.539189859808459,0,-5.24023105083805
-0.565118558818303,0,-5.38388170298469
-0.57604878301416,0,-5.52518970794419
-0.57041251425957,0,-5.66056904632932
-0.547243432928553,0,-5.78577909388733
-0.506472704642412,0,-5.89613109699506
-0.449211240137812,0,-5.98689722927465
-0.3779064229522,0,-6.05391609319948
-0.296246684505703,0,-6.09427018656216
-0.208765116826895,0,-6.10680233334437
-0.12024645568348,0,-6.09225826601928
-0.0351511482940798,0,-6.05301998102702
0.0427633111241277,0,-5.9925912030796
0.110576505815287,0,-5.91505912908831
0.166161629631138,0,-5.82468327860506
0.208070065806581,0,-5.72565250010957
0.235433317185218,0,-5.62197594262233
0.247935387624571,0,-5.5174412058245
0.245866924728514,0,-5.41556760165408
0.230226799882315,0,-5.3194982781379
0.20279756112242,0,-5.23181519156334
0.166112873255154,0,-5.15431882871327
0.123275204863322,0,-5.08786048325358
0.0776530986567435,0,-5.03231404111269
0.0325423667925462,0,-4.98672274544634
-0.00911976672068326,0,-4.94958926589304
-0.0449367976266541,0,-4.91923501904143
-0.0731285544659568,0,-4.89415014454778
-0.0925291738310881,0,-4.87327582208686
-0.102545956877414,0,-4.85618734397229
-0.10311200030781,0,-4.8431687817051
-0.0946529204924392,0,-4.83518523325729
-0.0780740082031818,0,-4.8337675700674
-0.0547621015927746,0,-4.84082975040731
-0.0265886202144564,0,-4.85844198599784
0.00410228431927384,0,-4.88858446636137
0.0345341761802792,0,-4.93290507852333
0.0615759377463855,0,-4.9925005776032
0.081859175369733,0,-5.06773551617712
0.0919323636419292,0,-5.15810876832801
0.0884431444282956,0,-5.26217403429758
0.0683353229392787,0,-5.37751691733046
0.0290446975858046,0,-5.50078569076003
-0.0313197112457233,0,-5.62776653718227
-0.113814419596522,0,-5.75349034970467
-0.218514431966746,0,-5.87236178720984
-0.344366196872057,0,-5.9783154712849
-0.489029138373311,0,-6.06502855525784
-0.648717528588493,0,-6.12624599277664
-0.818103486628365,0,-6.1562847334803
-0.990404136124224,0,-6.15074020295933
-1.15779990803634,0,-6.10729247306033
-1.31223699717314,0,-6.02634031099206
-1.44644438043914,0,-5.91113443923669
-1.55480665709997,0,-5.76727906831907
-1.63378748530369,0,-5.60181168795124
-1.68186477754121,0,-5.42225116938609
-1.69916872610693,0,-5.23590184445045
-1.68705628647429,0,-5.04948104727778
-1.64776954045482,0,-4.86898600274606
-1.58422297736519,0,-4.69967327797122
-1.49989647738467,0,-4.54604440659615
-1.398774625652,0,-4.41177344441617
-1.28525842713953,0,-4.29956282328391
-1.16398459845458,0,-4.21096995914716
-1.03952932637514,0,-4.1462941403296
-0.91604200738682,0,-4.10462136815829
-0.796914995350132,0,-4.08407294583999
-0.684602314836224,0,-4.08221211467767
-0.580641894262549,0,-4.09649023621013
-0.485851506209361,0,-4.12460642476145
-0.400612209029379,0,-4.16470610765045
-0.325146408448908,0,-4.21541115747889
-0.259724474520621,0,-4.27572023508278
-0.204767486374093,0,-4.34483498621969
-0.160840044189275,0,-4.42196713983514
-0.128547189614489,0,-4.50617531624179
-0.108369431274754,0,-4.59627103665789
-0.100489721008183,0,-4.69081571519737
-0.104675161178225,0,-4.78820067812366
-0.120259945013474,0,-4.88676891875751
-0.146233709277327,0,-4.98492008344045
-0.181392669342043,0,-5.08115330476384
-0.224488448870145,0,-5.17403818305865
-0.274321633781656,0,-5.26213846725519
-0.329758975276633,0,-5.34392790918493
-0.389682872186392,0,-5.41773382762725
-0.452898311731957,0,-5.48173240281141
-0.518027960258127,0,-5.53400951918633
-0.58342728050195,0,-5.57269284199757
-0.647151677952136,0,-5.59614953851257
-0.707003507133205,0,-5.60322441345728
-0.760671046280111,0,-5.59346743590106
-0.805941311014531,0,-5.56728219584367
-0.840934639895945,0,-5.52593788473373
-0.86429382557145,0,-5.47143237755591
-0.875278704088087,0,-5.4062497498528
-0.873757720962855,0,-5.33308683754147
-0.860124051793483,0,-5.25461549807187
-0.835177433446859,0,-5.1733150810351
-0.800005906282824,0,-5.091377715465
-0.755886364517169,0,-5.01067086132035
-0.704209050844329,0,-4.93273711168782
-0.646422464100871,0,-4.85881457886309
-0.583990958108226,0,-4.78986697389084
-0.518355815903219,0,-4.72661772726338
-0.45089048851655,0,-4.66958603831177
-0.382841673364671,0,-4.61912419131352
-0.315250591104454,0,-4.57545460584867
-0.248854345906695,0,-4.53870185862732
-0.183976364682792,0,-4.50891013127952
-0.12042650846557,0,-4.48603270079788
-0.0574414833633443,0,-4.46988128585552
0.00630152363639902,0,-4.46003273551657
0.0725752259174115,0,-4.4557077911899
0.143395633383,0,-4.45565451895889
0.220743607023482,0,-4.45807782472646
0.306260666061709,0,-4.46065015746576
0.400973898813188,0,-4.4606184259229
0.505099128884397,0,-4.45499584635995
0.617953361971131,0,-4.44080462321072
0.737982414684207,0,-4.41532396577135
0.862885217416441,0,-4.37630118580872
0.989800148636837,0,-4.3220988134056
1.1155150236769,0,-4.25177061318609
1.23666985992323,0,-4.16507607574302
1.34993492718341,0,-4.0624513826137
1.45215952163959,0,-3.94495454630596
1.54049496941041,0,-3.81419647340174
1.61249729863026,0,-3.67226237408216
1.66621222113497,0,-3.52162278467571
1.70024040644109,0,-3.36503225727063
1.7137775455344,0,-3.20541630589893
1.70662344017586,0,-3.04575168505153
1.67915761510327,0,-2.88894900261955
1.63228427092973,0,-2.73774801000882
1.56735442158862,0,-2.5946340700049
1.48607584524138,0,-2.46178022088939
1.39042136733318,0,-2.3410146735506
1.28254362786088,0,-2.23381003058767
1.16470113423514,0,-2.14128872114126
1.03919723867093,0,-2.06423900035379
0.908331382903541,0,-2.00313680674153
0.774360691446082,0,-1.95817017091695
0.63946960878738,0,-1.92926424516631
0.505745479259145,0,-1.91610610561818
0.375158475833575,0,-1.9181691695739
0.249544867614493,0,-1.93473738284314
0.13059311371874,0,-1.96492934006977
0.0198325828239175,0,-2.0077223120711
-0.0813752223291575,0,-2.06197589153765
-0.171843197871393,0,-2.12645475799868
-0.250563489536746,0,-2.19985001584581
-0.316711560096225,0,-2.28079874984314
-0.369650601344792,0,-2.36790188680448
-0.408937380249396,0,-2.45974109175359
-0.434330172416756,0,-2.55489612513144
-0.445798530031297,0,-2.65196463544186
-0.443533271727038,0,-2.74958648768005
-0.427953405802039,0,-2.84647410550285
-0.399705046843192,0,-2.94144858540633
-0.359646468372522,0,-3.03347832378476
-0.308814439103387,0,-3.12171300793729
-0.248371154609002,0,-3.20550277325986
-0.179538241452248,0,-3.28439302225262
-0.103531377749548,0,-3.3580918048897
-0.0215110485034753,0,-3.42641667620904
0.0654405891198467,0,-3.48923551311429
0.156316482687282,0,-3.5464160274848
0.250162551701703,0,-3.59779263335964
0.34604636067199,0,-3.64315203631893
0.443024341312302,0,-3.68223450359506
0.540112167611648,0,-3.71474688025727
0.636260702942219,0,-3.74038452344425
0.730339231926558,0,-3.75886077235418
0.821128054417334,0,-3.76994339363536
0.907323279373237,0,-3.77349727470877
0.987557116471467,0,-3.76953142916088
1.0604364334293,0,-3.75824630097658
1.12460023890903,0,-3.74007491892218
1.17879289529427,0,-3.71570963249759
1.22194496378204,0,-3.68610624261681
1.25324939408885,0,-3.65246030183008
1.27221952970503,0,-3.61615599029773
1.27871847480358,0,-3.57869446030901
1.27295604506489,0,-3.5416131973615
1.25545712527862,0,-3.50640882075872
1.22701074502821,0,-3.4744728436328
1.18861094617331,0,-3.44704498166305
1.14139892389291,0,-3.42518384089392
1.08661255600607,0,-3.40975166555426
1.02554591466676,0,-3.4014086074819
0.959518653952928,0,-3.40061225859628
0.889853554566643,0,-3.40761932628078
0.817859818723177,0,-3.4224878299291
0.744819637633793,0,-3.44507979874538
0.671975820838202,0,-3.47506608294063
0.600518676254854,0,-3.51193653810694
0.531570706501321,0,-3.55502040272141
0.466167880972722,0,-3.60352281795215
0.405236058781425,0,-3.65658343699818
0.349560397896559,0,-3.71336090560965
0.299744337244823,0,-3.77314162634352
0.256153586885939,0,-3.83546231600241
0.218840904612771,0,-3.90022472622774
0.187451158599379,0,-3.96777098031019
0.161114512477715,0,-4.03888431286668
0.138347583088309,0,-4.11468716560947
0.116994256208951,0,-4.19642800155059
0.0942437699863065,0,-4.28517633661502
0.0667585245918924,0,-4.38147466361662
0.0309255929815506,0,-4.48501715612529
-0.016783896048,0,-4.59443071046069
-0.0793974486706335,0,-4.70721934963231
-0.159042579588991,0,-4.81989826669383
-0.256649434202793,0,-4.92829634964077
-0.371815062830766,0,-5.02796179105043
-0.502845247883994,0,-5.11458288002392
-0.646941826212272,0,-5.18434535700042
-0.800473547176388,0,-5.234182490674
-0.959267160023636,0,-5.2619151859136
-1.11887671980416,0,-5.26630767157043
-1.27481715653732,0,-5.24707124021252
-1.42276824844786,0,-5.20483824626893
-1.55876071904066,0,-5.14111190250398
-1.67934926297981,0,-5.05818482312936
-1.7817651492446,0,-4.95901668291038
-1.86403192756839,0,-4.84706884208541
-1.92502715376788,0,-4.72610634693196
-1.9644812354519,0,-4.59998827052588
-1.98291697878793,0,-4.47247069470144
-1.98154410532547,0,-4.3470420370684
-1.96212793843508,0,-4.22680118126024
-1.92685034241099,0,-4.11437946486399
-1.87817616617201,0,-4.01190108318534
-1.81873276161294,0,-3.92097365293287
-1.75120555126888,0,-3.84270070090668
-1.67824979193911,0,-3.77770933981214
-1.60241742578966,0,-3.72618826184167
-1.52609768682871,0,-3.68793282737212
-1.45147041986776,0,-3.6623952919003
-1.38047152867846,0,-3.64873917762771
-1.31477042649759,0,-3.64589759055296
-1.25575971884571,0,-3.65263598531545
-1.20455747713309,0,-3.66762046888239
-1.16202212927505,0,-3.68949311040865
-1.12877887259031,0,-3.7169557335534
-1.10525429381955,0,-3.74886309526141
-1.09171248485226,0,-3.78432487593714
-1.08828181904038,0,-3.822813025199
-1.09495796127473,0,-3.8642661306898
-1.11156782808187,0,-3.90917532450733
-1.13768393486087,0,-3.95862777534599
-1.17249117382531,0,-4.01427745074711
-1.21462797940163,0,-4.07821478152588
-1.26204487411093,0,-4.15272358343811
-1.31193366414178,0,-4.23994558312707
-1.3607686442243,0,-4.3415087433194
-1.4044669499628,0,-4.45819473032525
-1.43863512494828,0,-4.5897081956167
-1.45884647165092,0,-4.73457107704018
-1.46090114014418,0,-4.89012226345462
-1.44105086148427,0,-5.05258074733195
-1.39620384322038,0,-5.21713809928203
-1.32414512337649,0,-5.37807756795854
-1.22380265644829,0,-5.52895820072395
-1.0955533996615,0,-5.66293378467033
-0.941498814990693,0,-5.77327024098344
-0.765572384539274,0,-5.85405206111738
-0.573334850060208,0,-5.90093575896968
-0.371420173269615,0,-5.91170245219134
-0.166774010054736,0,-5.88640115971313
0.034066002478791,0,-5.82706457198734
0.225453669566221,0,-5.73716939855023
0.402836907587302,0,-5.6210647754808
0.562753058540841,0,-5.4835160812299
0.702723644583777,0,-5.32940606300167
0.821131491696033,0,-5.16356674317031
0.917124193287933,0,-4.99069153883681
0.990555810409501,0,-4.81527933607048
1.04195757479924,0,-4.64157502349211
1.07251606636783,0,-4.47348701930067
1.08403257869368,0,-4.31447952865856
1.07884088494329,0,-4.16745388397997
1.05967286880983,0,-4.03464548695328
1.0294797180642,0,-3.9175656145131
0.991233718715257,0,-3.81700823525397
0.947744275503413,0,-3.73312423607762
0.901517869001686,0,-3.66554706515649
0.854678111891383,0,-3.61354263392399
0.808945971637795,0,-3.576155508852
0.765668037666893,0,-3.55233064801831
0.725875150016952,0,-3.54100032143406
0.690353950856232,0,-3.54113522541473
0.659717578711472,0,-3.55176512098054
0.634466556791304,0,-3.57197735868188
0.615035494180631,0,-3.60090204945194
0.60182478847633,0,-3.63769129253537
0.595218789636899,0,-3.68149765799579
0.595592846938012,0,-3.73145484023002
0.603311557275215,0,-3.78666166992545
0.618719799296609,0,-3.8461698245476
0.642127273088366,0,-3.90897561697191
0.673786699180761,0,-3.97401692536633
0.713865855148082,0,-4.04017728456203
0.762414387537487,0,-4.10629997390531
0.819327821732329,0,-4.17121517065028
0.88431318917977,0,-4.23378244938685
0.95686270474224,0,-4.29294874259668
1.03624315388192,0,-4.34781827520963
1.121508121944,0,-4.39772645688301
1.21153716922188,0,-4.44230551757829
1.30510055830544,0,-4.48152763706386
1.40094141302586,0,-4.51571315041157
1.49786153182468,0,-4.5454976233384
1.59479492314956,0,-4.571760739203
1.69085570848002,0,-4.59552890204024
1.78535355775003,0,-4.61786888704666
1.87777781584792,0,-4.63978993443579
1.96775811646362,0,-4.66216693390714
2.05501272028506,0,-4.68569016928291
2.13929580160531,0,-4.71084030263792
2.2203524519374,0,-4.73788283378951
2.2978867516044,0,-4.76687475144203
2.37154510575486,0,-4.79767695158
2.44091478500485,0,-4.82996820202306
2.50553633426912,0,-4.8632590098899
2.56492795397551,0,-4.8969060562541
2.61861971739159,0,-4.93012956707425
2.66619517420712,0,-4.96203692350327
2.70733722073996,0,-4.99165582667282
2.74187402364757,0,-5.01797923883841
2.76981952445407,0,-5.04002201712559
2.7914022426572,0,-5.05688585583212
2.80707653677382,0,-5.06782564248592
2.81751272449494,0,-5.07230791960046
2.82356628892453,0,-5.07005212810513
2.82623066103064,0,-5.0610481469931
2.82658118225019,0,-5.04554844293376
2.82571869701047,0,-5.02403802570861
2.82471978429059,0,-4.99718857696789
2.82459786131685,0,-4.96580381738448
2.8262765027231,0,-4.93076183183649
2.83057413972398,0,-4.89295777639289
2.8381980277094,0,-4.85324822787141
2.84974472039034,0,-4.81239710410435
2.86570383952855,0,-4.77102285827051
2.88646139358126,0,-4.72954751586115
2.91229830572089,0,-4.68814986663613
2.9433795639541,0,-4.64672734810945
2.97973016669274,0,-4.60487322868232
3.02119640575916,0,-4.5618767632532
3.06739506647857,0,-4.51675317664761
3.11765798745392,0,-4.46830714211494
3.1709834643705,0,-4.41522819508984
3.22600746277576,0,-4.35621053096909
3.28100565615011,0,-4.2900846770503
3.33393247629169,0,-4.21594610195824
3.3824973034206,0,-4.13326640686536
3.4242724250697,0,-4.04197564351319
3.45682347642159,0,-3.94250820486493
3.47785073187423,0,-3.83580851942116
3.48532829754676,0,-3.72329611866546
3.47762766441432,0,-3.60679294049905
3.45361265971016,0,-3.48841946892614
3.41269546807969,0,-3.37047029908396
3.3548485280611,0,-3.2552828318963
3.28057395420017,0,-3.14511357424742
3.19083874078211,0,-3.04203418102535
3.08698826642965,0,-2.94785451554189
2.97065145166362,0,-2.8640742910873
2.84364869824013,0,-2.79186008244748
2.70790983103173,0,-2.73204173357223
2.56540518612389,0,-2.68512154423808
2.41808978166782,0,-2.65129053840319
2.26785857493139,0,-2.63044784074865
2.11651008398477,0,-2.6222210762048
1.96571584685978,0,-2.6259873508891
1.8169939717463,0,-2.64089556269098
1.67168609785573,0,-2.66589144406892
1.53093817707158,0,-2.69974685130675
1.3956863673597,0,-2.74109443490153
1.26664979321875,0,-2.78846807388318
1.14433182307781,0,-2.84034852618785
1.02903078378599,0,-2.89521288485767
0.920859761838656,0,-2.95158587472643
0.819773563221356,0,-3.00809091393631
0.725599374550563,0,-3.06349914290602
0.638066607370137,0,-3.11677499454147
0.556831224684634,0,-3.16711685913875
0.48149085335326,0,-3.21399050524679
0.41158925697127,0,-3.25715102990763
0.346611954838489,0,-3.29664688349813
0.285978067061366,0,-3.33279855435964
0.229035607231498,0,-3.36614678281422
0.175067386605582,0,-3.39737153509074
0.123312295940991,0,-3.42719163541966
0.0730029448976516,0,-3.45626195989992
0.0234168303823243,0,-3.48508693976349
-0.026064798191807,0,-3.51396533179992
-0.075898365423564,0,-3.54297417007775
-0.126329089977046,0,-3.57199241883928
-0.177361450006446,0,-3.6007587762071
-0.228756979559843,0,-3.62895385003408
-0.280063636064938,0,-3.65629471912449
-0.330676226826201,0,-3.68262980039607
-0.379923487289639,0,-3.70802361292051
-0.427175777843917,0,-3.73282339537552
-0.471967974941758,0,-3.75770108600988
-0.514133425601317,0,-3.7836636605256
-0.553944445306405,0,-3.81202204438446
-0.592250609477414,0,-3.84430525841542
-0.630597182328905,0,-3.88210540402958
-0.671293960865601,0,-3.92684479684349
-0.717394004890939,0,-3.97947238700893
-0.772539156776547,0,-4.04012275276685
-0.840642969742385,0,-4.1078023458644
-0.925417409569231,0,-4.18019257256776
-1.02980478073288,0,-4.25366033360354
-1.15543279647885,0,-4.32352811075331
-1.30223642771784,0,-4.38457840270434
-1.46835686883428,0,-4.4316806632312
-1.65033892210179,0,-4.46038096110882
-1.84354705954422,0,-4.46731737116831
-2.04266284690902,0,-4.4504041154824
-2.24213660023384,0,-4.40881543185078
-2.43652360571478,0,-4.34285119688911
-2.62069941326028,0,-4.25376870994657
-2.78999041044257,0,-4.14363549351677
-2.94026795185856,0,-4.01522018056373
-3.06804374367265,0,-3.87190850777308
-3.17058145014577,0,-3.71761576248696
-3.24601421987947,0,-3.55666710348492
-3.29343903115509,0,-3.39363120451436
-3.31295417923129,0,-3.23311476214051
-3.3056185002532,0,-3.07954548271651
-3.27333409982127,0,-2.93697926261081
-3.21867636935381,0,-2.80896005046397
-3.14470568101481,0,-2.69844376652507
-3.05479215472506,0,-2.60778021587758
-2.95247342278944,0,-2.53873612282663
-2.84135247259527,0,-2.49253964106769
-2.72503304606228,0,-2.46992944407218
-2.60708488894271,0,-2.47119638840546
-2.4910293847541,0,-2.49621041658719
-2.38033617823296,0,-2.54442886697042
-2.27842195855787,0,-2.61488471041559
-2.18864279532399,0,-2.70615496079184
-2.11427088761605,0,-2.81631135592192
-2.0584452329795,0,-2.94285827696872
-2.02408393050736,0,-3.08266781861411
-2.01374482677555,0,-3.23192998946394
-2.02942375405469,0,-3.3861476002789
-2.07229057146936,0,-3.54021858830242
-2.14238876638456,0,-3.68865632154753
-2.2383670523024,0,-3.82598586903102
-2.35735838116054,0,-3.94730112228353
-2.49513204043408,0,-4.04886879903378
-2.6465643115137,0,-4.12856880144648
-2.80630797443998,0,-4.18596914249032
-2.96941035722047,0,-4.22199940433501
-3.131664459124,0,-4.23839731554967
-3.28964845718028,0,-4.23718098371556
-3.44055980759539,0,-4.22031124619901
-3.58198880649674,0,-4.189570766919
-3.71173407714386,0,-4.1466019408942
-3.82770580283373,0,-4.09302721204534
-3.92792452446038,0,-4.03058924746601
-4.01060323790513,0,-3.96126638613312
-4.07428765336133,0,-3.88733226244171
-4.11801801010131,0,-3.81134085068415
-4.1414683181402,0,-3.73603443516003
-4.14502226683041,0,-3.66419191664751
-4.12976276866577,0,-3.59845143738338
-4.09737846697033,0,-3.54114606435517
-4.05001322699904,0,-3.49418183917033
-3.99009394854579,0,-3.45896993777556
-3.92016732152366,0,-3.43640833390961
-3.84276394161991,0,-3.42689918004395
-3.76029598731408,0,-3.43038647189683
-3.6749865513248,0,-3.44640145815212
-3.58882517147004,0,-3.47410744181988
-3.50354364599367,0,-3.51233920816068
-3.42060712047479,0,-3.55963497130729
-3.34121658859711,0,-3.61426122622286
-3.26632007455,0,-3.6742345052693
-3.19663114327834,0,-3.73734983806509
-3.13265515909765,0,-3.80123355907347
-3.07472490383219,0,-3.86344541868941
-3.02304518336862,0,-3.92165572975494
-2.97773808069842,0,-3.97390871033966
-2.93886749726729,0,-4.0189463991753
-2.90641242178363,0,-4.05651463367176
-2.88016722274849,0,-4.08753392615019
-2.85957939919628,0,-4.11403730586941
-2.8435722998373,0,-4.13886426986917
-2.83041259900186,0,-4.16519811290721
-2.81766287947612,0,-4.19607021365752
-2.80223150836612,0,-4.23392063871617
-2.78051715342455,0,-4.28025038033929
-2.74864397690568,0,-4.33537069282289
-2.70278292724014,0,-4.39825571222353
-2.63954372126222,0,-4.46651944936482
-2.55639841168093,0,-4.53654764579717
-2.45206786419084,0,-4.60380405348938
-2.32678328011427,0,-4.66329411348014
-2.18234552113412,0,-4.71011697393156
-2.02195367945366,0,-4.73999579219644
-1.84984472545025,0,-4.74967499876646
-1.67084200691851,0,-4.73711891844682
-1.48992202801144,0,-4.70151470221695
-1.31187622893916,0,-4.6431365625189
-1.14109348489322,0,-4.56314606928021
-0.981447963408838,0,-4.46338922428215
-0.836258172287099,0,-4.34622376404864
-0.708283104439569,0,-4.21438571508072
-0.599730942081566,0,-4.07088933032736
-0.512267098211459,0,-3.91894868857459
-0.447017576599486,0,-3.76190931913998
-0.404569657922529,0,-3.60318130236888
-0.38497495733924,0,-3.44616946257465
-0.387760465383984,0,-3.29420035843768
-0.411951851558187,0,-3.15044903277938
-0.456110738130791,0,-3.01787038452697
-0.518384629512417,0,-2.89914030891694
-0.596565537535438,0,-2.79661051451971
-0.688151740163069,0,-2.71227862935612
-0.790406866874033,0,-2.64777253663083
-0.900411532063027,0,-2.60434550401818
-1.01510465755135,0,-2.58287704289405
-1.13131396090725,0,-2.58387371346139
-1.2457774495254,0,-2.60746419888241
-1.35515993993917,0,-2.65338372862374
-1.45607056209659,0,-2.72094420612402
-1.54508890692685,0,-2.80898819256555
-1.6188088475941,0,-2.91582736440743
-1.6739098350019,0,-3.039169405298
-1.70726516716161,0,-3.17604163382829
-1.71609486271387,0,-3.32272492951332
-1.69816705923317,0,-3.4747175342377
-1.65204616214642,0,-3.62675521910428
-1.57737712812882,0,-3.77292261555946
-1.47517916714932,0,-3.90689894482633
-1.34809247249288,0,-4.02238125879542
-1.20047945222007,0,-4.11369892987367
-1.03825354590391,0,-4.17655267381436
-0.868347647800101,0,-4.20869353793078
-0.697874153762347,0,-4.21028313003878
-0.53320873831647,0,-4.18374951876694
-0.379304246661774,0,-4.13317399847765
-0.239425733971501,0,-4.06345873262164
-0.115283186251823,0,-3.97957245529158
-0.00739112080005933,0,-3.8860512045774
0.0845274260715496,0,-3.78677236167711
0.161203999898552,0,-3.68492649683482
0.223590232105421,0,-3.58309484546499
0.272716067945867,0,-3.48336380921311
0.309615769346123,0,-3.38743793790401
0.335297592131016,0,-3.29673476207051
0.350739150022349,0,-3.21245702378235
0.356896533874816,0,-3.13564327781613
0.354719612982106,0,-3.06719965348613
0.345168611862778,0,-3.00791587527159
0.32922853881971,0,-2.95846855694495
0.307918884652783,0,-2.91941478638765
0.282296641241996,0,-2.8911792056782
0.253451385985653,0,-2.87403805201739
0.222492045955564,0,-2.86810375946362
0.19052594113553,0,-2.87331354982437
0.158631644169581,0,-2.88942489556438
0.127827899779177,0,-2.91601989996991
0.0990412151471859,0,-2.95251969962908
0.0730747937342562,0,-2.99820914096926
0.0505813851894131,0,-3.0522712847555
0.0320425334353461,0,-3.11383062805973
0.017756693646232,0,-3.18200301341722
0.00783861544060105,0,-3.25594870046404
0.00223185483324362,0,-3.33492290760535
0.000734713107222174,0,-3.41831573462159
0.00303688063747232,0,-3.50567196569602
0.00875983910587785,0,-3.5966826117546
0.0174900896715452,0,-3.69114563183195
0.0287931372232456,0,-3.78890281245606
0.0422006261078947,0,-3.88977043366676
0.057174072023258,0,-3.99348834091923
0.0730634898599346,0,-4.09971085674126
0.089090792958724,0,-4.20805192631443
0.104387701907223,0,-4.318178910824
0.118103159873573,0,-4.42993153133356
0.12957351348999,0,-4.54343160006243
0.138531667572817,0,-4.65914673144381
0.145320624772505,0,-4.77787329525089
0.151063179148316,0,-4.90061051934217
0.157724926711392,0,-5.02831931023687
0.168018263350192,0,-5.16160308481682
0.185150006068673,0,-5.3003919658643
0.212483384902707,0,-5.4437140354765
0.253207030300009,0,-5.58958850086301
0.310064238643833,0,-5.73501898913031
0.385136927154678,0,-5.87604625841976
0.479643480788074,0,-6.00784341404261
0.593710978080528,0,-6.12488161427879
0.726117013179791,0,-6.22123626858733
0.874060790302096,0,-6.2911147388319
1.03309949726727,0,-6.32962578611323
1.19741404503659,0,-6.33365574786583
1.36046571785951,0,-6.30254242963556
1.51588430969792,0,-6.2382293711446
1.65826947449411,0,-6.14483034877492
1.78365648517712,0,-6.02784253961004
1.88961831603997,0,-5.89334600817423
1.97513968889202,0,-5.74739836608242
2.04042050778079,0,-5.59565476434875
2.0867039741037,0,-5.44314147727008
2.11615253757732,0,-5.29409351772378
2.13174206629281,0,-5.15179571553921
2.13711331992602,0,-5.01841661417603
2.13631424643552,0,-4.89488260654347
2.13340311187277,0,-4.78088352246205
2.13196832266893,0,-4.67508717310977
2.13471216346679,0,-4.5755437340243
2.1432526261907,0,-4.48014158373622
2.15818675926484,0,-4.3869505622161
2.1793233171949,0,-4.29438176476892
2.20594455157799,0,-4.20120349551401
2.23700188707985,0,-4.10649436808841
2.27121952703963,0,-4.00959540614759
2.30712596781893,0,-3.91008942818619
2.34305122608052,0,-3.80781266987633
2.37712869576843,0,-3.70289143592873
2.40733275282615,0,-3.59578975713762
2.43156885187816,0,-3.48734951745596
2.4478139361624,0,-3.37880322964563
2.45428653614242,0,-3.27174382042586
2.4496144610425,0,-3.16804583310761
2.43296741451805,0,-3.06974560421637
2.40413137859799,0,-2.97889952789978
2.36351683585753,0,-2.89744521759026
2.31210835495277,0,-2.82708820047369
2.25137404628241,0,-2.76922775545004
2.18315723440107,0,-2.72492326667811
2.1095694652887,0,-2.69489172346903
2.03289621808995,0,-2.67952146108511
1.95551813293727,0,-2.67888805642373
1.87984437474717,0,-2.69276384028066
1.80825237765049,0,-2.72061953356752
1.74302922204232,0,-2.76162202392711
1.68631271467086,0,-2.81463472944515
1.64003318458491,0,-2.87822647376356
1.60585895975164,0,-2.95069244743864
1.58514907804643,0,-3.03008795935265
1.5789162039925,0,-3.11427326375077
1.58780144580935,0,-3.20096627497206
1.61206131722061,0,-3.28779952751977
1.65156587579507,0,-3.37237810441865
1.70580632631143,0,-3.45233611762016
1.77391015985381,0,-3.52539035008353
1.8546621344834,0,-3.58939059591216
1.94652995014676,0,-3.6423668907265
2.04769416704572,0,-3.68257412201371
2.15608260515197,0,-3.70853442446014
2.26940999394487,0,-3.7190773211436
2.38522387376636,0,-3.71337683767127
2.50095755671082,0,-3.69098392479918
2.61399025669562,0,-3.65185168696736
2.72171332122977,0,-3.59635041318515
2.8216000323891,0,-3.52526954139339
2.91127506534302,0,-3.43980465608325
2.98857888358789,0,-3.34152938325853
3.051622534726,0,-3.23235425413943
3.09882964794412,0,-3.11447665239483
3.12896469577141,0,-2.99032718461841
3.14114920322945,0,-2.86251777712445
3.13486987319717,0,-2.73379543864357
3.1099839673725,0,-2.60700323779181
3.06672741317898,0,-2.48504713492256
3.00572992296077,0,-2.37086442108004
2.92803899037722,0,-2.26738713755805
2.83515112503758,0,-2.17749243165024
2.72904435818116,0,-2.10393184076734
2.61220139157753,0,-2.04923353413102
2.48760865340027,0,-2.01557604851119
2.35871430641383,0,-2.00463914396782
2.22932956799188,0,-2.01744647993426
2.10346410373543,0,-2.05422427323416
1.98509859320929,0,-2.11430721111218
1.87791506279237,0,-2.19612389750471
1.78502460573603,0,-2.29728502525741
1.70874533779907,0,-2.41477633375913
1.65048152276594,0,-2.54522892959064
1.61073232477484,0,-2.68521305016129
1.58922132450397,0,-2.83149234051802
1.58510285867958,0,-2.98119122621669
1.59718593498653,0,-3.13186019843368
1.62412572255195,0,-3.28145525811621
1.66455640474389,0,-3.4282645063714
1.71716267898847,0,-3.57081486465315
1.78070131547398,0,-3.70778212928224
1.85398819458189,0,-3.83791631347566
1.93586402919739,0,-3.95998629970238
2.02514780799066,0,-4.07274420364205
2.12058355876597,0,-4.17490951629156
2.220784468214,0,-4.26517456940057
2.32417897098886,0,-4.3422348378027
2.42896597576592,0,-4.40484878318143
2.53309028613292,0,-4.45193085508849
2.634252896957,0,-4.48267618840701
2.72997120408146,0,-4.49670545092716
2.81769748060008,0,-4.49420480842553
2.89498840359742,0,-4.47602511316303
2.95969800281087,0,-4.44370521382408
3.01015191355503,0,-4.39940211838796
3.04526317470471,0,-4.34573988802023
3.06456993277651,0,-4.28561399835721
3.06820177550585,0,-4.22199498919153
3.05679958081468,0,-4.15776388395036
3.03141743278006,0,-4.09559245331715
2.99342788070799,0,-4.03786512187708
2.94444095530988,0,-3.98663123836236
2.88623834156943,0,-3.94357572175482
2.82071890625161,0,-3.90999957839512
2.74985005678664,0,-3.88680661520481
2.67562004168008,0,-3.8744971759049
2.59998819664223,0,-3.87317316404316
2.52483244753871,0,-3.88256071772608
2.45189544064443,0,-3.90205749393617
2.38273191672383,0,-3.93081032781226
2.31865990377321,0,-3.96782563601512
2.26071674511753,0,-4.01210895658414
2.20961823804796,0,-4.06282157427393
2.16571645314419,0,-4.11943248897477
2.1289512030496,0,-4.1818357746233
2.09879373717561,0,-4.25040053139972
2.07418966530952,0,-4.32592677433728
2.05351905939192,0,-4.4094970280814
2.03459990753974,0,-4.50223754691529
2.01476042765052,0,-4.60502851087059
1.99099257944197,0,-4.71822058588284
1.96017572647371,0,-4.84141780313606
1.91933489554736,0,-4.97337007079176
1.86588487484493,0,-5.11198696884675
1.79781777293553,0,-5.25445027793852
1.71381530414589,0,-5.3973811522427
1.61329560508865,0,-5.5370178650335
1.49642341315811,0,-5.66937903612983
1.36411403695444,0,-5.7904139459847
1.21804671506093,0,-5.89616324102608
1.06067844493622,0,-5.98296067230739
0.895224517649348,0,-6.04769411384302
0.725558500807031,0,-6.08811147856852
0.555995021850081,0,-6.10311374835127
0.390958570637698,0,-6.09294690574463
0.234595467783578,0,-6.05921510483806
0.0904202691203667,0,-6.0046946303429
-0.0389235505098694,0,-5.93300019488008
-0.151757133574293,0,-5.84819655075911
-0.247333437597725,0,-5.75444112052089
-0.325723967470254,0,-5.6557057961552
-0.387670338053681,0,-5.55558766139336
-0.434431409724814,0,-5.45719559729789
-0.467641194979041,0,-5.36309302288098
-0.489182376443766,0,-5.27527969367738
-0.501075674258599,0,-5.19520105492669
-0.505384586502767,0,-5.12377839274246
-0.504135984634261,0,-5.06145565076217
-0.499257946039659,0,-5.008259463646
-0.492536025883549,0,-4.9638685982566
-0.485587630148496,0,-4.92768865612535
-0.479851643200079,0,-4.8989283759848
-0.476587843155201,0,-4.87667536723708
-0.476878895147883,0,-4.85997102898614
-0.481627615688051,0,-4.84788560016626
-0.491544057355973,0,-4.83959351164517
-0.50712052307013,0,-4.8344459418762
-0.528597095790893,0,-4.83203260521931
-0.555924446342563,0,-4.83222075559472
-0.588733208175648,0,-4.83515912640738
-0.626319163251613,0,-4.84123959230346
-0.667650986318162,0,-4.85101834090205
-0.711403578737406,0,-4.86510752228821
-0.756016655180079,0,-4.88405410154253
-0.799776023388268,0,-4.90822380250495
-0.840913496233925,0,-4.93770585378709
-0.87771953739782,0,-4.97225060247958
-0.908659935942247,0,-5.0112478275777
-0.932484567245959,0,-5.05374850084573
-0.948314293599447,0,-5.09852641858162
-0.955693239232808,0,-5.14416918205923
-0.954598992754736,0,-5.18918236633539
-0.945411712471657,0,-5.23208875188165
-0.928851764352061,0,-5.27150746458253
-0.905901125544862,0,-5.30620489161323
-0.877724458088273,0,-5.33511762120122
-0.845601904937994,0,-5.35735439727436
-0.810879402713302,0,-5.37218738267912
-0.774936092992953,0,-5.37904277232132
-0.739163921580807,0,-5.37749803088903
-0.704952352603192,0,-5.36728907586848
-0.673671162079072,0,-5.34832664075658
-0.646646083900447,0,-5.32071754222941
-0.625125139823622,0,-5.284784181161
-0.610237139815361,0,-5.24107483737507
-0.602947209668517,0,-5.19035852356725
-0.604016289266428,0,-5.13360123314391
-0.61397160448821,0,-5.07192455649751
-0.633093095124954,0,-5.00655154302108
-0.661417441043381,0,-4.93874709422709
-0.698757891555338,0,-4.86976048418909
-0.74473564411481,0,-4.80077608776252
-0.798817522011907,0,-4.73287591603088
-0.860355018222397,0,-4.66701504965933
-0.928620895326708,0,-4.60400914866416
-1.0028409194067,0,-4.54453210911351
-1.08221958780854,0,-4.48912153658771
-1.16595972462572,0,-4.43818978693688
-1.25327655573134,0,-4.39203866367468
-1.3434074054343,0,-4.35087629582516
-1.43561856414913,0,-4.3148351514383
-1.52921122907647,0,-4.28399051033319
-1.62352875444971,0,-4.2583789721563
-1.71796775978056,0,-4.23801664024028
-1.81199587245873,0,-4.22291639139222
-1.90517887986593,0,-4.21310298238163
-1.99721956984455,0,-4.2086235364641
-2.08800913210182,0,-4.2095491922052
-2.17768914382661,0,-4.21596165673572
-2.26671740047889,0,-4.22791685340817
-2.35592421698481,0,-4.24537819454894
-2.44653859236502,0,-4.26811610279012
-2.5401589849166,0,-4.29557968180465
-2.63864616752531,0,-4.32676020873808
-2.74392974522473,0,-4.36007989688736
-2.85774455812902,0,-4.39334527873485
-2.98133984631396,0,-4.42379551314299
-3.11521937689803,0,-4.44825188383305
-3.25896508648448,0,-4.46334533327509
-3.41117188021254,0,-4.46577826033653
-3.56948956311474,0,-4.45257435888194
-3.73074434714551,0,-4.42128479438436
-3.89110540865763,0,-4.37014094767548
-4.04627065487829,0,-4.29816216539894
-4.19166284904267,0,-4.20523421563509
-4.32264321693944,0,-4.09216870350509
-4.43475619621729,0,-3.96073852489136
-4.52401035529681,0,-3.81366662295317
-4.58717664365195,0,-3.65453563388932
-4.62205583606212,0,-3.4875953885069
-4.6276514851506,0,-3.31747607039771
-4.60419973863199,0,-3.14885336695416
-4.55305051038034,0,-2.98613403927072
-4.47644134369983,0,-2.83322101712329
-4.3772293163627,0,-2.69338403581803
-4.25864005947197,0,-2.56922668424219
-4.12406868384639,0,-2.46272015946228
-3.97694205695153,0,-2.37527061898204
-3.8206350748764,0,-2.30779417676826
-3.65842641197966,0,-2.26078373120131
-3.49347861067764,0,-2.23436051694783
-3.32882987766294,0,-2.22830921850534
-3.16738836981306,0,-2.24209897347253
-3.01192306785788,0,-2.27489434414585
-2.86504822390547,0,-2.32556091102805
-2.72920073521994,0,-2.39266984789499
-2.60661151205444,0,-2.47450484463354
-2.49927274921335,0,-2.5690732736167
-2.4089027733988,0,-2.67412197210573
-2.33690883908423,0,-2.78715708114644
-2.28434631623261,0,-2.90546775230619
-2.25187106233877,0,-3.02615570427505
-2.23968168639941,0,-3.14617654154636
-2.2474513361284,0,-3.26240353348595
-2.27425577377544,0,-3.37172803443522
-2.31851589751339,0,-3.47120911119329
-2.37798551490241,0,-3.55827330866647
-2.4498208793033,0,-3.6309411093304
-2.53075529593156,0,-3.6880260139376
-2.61736443903214,0,-3.72923558595646
-2.7063611117691,0,-3.75512445833938
-2.79483560273835,0,-3.76690661585775
-2.88038123039439,0,-3.76619264577483
-2.96109781105959,0,-3.75473682736824
-3.03551039241111,0,-3.73425344058369
-3.102454324873,0,-3.7063193027775
-3.16096649200801,0,-3.67234840242437
-3.21020364341382,0,-3.63361300997609
-3.24939400856055,0,-3.59128755734941
-3.27782042512561,0,-3.5464981236358
-3.29483001121599,0,-3.50036637524136
-3.29986416530093,0,-3.45404085256304
-3.29250164879354,0,-3.40871112327088
-3.27250624251259,0,-3.3656026092119
-3.23986950618167,0,-3.3259526053966
-3.1948394991251,0,-3.29097119312062
-3.13792868359767,0,-3.2617936957074
-3.06989849413221,0,-3.23943295501949
-2.99172304967542,0,-3.22473924992744
-2.90453854924095,0,-3.21837322186902
-2.80958677445451,0,-3.22079366103172
-2.70816059174819,0,-3.23225869566936
-2.60155712165751,0,-3.25283673701524
-2.4910414287896,0,-3.28242273639391
-2.37782110268164,0,-3.32075564836557
-2.26303041425675,0,-3.36743398784681
-2.14772190661449,0,-3.42192760416589
-2.0328631541168,0,-3.48358503957977
-1.9193367906385,0,-3.55163704436055
-1.807942590476,0,-3.62519805389417
-1.69940123964893,0,-3.70326880500013
-1.59436028205772,0,-3.78474485189158
-1.49340324433247,0,-3.86843748780524
-1.3970625740694,0,-3.95311521246665
-1.30583495863147,0,-4.03757479494815
-1.22019299384176,0,-4.12075011507888
-1.14057978358733,0,-4.20186277930602
-1.06736413898463,0,-4.28060895160491
-1.0007274805562,0,-4.35735956484068
-0.940456531985674,0,-4.43332471217698
-0.885638209627708,0,-4.51060143702229
-0.834302024037962,0,-4.59200388823288
-0.783123273608845,0,-4.68059724483853
-0.727352237599256,0,-4.77894843277959
-0.661117167475969,0,-4.88824918167823
-0.57813430514794,0,-5.00758166705251
-0.472687045202133,0,-5.13359433063236
-0.340605592448913,0,-5.2607140400849
-0.179972443005911,0,-5.38181468059735
0.00859712225463449,0,-5.48910977176573
0.222076315175202,0,-5.57501474977359
0.455405047631731,0,-5.632819761873
0.701962657574206,0,-5.65714636902761
0.954037972703167,0,-5.64425148259111
1.20328719403634,0,-5.59225514401494
1.44122432141165,0,-5.50131876456974
1.65978061262281,0,-5.37372863731051
1.85190492389124,0,-5.21379782664329
2.01210017933219,0,-5.0275271268079
2.13676566446081,0,-4.82205567579761
2.22427026186774,0,-4.6050226959855
2.27478098016195,0,-4.38398772678506
2.28994502257972,0,-4.16600830106007
2.27253628358229,0,-3.95739722525328
2.2261439938753,0,-3.76362486912774
2.15493692367488,0,-3.58931111272671
2.06350368812993,0,-3.4382566781245
1.95675304940299,0,-3.3134786405244
1.8398531511306,0,-3.21722974963524
1.71818949951792,0,-3.15099211850799
1.5973242338398,0,-3.11544285384702
1.48294182240682,0,-3.11039353670865
1.38076798116946,0,-3.13470841291398
1.29644895528387,0,-3.18620888895849
1.23537694238911,0,-3.26157591461612
1.20244434121857,0,-3.35626967845516
1.20170713969036,0,-3.46450213263467
1.23594595910527,0,-3.57932600848567
1.30615353742339,0,-3.6929363260228
1.41106995026933,0,-3.79727717552415
1.54699893182641,0,-3.88493893055938
1.70813827193163,0,-3.9501107340814
1.88742418538326,0,-3.98919393656467
2.07756083240097,0,-4.00081640728656
2.27181266809301,0,-3.98534710037968
2.46435985705411,0,-3.94424704290108
2.65029272149222,0,-3.87954303892244
2.82543297864756,0,-3.79352776013672
2.98613598381893,0,-3.68865632786637
3.12915540564279,0,-3.56756542344142
3.25159849125322,0,-3.43314609438386
3.35097157936356,0,-3.28861738139595
3.4252987118031,0,-3.13756056100456
3.47328119409368,0,-2.98388502713912
3.49445236813212,0,-2.83171299260908
3.48927720619024,0,-2.68519359346426
3.45915878053142,0,-2.54828133380734
3.40634249238743,0,-2.42452700826227
3.33374145417336,0,-2.31692311567192
3.24472639662252,0,-2.22782395800156
3.14292355039472,0,-2.15893576908761
3.03204924575622,0,-2.11135585620843
2.91579127071052,0,-2.08563537711778
2.79773245474027,0,-2.08184467492702
2.68130402054286,0,-2.09962782107603
2.56975366325382,0,-2.13824057163913
2.46611377589502,0,-2.1965720805484
2.37315720834859,0,-2.27315573443587
2.29333125128394,0,-2.36617915268744
2.22866636128733,0,-2.47350808691397
2.18066674446042,0,-2.59274270746662
2.15020764519935,0,-2.72132416644489
2.13748811437634,0,-2.85669729407545
2.14210521475121,0,-2.99650289259241
2.16329114104183,0,-3.13872335862479
2.2002531995575,0,-3.28168047459163
2.25242912971073,0,-3.42385382800439
2.31948297233194,0,-3.56363378749554
2.40107092955773,0,-3.6991807666968
2.49657418241632,0,-3.82845014192141
2.6049486670529,0,-3.94930765928653
2.72470002409266,0,-4.05963913944464
2.85391780916602,0,-4.15741270506644
2.99030863360266,0,-4.24070049308386
3.13119909207502,0,-4.30768640743602
3.27350548561157,0,-4.35668912519945
3.41368581308997,0,-4.38622768309194
3.54770648640451,0,-4.39515344955696
3.67107498732426,0,-4.38286193769602
3.77900354284877,0,-4.34957080757948
3.86675669364866,0,-4.29660075388172
3.93017090911861,0,-4.22654069625754
3.96622277112858,0,-4.14316920788086
3.97343869191883,0,-4.05108947735219
3.95198097461477,0,-3.95518223052933
3.90340549016067,0,-3.86007150778099
3.83023392252005,0,-3.76975813874737
3.73551351737813,0,-3.68746073073825
3.62247160601004,0,-3.61561405999448
3.4942915938007,0,-3.55594858892963
3.35398861793492,0,-3.50959088152288
3.20434781745871,0,-3.47715193265254
3.0478907862405,0,-3.4587939616986
2.8868451597397,0,-3.45428494715973
2.72310618448767,0,-3.46306663254657
2.5582005346299,0,-3.48437175929148
2.39328905651546,0,-3.51741178184384
2.22925378361403,0,-3.56159868370117
2.06687266007343,0,-3.61669327566091
1.90700921664258,0,-3.68277886314198
1.75071889501782,0,-3.76007545812089
1.59923861870382,0,-3.84871651833041
1.45390551078669,0,-3.94859759290376
1.3160691280178,0,-4.05932241509317
1.18703263845954,0,-4.18021371804889
1.06802718830399,0,-4.31034714869931
0.960208982117749,0,-4.44858118396579
0.864666385845058,0,-4.59357139019502
0.782426861783452,0,-4.74376680043178
0.714456274442665,0,-4.89739061033448
0.661644584135809,0,-5.05240943949105
0.624772241032362,0,-5.20649722375059
0.60445150662224,0,-5.35700278512027
0.601037774035972,0,-5.50093489970666
0.614509594847978,0,-5.63498478205367
0.644324704226735,0,-5.75561085207581
0.689273929770747,0,-5.85920898638637
0.747372340325501,0,-5.94237559056764
0.815836871173342,0,-6.00223676866678
0.891186725522387,0,-6.03677443499717
0.969460660347331,0,-6.04505704978672
1.04649183642196,0,-6.02730661273457
1.11815283707054,0,-5.98480123146535
1.18050386510244,0,-5.91968297175725
1.22983338745891,0,-5.83477043893716
1.26263957506956,0,-5.73345411370022
1.27563762798228,0,-5.61969777480269
1.26588111576525,0,-5.49810307209451
1.23104604298169,0,-5.37393504406681
1.1698401288581,0,-5.25298233424235
1.08239245820473,0,-5.14117505792007
0.970422370040079,0,-5.04401493260378
0.837055524803968,0,-4.96602017322439
0.686337887204741,0,-4.91043476158876
0.522676352775184,0,-4.87933597136733
0.350480162091195,0,-4.87405516128678
0.174155461811088,0,-4.89563418105445
-0.00162104649487099,0,-4.94498744716136
-0.171633010675998,0,-5.02259010090288
-0.330183303609103,0,-5.12782632333864
-0.471589507820999,0,-5.25840303178382
-0.5908937990587,0,-5.41020825686816
-0.684413848729807,0,-5.57766982473101
-0.749913422276916,0,-5.75435099997634
-0.786444423114162,0,-5.93345871010585
-0.794071746337621,0,-6.10809751844404
-0.773685208109356,0,-6.27129426711951
-0.727011572908259,0,-6.4159371201717
-0.656837214471009,0,-6.53482126858035
-0.567346641611171,0,-6.62099443877349
-0.464362644522678,0,-6.66851632401659
-0.355196032482547,0,-6.67351883889451
-0.247926264419598,0,-6.63513113307413
-0.15029318201691,0,-6.55572144427224
-0.068699232668226,0,-6.44027021094645
-0.00773737335503211,0,-6.29524088856496
0.0297248890176741,0,-6.12750728056274
0.0421498464812931,0,-5.94366342960714
0.0288786556608741,0,-5.74973881690176
-0.0102322232240629,0,-5.55119622058305
-0.0750425635005215,0,-5.35308183577764
-0.165228169037838,0,-5.16023721902084
-0.280257972253389,0,-4.97751742249964
-0.419252535712325,0,-4.80997473824523
-0.580724471727624,0,-4.66296352053737
-0.762210347134092,0,-4.54210144740947
-0.959840743433218,0,-4.45299065145794
-1.16798388681749,0,-4.40058279165722
-1.37923890391257,0,-4.38815135058016
-1.58511481652903,0,-4.41613755833745
-1.77741875864022,0,-4.48154770758102
-1.94971527272978,0,-4.57850189611116
-2.09798654067618,0,-4.69968703397305
-2.22028655492873,0,-4.83777894363609
-2.31591663540393,0,-4.9861727970651
-2.38470248812356,0,-5.13903041977199
-2.42661261675922,0,-5.29097182304824
-2.44170496431494,0,-5.43670047190917
-2.43031603840085,0,-5.57073297962914
-2.39340890028783,0,-5.6873369391772
-2.33298430853139,0,-5.78075375925834
-2.25241000955991,0,-5.8457313728137
-2.15648275049984,0,-5.87826338249571
-2.05109763482411,0,-5.87626712589127
-1.94259101669871,0,-5.83988775624422
-1.83701437374636,0,-5.77129593898436
-1.7396086057763,0,-5.67412390798704
-1.65458620667614,0,-5.55281978635934
-1.5851597475832,0,-5.41213311003005
-1.53368975917335,0,-5.25680196814301
-1.50184544404251,0,-5.09141129965321
-1.49071750273987,0,-4.92035516083918
-1.50085959744805,0,-4.74783587229672
-1.53225927308519,0,-4.57784367207496
-1.58425858963149,0,-4.41407183028685
-1.65546812684704,0,-4.25973761216731
-1.74374919516395,0,-4.11731204006485
-1.84636876653297,0,-3.98822937162754
-1.96042049863483,0,-3.87275460378782
-2.08347612159406,0,-3.77026444683657
-2.21415949471967,0,-3.68005240925755
-2.35216413580568,0,-3.60230295763006
-2.49756489577598,0,-3.5385358029548
-2.64990555529332,0,-3.49120824202888
-2.807672192988,0,-3.46289172813367
-2.96829024424266,0,-3.45560323339737
-3.12839779426267,0,-3.4705049897112
-3.28413855266332,0,-3.50787377134118
-3.43136296602514,0,-3.56717492763666
-3.56573405985768,0,-3.64712888123816
-3.68278069007316,0,-3.74571777637134
-3.77795649794517,0,-3.86012009084839
-3.84677082510867,0,-3.98659121171369
-3.8850604329382,0,-4.12034340553367
-3.88944989573756,0,-4.25552451216153
-3.8579726792127,0,-4.38542936501184
-3.79068658037881,0,-4.503042618607
-3.68999714951232,0,-4.6018549938731
-3.56045777291486,0,-4.67668448468567
-3.4080857385585,0,-4.72417061257803
-3.23950203659114,0,-4.74279502983509
-3.06122893451679,0,-4.73254519718802
-2.87930005841738,0,-4.69445446448406
-2.69915618162239,0,-4.63020007386803
-2.52572446088556,0,-4.54183753230309
-2.36358470044584,0,-4.43168095748926
-2.21715347950583,0,-4.30231697540127
-2.09082675462326,0,-4.15674256605135
-1.98900001589743,0,-3.99861345361169
-1.91585150677879,0,-3.83254153380137
-1.8748093449141,0,-3.66427362498849
-1.86782354290452,0,-3.50051787248837
-1.89481250215585,0,-3.34834464183137
-1.95359742143641,0,-3.21440981817713
-2.04026908569598,0,-3.10434261941475
-2.14971090349179,0,-3.02242752330524
-2.27608545900854,0,-2.9715187474053
-2.413228438846,0,-2.95309777982546
-2.55494437882578,0,-2.96741424066553
-2.69520427816174,0,-3.01366439047666
-2.8282520226838,0,-3.09016465438493
-2.94863982883951,0,-3.1944848855312
-3.0512249075565,0,-3.3235196293738
-3.13116709964071,0,-3.47349169359321
-3.18397133738005,0,-3.63989958538466
-3.20561912839653,0,-3.81744101071064
-3.19282374841347,0,-3.99997040973194
-3.14341200533081,0,-4.1805733367196
-3.05677154425797,0,-4.35184263332578
-2.93422267583849,0,-4.50638859762929
-2.77913731922249,0,-4.63750058165878
-2.59670229709739,0,-4.73976307416144
-2.3933937332007,0,-4.80942002011835
-2.17637019788407,0,-4.84440711538847
-1.95299805344356,0,-4.84413597401866
-1.73061617205245,0,-4.80920105578218
-1.51652597800052,0,-4.74117050132951
-1.31811318153176,0,-4.64256837137824
-1.1429604324798,0,-4.51709982292288
-0.998769071905535,0,-4.37010623707737
-0.892882215496748,0,-4.20912793057798
-0.831260746892947,0,-4.04428388206439
-0.817003362628447,0,-3.88803493039411
-0.848899493472083,0,-3.75398227617073
-0.920777716687814,0,-3.65480972103063
-1.02218384872847,0,-3.60008267248625
-1.14021047984296,0,-3.59482801280322
-1.26167382610115,0,-3.63937259450448
-1.3748121741769,0,-3.73021072241733
-1.47014885169508,0,-3.86129008173079
-1.54063289724823,0,-4.02519072596531
-1.58136338447632,0,-4.21395462935065
-1.58917186802588,0,-4.41954761850228
-1.56223423523883,0,-4.6340356849589
-1.49979784831663,0,-4.84957740671552
-1.40206119895855,0,-5.05832684363477
-1.27021877865758,0,-5.25233775705921
-1.10666224336032,0,-5.42357074324464
-0.915287173445542,0,-5.56412078457453
-0.701778193417649,0,-5.66676736170081
-0.473658205539548,0,-5.72584290215942
-0.239884535451773,0,-5.73819808812843
-0.00996164298284469,0,-5.70384567693968
0.207150661671143,0,-5.6259321189902
0.403903721070648,0,-5.51005694175194
0.574542408961807,0,-5.36330982875775
0.715047978712189,0,-5.1934303800832
0.822855635267017,0,-5.00829184777703
0.896552887788547,0,-4.81570639761485
0.93568600411655,0,-4.62345380289627
0.940736870392411,0,-4.43941691057489
0.91329532277956,0,-4.27170578918026
0.85641648007255,0,-4.12863822310474
0.775084630070799,0,-4.01842949502556
0.676595071251839,0,-3.94848238597463
0.57057004181464,0,-3.92431910826191
0.468366739658355,0,-3.94843363077623
0.381872909048892,0,-4.01949250031226
0.321973320043526,0,-4.13221604103833
0.29710469724953,0,-4.27801516055267
0.312289625017343,0,-4.44622791864799
0.368911198119547,0,-4.62561667299892
0.465224920563902,0,-4.80567747522041
0.59729817980276,0,-4.97741882253888
0.759957177942238,0,-5.13355613769584
0.947457338527799,0,-5.26831169614872
1.15380615582066,0,-5.37707422613118
1.3728091903088,0,-5.45611216917121
1.59796193014547,0,-5.50245070116745
1.82231960498768,0,-5.51396061502685
2.03848015033954,0,-5.48965621756254
2.23880777069532,0,-5.43012906539662
2.41596465458221,0,-5.33794771060332
2.56367377620579,0,-5.21778704723546
2.67746266841841,0,-5.07611527227099
2.75508848222779,0,-4.92048189536499
2.79650208361361,0,-4.7586635854946
2.8034480079423,0,-4.59795570732135
2.77892222430715,0,-4.4447546508609
2.72667507817865,0,-4.30441344750102
2.65084528989077,0,-4.18127517553671
2.55573091665022,0,-4.07878997521911
2.44566873636523,0,-3.99965453763188
2.32499087011405,0,-3.94594413774379
2.19803823445056,0,-3.91922460179815
2.06922193502381,0,-3.92063302914925
1.94312533136457,0,-3.95090167900186
1.82461641971547,0,-4.01027376077755
1.71887780857181,0,-4.09824817011462
1.63118381375201,0,-4.21315643546372
1.5662883679087,0,-4.35177167537594
1.52758595311827,0,-4.50933015276002
1.51657094879873,0,-4.68015187318419
1.53299159600633,0,-4.85851458593507
1.5755035293494,0,-5.03923339981991
1.64232142193861,0,-5.2177529156457
1.73157412325367,0,-5.38992765907348
1.84135977420937,0,-5.55172398785902
1.96960685484152,0,-5.69897263006271
2.11382767452012,0,-5.82721772927431
2.27080988955161,0,-5.93168953505094
2.43628199930439,0,-6.00745207610989
2.60462814421359,0,-6.04980987004594
2.76881262905831,0,-6.05504565204887
2.92074789173565,0,-6.02142575189006
3.05225474432122,0,-5.95012997524445
3.15641015455828,0,-5.84555036172564
3.22868550203011,0,-5.71462947920619
3.26733231035178,0,-5.56552939279201
3.272993728367,0,-5.40630447682032
3.24794144876041,0,-5.24404825263033
3.19533621692973,0,-5.08456346599482
3.11869124100345,0,-4.93237505219679
3.02154415298356,0,-4.79089755278356
2.90727828757209,0,-4.66264335456756
2.77903470599004,0,-4.5494252355621
2.63967873078296,0,-4.45254358698741
2.49180800371135,0,-4.37295879515839
2.33780405551128,0,-4.31143828562834
2.1799266247274,0,-4.26864458994204
2.02042286051569,0,-4.24512250855638
1.86159325029028,0,-4.24118882928305
1.70577556379655,0,-4.25680895145159
1.5552801542065,0,-4.29155565861547
1.41234465835465,0,-4.34465262154128
1.27913316911274,0,-4.41503175486397
1.15775671651766,0,-4.50135236399451
1.05028732437296,0,-4.60197868358101
0.958754704232508,0,-4.7149330859474
0.885125259631378,0,-4.8378382695179
0.831262875577489,0,-4.9678533485564
0.798865268941234,0,-5.10160606749569
0.789363189041415,0,-5.23512837597708
0.803765802055468,0,-5.36381537704397
0.842438771270419,0,-5.48244758176623
0.904819728658958,0,-5.58533836868135
0.989117253310786,0,-5.66667559213615
1.09209904064156,0,-5.72108692747142
1.20911329739042,0,-5.7443494589927
1.33443753896357,0,-5.73402561941053
1.46189170130298,0,-5.68976394134468
1.58549250095944,0,-5.6131452575295
1.69990920103677,0,-5.50719158527282
1.8006149544104,0,-5.37579078894023
1.88378208404901,0,-5.22325459134496
1.9460448002852,0,-5.05411130139879
1.984257292816,0,-4.8731396179936
1.99536160813145,0,-4.6855986055467
1.9764757833204,0,-4.49756846370739
1.92529873798274,0,-4.31625157838334
1.84084728235808,0,-4.15000132869164
1.72435035451227,0,-4.00783179780068
1.57990291208283,0,-3.8983352363112
1.41444656948187,0,-3.82828192340047
1.23693369512283,0,-3.80144596521607
1.05696350530546,0,-3.818138039724
0.883427482278739,0,-3.87557540070246
0.723626900815115,0,-3.96882855377158
0.583019334192397,0,-4.09188571388907
0.465440915338965,0,-4.23845966261659
0.373525880433573,0,-4.40240222312393
0.309101369727483,0,-4.57778749824555
0.273448876851852,0,-4.75879493418734
0.267403317829564,0,-4.9395105427006
0.29129225490241,0,-5.11373574546366
0.344726126429232,0,-5.2748833865272
0.426266442387469,0,-5.41605111333809
0.533046746359269,0,-5.53036691882381
0.660499344558347,0,-5.61164852368794
0.802391933645782,0,-5.65526616182747
0.95129990600529,0,-5.65890495534048
1.09940922125584,0,-5.62287631970423
1.23933340711879,0,-5.54985063349628
1.3646452966156,0,-5.44420873510922
1.47003765283181,0,-5.31135128507486
1.55122387894604,0,-5.15720714318782
1.60475159569989,0,-4.98800723621262
1.6278664689693,0,-4.81027335348461
1.61850633850752,0,-4.63092824278244
1.57546061780551,0,-4.45742697546308
1.49869470131861,0,-4.29781005067041
1.3897997347131,0,-4.16057924439465
1.25247560128877,0,-4.05430857307643
1.09289521314706,0,-3.98694392099649
0.919756383521044,0,-3.96482910717151
0.743840127496268,0,-3.99161502280852
0.576989255929321,0,-4.06732915141467
0.430608648831198,0,-4.18795565352392
0.314045108078948,0,-4.34581932321366
0.233397758953565,0,-4.53078790589131
0.191204321241514,0,-4.73188560921667
0.187002807056345,0,-4.93868516629295
0.218329488147747,0,-5.14204982491071
0.281634171697271,0,-5.33422220041883
0.372823760673225,0,-5.50854010208532
0.487410037486391,0,-5.65909292218122
0.620384226621553,0,-5.78053786850962
0.765989312817937,0,-5.86819259529726
0.917574973317699,0,-5.91843020317339
1.06771194602698,0,-5.92928900950042
1.20866681820248,0,-5.9010692484438
1.33316388191502,0,-5.83661183040644
1.43517338746309,0,-5.74106325707192
1.51043304807991,0,-5.6211987719578
1.5565769953644,0,-5.48458711140955
1.57295707339976,0,-5.33887395955865
1.56033286550749,0,-5.19130442434842
1.52057057912208,0,-5.04845754911667
1.45640975632413,0,-4.91610375262876
1.37129305890472,0,-4.79910208544209
1.26922342681346,0,-4.70128807783573
1.15460737652311,0,-4.62533912320021
1.03205321428009,0,-4.57263271558729
0.906111423137774,0,-4.54313077850997
0.780966348827489,0,-4.53533102380399
0.660109618128751,0,-4.54632528205034
0.546043138261698,0,-4.57199589504475
0.440068302522583,0,-4.60736286679377
0.342210440769027,0,-4.64706484957945
0.251298345621786,0,-4.68592315472137
0.165178139485648,0,-4.71951965616955
0.0810169747540898,0,-4.74473179624295
-0.00433541343730334,0,-4.76019042970049
-0.093929985323303,0,-4.76660939016279
-0.19024761152601,0,-4.76687112098397
-0.294720850376018,0,-4.76572509527282
-0.407355213178878,0,-4.76906044251676
-0.52657151014649,0,-4.78291209961478
-0.649327329912445,0,-4.81248911696252
-0.771470956346659,0,-4.86147159465523
-0.888209090866956,0,-4.93166827370119
-0.994566020022802,0,-5.02298523016514
-1.08575518562852,0,-5.13359022898909
-1.15743821603884,0,-5.26015563025407
-1.20589045096253,0,-5.39809303068166
-1.2281203771033,0,-5.54173427708827
-1.2220037525112,0,-5.6844590567619
-1.1864904687167,0,-5.81881887990754
-1.12191492227581,0,-5.93675865360172
-1.0303731027093,0,-6.03007018552391
-0.916019121425998,0,-6.09117364289982
-0.785038715215242,0,-6.11415249022944
-0.645110812665868,0,-6.09570847431075
-0.504439324975668,0,-6.03558938205577
-0.370734483357038,0,-5.93628299241916
-0.250544351430628,0,-5.80219619250177
-0.149078266860604,0,-5.63875352307728
-0.0704033857027905,0,-5.45174362751886
-0.0178061836172844,0,-5.24702681663449
0.00586018669967214,0,-5.03057792237896
-0.00201424303739184,0,-4.80878768738364
-0.0436849994153938,0,-4.58890416601049
-0.120506359308429,0,-4.37939273748197
-0.231960252734022,0,-4.18985519594787
-0.37462417721979,0,-4.03017717936295
-0.541750369633602,0,-3.90899678711161
-0.723902041156227,0,-3.83217130036941
-0.910374029075946,0,-3.80198375759814
-1.09068650393359,0,-3.8172589991448
-1.25565156286302,0,-3.87403866093309
-1.39792778126498,0,-3.96640913894811
-1.51218713388751,0,-4.08726075732187
-1.59503476594578,0,-4.22890272669265
-1.6447861030483,0,-4.38351570944621
-1.66118213493824,0,-4.54344193069938
-1.64511255868513,0,-4.70132850195403
-1.59840472396688,0,-4.85016091421458
-1.52371710814972,0,-4.98324668941623
-1.42454706756892,0,-5.09422898875912
-1.30532148009135,0,-5.17721911818486
-1.17148616089169,0,-5.22711825894444
-1.0294634754569,0,-5.2401269593497
-0.886354857165356,0,-5.21431243016414
-0.749373374129526,0,-5.14998788139604
-0.625165316754875,0,-5.04968256992521
-0.519276658385284,0,-4.9176844557419
-0.435938776924981,0,-4.75936525397607
-0.378166409437451,0,-4.58056335611422
-0.348034917553288,0,-4.38719886071118
-0.346987867620223,0,-4.18515807841793
-0.37606703113351,0,-3.9804048671605
-0.435992200696573,0,-3.77925278263821
-0.527024374423213,0,-3.58872126610603
-0.648537439857267,0,-3.41685664997169
-0.798249562326935,0,-3.27280063751361
-0.971209389015713,0,-3.16626965015332
-1.15895167417214,0,-3.10612902442648
-1.34957468958225,0,-3.09816566965545
-1.52934497830017,0,-3.14296895191124
-1.68546351709544,0,-3.23527121592784
-1.80858723917519,0,-3.36531223752408
-1.89386302853802,0,-3.52135422291148
-1.94042289146916,0,-3.69194391748115
-1.9501367657992,0,-3.86717204772727
-1.92638425452542,0,-4.03899545889398
-1.87319176844827,0,-4.20101719393784
-1.79476732254222,0,-4.34807423143926
-1.69534092527357,0,-4.47583985304347
-1.57920161111259,0,-4.58054110764394
-1.45083594262554,0,-4.65883757875656
-1.31508156058194,0,-4.70788148426594
-1.17720770822685,0,-4.72555156020538
-1.04283920350523,0,-4.71080305735417
-0.917680269512023,0,-4.66400866767514
-0.807082821868645,0,-4.58712694627539
-0.715599480548202,0,-4.48358569500684
-0.646685553287568,0,-4.35790366678715
-0.602635583888834,0,-4.21519944441203
-0.584722976055217,0,-4.06076008751079
-0.593442053456685,0,-3.89977308836931
-0.628752540851867,0,-3.73723906294504
-0.69026125766403,0,-3.57803263432773
-0.777305888612727,0,-3.42706755845308
-0.888914814933397,0,-3.28952607591299
-1.0236073674935,0,-3.17110565838542
-1.17898641421902,0,-3.07819370659962
-1.35110098627179,0,-3.01778281137464
-1.53370283708795,0,-2.99681594183267
-1.71785080792081,0,-3.02069036307005
-1.89260836309731,0,-3.0911934639809
-2.04714803085518,0,-3.20508675823443
-2.17325879693056,0,-3.3546431768361
-2.26661884943812,0,-3.52988997254835
-2.32635876711495,0,-3.72094148913774
-2.35378469387569,0,-3.91927264435707
-2.35120687064327,0,-4.11794416205887
-2.3212320268033,0,-4.31128602988704
-2.2664757607495,0,-4.49444708876618
-2.18954995292412,0,-4.66300774466439
-2.09320811004109,0,-4.8127285780269
-1.98057032019241,0,-4.93946651198624
-1.85536105871417,0,-5.03928463184826
-1.72207745631637,0,-5.10876886836384
-1.58598602502741,0,-5.14551200171206
-1.45286635595129,0,-5.14862992610583
-1.3285162376812,0,-5.11909582646054
-1.21816856273003,0,-5.05971333041246
-1.12603488634266,0,-4.97472113932721
-1.05511464528371,0,-4.86920369571663
-1.00726180142573,0,-4.74853194904087
-0.983402974802111,0,-4.61797451291571
-0.983793539315251,0,-4.4825066038769
-1.00823972191433,0,-4.34677815105128
-1.05625636033612,0,-4.21518918588571
-1.12715046865294,0,-4.09203347104371
-1.22001934183767,0,-3.98168473357754
-1.3336351610304,0,-3.8887940089695
-1.46617163946202,0,-3.81842130035129
-1.61475496484933,0,-3.77593086950638
-1.77496555497993,0,-3.76640244726955
-1.94067689005202,0,-3.79346873559772
-2.10468116204231,0,-3.85804927004519
-2.26000132953469,0,-3.95790973532141
-2.40106626580485,0,-4.08845243052682
-2.52406618372785,0,-4.24408280585666
-2.62659454478257,0,-4.41926123645845
-2.70707165823476,0,-4.60892892487981
-2.76428591364132,0,-4.80847337417902
-2.79714070520988,0,-5.01348105330028
-2.80458139104975,0,-5.2194334600371
-2.78566622908355,0,-5.42141964544753
-2.73976897112448,0,-5.61390953965895
-2.66691820812048,0,-5.79065052308761
-2.56826312474311,0,-5.94479472712684
-2.44658200532787,0,-6.06939378976725
-2.30662220080075,0,-6.15832593868043
-2.15497663206847,0,-6.20747275280162
-1.99934274175158,0,-6.21565355692551
-1.84739061359832,0,-6.18480817191392
-1.70574562226978,0,-6.11935527617477
-1.57945896208176,0,-6.02514056554546
-1.47197908312381,0,-5.90847028191428
-1.38541488349811,0,-5.7754769611035
-1.32088209792372,0,-5.63181642289173
-1.27881674912798,0,-5.48259411951754
-1.25921547359496,0,-5.332422313718
-1.26179557997526,0,-5.18554330848464
-1.28607041504746,0,-5.04597780424121
-1.33132812956695,0,-4.91765890597396
-1.39650603611631,0,-4.80449568774237
-1.47998791579599,0,-4.71029888379624
-1.57941369380956,0,-4.63853478768069
-1.69162772919998,0,-4.59196884907821
-1.81283702321571,0,-4.57235697929733
-1.93892128536765,0,-4.5803356476369
-2.06574807552238,0,-4.61553977155183
-2.18937147495408,0,-4.67685198271768
-2.30608340592521,0,-4.76265079380203
-2.41235955759479,0,-4.87096784099016
-2.5047643867263,0,-4.99952752236349
-2.57986655398578,0,-5.14568481932642
-2.63419496172319,0,-5.30629010724089
-2.66425475184062,0,-5.47750566012855
-2.66662713638619,0,-5.65459524883453
-2.63819202865728,0,-5.83172117757308
-2.57652443388023,0,-6.00182353526771
-2.48049525677493,0,-6.15672341919102
-2.35100924891935,0,-6.28764455966093
-2.19162153234668,0,-6.38627554070612
-2.00861467565666,0,-6.44618854517366
-1.81026202753535,0,-6.46403165442562
-1.60550492712024,0,-6.43987928219481
-1.40266894972642,0,-6.37664686618617
-1.20871070160245,0,-6.27903393353272
-1.0290525861329,0,-6.15253759470294
-0.867786444201854,0,-6.00280403139152
-0.728009692680438,0,-5.83532780430464
-0.612148365741075,0,-5.6554068323676
-0.522197894772719,0,-5.46826109455432
-0.459843595615752,0,-5.27924841346426
-0.426422440984388,0,-5.09411846753906
-0.4226833726521,0,-4.91922074071855
-0.448332050496033,0,-4.76153013231947
-0.501444127983128,0,-4.62831939784514
-0.577989988204068,0,-4.52637798431962
-0.671816282126819,0,-4.46091704685481
-0.775289788041113,0,-4.43460405508406
-0.880411753365805,0,-4.44723065452623
-0.979883961024494,0,-4.49615985688852
-1.06769192990554,0,-4.57721900877859
-1.13914884481916,0,-4.68554980803284
-1.19062587373255,0,-4.81613076997653
-1.21922178945142,0,-4.96395467322944
-1.2225177348221,0,-5.12397477443759
-1.19846457896778,0,-5.29094058198338
-1.14540592286451,0,-5.45920930079646
-1.06223238429843,0,-5.62259614989106
-0.948662382969194,0,-5.77433006983501
-0.805625046095194,0,-5.90720067156753
-0.635664460379282,0,-6.01398551329539
-0.443201587615623,0,-6.08818229658151
-0.234448442805761,0,-6.12490870655678
-0.0168687482629336,0,-6.12165167423002
0.201680666959654,0,-6.07853517799624
0.41380050870011,0,-5.99801602068689
0.613103268918327,0,-5.88421962059896
0.79439375718604,0,-5.74223821798708
0.953578691263681,0,-5.57761195535817
1.08745989429371,0,-5.39605606877787
1.19353195063972,0,-5.20339914976771
1.26985627893472,0,-5.00566726789958
1.31505315495455,0,-4.80925077982809
1.32844289703334,0,-4.62109268921
1.31036414070057,0,-4.44882062808955
1.26267748801062,0,-4.30070129073262
1.18939021219168,0,-4.18524089011153
1.09717980975014,0,-4.11025659910728
0.995402928267186,0,-4.08143537472266
0.895187622195724,0,-4.10083324745204
0.807680424342293,0,-4.16613157115786
0.742202256937798,0,-4.27118733873426
0.705192990443925,0,-4.40755321557104
0.700197415105463,0,-4.56609257410512
0.728495215373802,0,-4.73804845766338
0.789849290487677,0,-4.91546492205707
0.883069500102669,0,-5.09117205722296
1.00631803637639,0,-5.25857814473293
1.15719184632102,0,-5.41143341218041
1.33264035847142,0,-5.54365970996546
1.52877308504719,0,-5.64931091768528
1.74061993654881,0,-5.72272718252738
1.96194285781688,0,-5.75894035963898
2.18524834124661,0,-5.75433368970598
2.40216010445474,0,-5.70742317315658
2.60419724506816,0,-5.61945943519961
2.78376546590577,0,-5.49451362048227
2.93498795803532,0,-5.33893929377977
3.05408197836434,0,-5.16044907432767
3.13926578588271,0,-4.96719859311303
3.19039721195729,0,-4.76714326995619
3.20856918874631,0,-4.56771362178817
3.19579541885653,0,-4.37571948264499
3.15482370118365,0,-4.19736614847603
3.08905984737794,0,-4.03829223219149
3.00256541479312,0,-3.9035749081339
2.90009038459145,0,-3.79767568217694
2.78710549569002,0,-3.72431635575843
2.669800941857,0,-3.6862819207179
2.55501124307472,0,-3.68514850958751
2.45000406321549,0,-3.72094379115067
2.3620470949572,0,-3.7917952028545
2.29770715084146,0,-3.8937285007253
2.26201974230086,0,-4.02086120182907
2.25789730097051,0,-4.16609384172057
2.28609551554436,0,-4.32204193042043
2.34567245835649,0,-4.4817713172766
2.43458840169811,0,-4.63911658645305
2.55016209760931,0,-4.78866505747324
2.68930619909064,0,-4.92559026768506
2.84858347890722,0,-5.04546662003063
3.02414338806117,0,-5.14412877968002
3.21158191420839,0,-5.21760892904016
3.40575998147291,0,-5.26218592002344
3.60063266062745,0,-5.2745926332558
3.7891852872547,0,-5.25242619686165
3.96362413873128,0,-5.19475383827045
4.11596559060618,0,-5.10277495325668
4.23901745897161,0,-4.98023339870694
4.32745957425756,0,-4.83325047084843
4.37854857519281,0,-4.66952087755783
4.39215266471479,0,-4.49720769677122
4.37023067422578,0,-4.32400206712276
4.31611110098201,0,-4.156597464332
4.23386731755865,0,-4.00054688662301
4.12790386469871,0,-3.86034242306686
4.00273740567619,0,-3.73956845866063
3.86290721041444,0,-3.64103869369339
3.71294855389093,0,-3.56687804852355
3.55737542832075,0,-3.51854327394115
3.40063378358548,0,-3.49679867960618
3.24700530152771,0,-3.50168411525695
3.10047347811689,0,-3.53252953893728
2.96460950705853,0,-3.58806299585092
2.84255998323328,0,-3.66659395753421
2.73715342860531,0,-3.76615313132982
2.65100416359459,0,-3.88446497869556
2.58646027865273,0,-4.01879212622764
2.54539911870657,0,-4.16582779541932
2.52901352873109,0,-4.32174432553967
2.53770350362512,0,-4.48235852974442
2.57108538234894,0,-4.64331708073212
2.62806907369821,0,-4.80023387655437
2.70694498353576,0,-4.94875822395959
2.80543679940445,0,-5.08458531247476
2.92069432534326,0,-5.20343872190479
3.04921748464746,0,-5.30106712851982
3.18672266631918,0,-5.3733101601849
3.32799432882498,0,-5.41630012657117
3.46681396597343,0,-5.42686136128265
3.59611053943257,0,-5.40311302700243
3.70847264545387,0,-5.34514494791554
3.79702015362687,0,-5.25546852245732
3.85637040899121,0,-5.13892291854589
3.88327705603132,0,-5.00197888671368
3.87668564113753,0,-4.85175070405029
3.83730329344822,0,-4.69514625878032
3.76698396915999,0,-4.53839491999489
3.66818590926289,0,-4.38694496117704
3.54361581173303,0,-4.24560503680457
3.39607465297397,0,-4.1188056417083
3.22849028716149,0,-4.01089207425008
3.04412960936305,0,-3.9263713728444
2.84698225151597,0,-3.86999915946877
2.64224308337959,0,-3.84652400285709
2.43664972599994,0,-3.85990532109933
2.23824793846391,0,-3.91207912464837
2.055309054874,0,-4.00188088727664
1.89479969195993,0,-4.12495828729127
1.76131884082822,0,-4.27481825225964
1.65699553427251,0,-4.444252877539
1.58205461883331,0,-4.62636655826097
1.53552371057492,0,-4.81500638357794
1.51578460286033,0,-5.00477840703723
1.52090802671395,0,-5.1908692225776
1.54880462702016,0,-5.36880706064884
1.59723421991432,0,-5.53422800459642
1.66370145939816,0,-5.68268502299725
1.74525643692662,0,-5.80953983300964
1.83822622583904,0,-5.90999863520796
1.93793930357451,0,-5.97937639489802
2.03857238103936,0,-6.01366314397839
2.13331201209914,0,-6.01035811491979
2.21497734860293,0,-5.96931282246971
2.27700492950389,0,-5.89313545882256
2.31438704294548,0,-5.78684112579754
2.32412460742769,0,-5.6568949634496
2.30508576982871,0,-5.51014667756058
2.25750169177553,0,-5.35307841138521
2.18240133231467,0,-5.1914840390915
2.08116633475877,0,-5.03048643015257
1.95526088445472,0,-4.87475423146334
1.80613555721217,0,-4.72881498634149
1.63530454142341,0,-4.59739441679334
1.44461525699786,0,-4.48570327634996
1.23672591662957,0,-4.3995323051746
1.01572294945957,0,-4.34493014466302
0.787604429535514,0,-4.3272482290148
0.560138272729484,0,-4.34964879260815
0.341752002327978,0,-4.41178200622295
0.139843620836035,0,-4.50960094844182
-0.0404723917787093,0,-4.63653447659595
-0.196544783388758,0,-4.78517785904523
-0.327547200094594,0,-4.94853531486119
-0.43364424888203,0,-5.12050313549989
-0.515360662533365,0,-5.29579966279538
-0.573247420464702,0,-5.46964315136642
-0.607796353624555,0,-5.63737611755201
-0.619539039927726,0,-5.79413600720703
-0.609291098532353,0,-5.93463472143865
-0.578516088175647,0,-6.05312359574443
-0.529753865604552,0,-6.14365168407507
-0.466974903513615,0,-6.20070972244075
-0.395629256693105,0,-6.2202038400309
-0.322191420508892,0,-6.20042274841443
-0.25326636500155,0,-6.1424871838372
-0.194645796764646,0,-6.05000182216718
-0.150734075843902,0,-5.9281348341045
-0.124469083599693,0,-5.78262279111891
-0.117579952821266,0,-5.61905730251481
-0.130959963473392,0,-5.44253161546391
-0.165012965159343,0,-5.25756349191979
-0.21992202588957,0,-5.06818562839774
-0.295836518860632,0,-4.8781304357491
-0.392981511410895,0,-4.6910760191171
-0.511673486323602,0,-4.51094035044049
-0.652187119054212,0,-4.34219296118796
-0.814380280919338,0,-4.19007070872842
-0.997026591759694,0,-4.06043311527194
-1.19706061315677,0,-3.9589278678935
-1.4093379437748,0,-3.88953084844477
-1.62742392565069,0,-3.85334482582186
-1.84499632229531,0,-3.84864709109191
-2.05684088464529,0,-3.87202753834356
-2.25900792529141,0,-3.91961624351141
-2.44845458941003,0,-3.98777197253824
-2.62259896145143,0,-4.07324426832749
-2.77898388385832,0,-4.17304440277612
-2.91508235039844,0,-4.28420329972523
-3.02822942844975,0,-4.40350092139584
-3.1156774701313,0,-4.52720440262316
-3.17479564680609,0,-4.65085238984712
-3.20344316350852,0,-4.76915625458311
-3.20050813904599,0,-4.87613011422397
-3.16649821202967,0,-4.96555596293661
-3.10393347280466,0,-5.03176643891115
-3.01727104230001,0,-5.07050091666536
-2.91230615875248,0,-5.07945468778384
-2.79531212737107,0,-5.05829154102314
-2.67229606618015,0,-5.0082136884916
-2.54858628742544,0,-4.93137270163478
-2.42874431957596,0,-4.83035994479122
-2.316686429795,0,-4.70787484244718
-2.21590381025899,0,-4.56656955509157
-2.12971433147922,0,-4.40903732790438
-2.06151230300202,0,-4.23792268727938
-2.01498588204778,0,-4.0561569291644
-1.99423105703514,0,-3.86733821620187
-2.00359506763407,0,-3.676239590283
-2.04697704189776,0,-3.48926236200956
-2.12643613592739,0,-3.31434439241503
-2.24064236798653,0,-3.15976778679485
-2.38447755437105,0,-3.03216114197109
-2.55042259808542,0,-2.93512211452526
-2.73060463513184,0,-2.86939022410715
-2.91808447225791,0,-2.83395229453038
-3.10713478831272,0,-2.82707196522448
-3.2929840925856,0,-2.84685685548678
-3.47144241118368,0,-2.89144592965605
-3.63858397841147,0,-2.95898532347163
-3.79052665177646,0,-3.04750119241249
-3.9233105721127,0,-3.1547193576734
-4.0328854781775,0,-3.27785515208076
-4.11523408556953,0,-3.41339986696695
-4.16666642150126,0,-3.55695638822699
-4.18429257225779,0,-3.70321318646968
-4.16659899479679,0,-3.84615886929844
-4.1139394084604,0,-3.97957828609912
-4.0287029585752,0,-4.09772498188948
-3.91504040974201,0,-4.19592982072327
-3.77826213759818,0,-4.2709209356873
-3.62417375402163,0,-4.32079844461717
-3.45857673492723,0,-4.34477572990756
-3.28701843406136,0,-4.34285062663874
-3.11476183569849,0,-4.31552578742265
-2.94690563689248,0,-4.26363495432912
-2.78859220386328,0,-4.18829596387426
-2.64525462273316,0,-4.09100681740243
-2.52284516341621,0,-3.97391465474374
-2.42793303807957,0,-3.84029366674541
-2.36744954784911,0,-3.69521357770851
-2.34776026318538,0,-3.54617704684501
-2.37291609127682,0,-3.40314531081252
-2.44269020182712,0,-3.27725891104746
-2.55184873511087,0,-3.17840688314504
-2.6915189169666,0,-3.11312379843542
-2.8516485792806,0,-3.08414689812306
-3.02289368095937,0,-3.09136953927918
-3.19733582681211,0,-3.13309798845243
-3.36840122613866,0,-3.20693940853872
-3.53048704608577,0,-3.31023199985233
-3.67857941835803,0,-3.44015618111061
-3.80796444717558,0,-3.5936638465076
-3.91405758104295,0,-3.76730855364926
-3.99236548491256,0,-3.95702347781012
-4.03860771174291,0,-4.15788944578368
-4.04903457079261,0,-4.36396047709153
-4.02095286423406,0,-4.56825686074248
-3.95338386737478,0,-4.76305790947616
-3.84764032014977,0,-4.94056155337001
-3.70752669608646,0,-5.09379274995068
-3.53898356849017,0,-5.2174434263071
-3.34929163520614,0,-5.30831778905702
-3.14617636570957,0,-5.36528499203106
-2.93712285730155,0,-5.38889733965965
-2.72901348484481,0,-5.3809175128985
-2.52803436403061,0,-5.34392758165367
-2.33973822408819,0,-5.28108690994298
-2.16916449428346,0,-5.1960387361069
-2.02094781873539,0,-5.0929409515647
-1.89936532798505,0,-4.97659376085288
-1.80827455540738,0,-4.85263394388067
-1.75088413936541,0,-4.72774484931995
-1.72929849996678,0,-4.60977951704542
-1.74382781403454,0,-4.50761664144182
-1.79220747999918,0,-4.43052824649583
-1.86910299311196,0,-4.38697341063091
-1.9663663157846,0,-4.38312229607098
-2.07417419482615,0,-4.42179098237125
-2.18257297658867,0,-4.50233163574661
-2.28270805171915,0,-4.62138997764419
-2.36736574079621,0,-4.77396979707485
-2.43093637879339,0,-4.95430173723412
-2.46910374691767,0,-5.15633023512107
-2.47850807050765,0,-5.37386539840054
-2.45650911214628,0,-5.60051991153249
-2.40109601470306,0,-5.82953917363006
-2.31096068740567,0,-6.05360936647491
-2.18574590782874,0,-6.26472796310839
-2.02646546517113,0,-6.45425074135668
-1.83603668756128,0,-6.61326738098213
-1.61974436095382,0,-6.73343806744741
-1.3853196356894,0,-6.8082463936378
-1.14233960234376,0,-6.83428443183739
-0.900982708660952,0,-6.81195264410853
-0.670617866003228,0,-6.74519107152874
-0.458803919408495,0,-6.64044384970321
-0.270935513243609,0,-6.50542378357216
-0.110386024287167,0,-6.34813004730057
0.0211307308425343,0,-6.17625810238325
0.123184416407302,0,-5.99692966397593
0.196328012003402,0,-5.81661459492315
0.241889096828002,0,-5.64114095687056
0.261836166038298,0,-5.47572981976472
0.25869603652384,0,-5.32502268774979
0.235500826685077,0,-5.19308824008572
0.195747993185694,0,-5.08340446463441
0.143360946134055,0,-4.99881530254483
0.0826383532733912,0,-4.94146082286672
0.0181762404659706,0,-4.91268254301502
-0.0452565568727837,0,-4.91291897412064
-0.102898205356186,0,-4.94162946035455
-0.150206048154886,0,-4.9972923043125
-0.183051219619797,0,-5.07749213271693
-0.197855422056318,0,-5.17906459720874
-0.191664548154669,0,-5.29824977936099
-0.162177929661189,0,-5.43082266127658
-0.107755119530189,0,-5.57219055324391
-0.0274173288717947,0,-5.71745800011966
0.079142180009997,0,-5.86146324679181
0.211524443800546,0,-5.99879380908597
0.368553286122697,0,-6.12379566059018
0.548153799880019,0,-6.23060260432977
0.747178468753117,0,-6.31323016117286
0.961203088740574,0,-6.36579868309411
1.18436163215608,0,-6.38295929239979
1.40935347237664,0,-6.36056079040968
1.62779409007959,0,-6.2964761241968
1.83100340400433,0,-6.19131936864484
2.01108971959715,0,-6.04867697901764
2.16193812703848,0,-5.87464348410371
2.27971605095822,0,-5.67683825067852
2.36280017601447,0,-5.46334162643267
2.41132623794436,0,-5.24191457182795
2.42664187588855,0,-5.01961418713151
2.41085045316522,0,-4.80273130243261
2.36651826900366,0,-4.59692422504108
2.296553886957,0,-4.40744556712005
2.20425467032489,0,-4.23938953536434
2.09352354062489,0,-4.09788883863991
1.96925258941534,0,-3.98814936795449
1.83779974811582,0,-3.91514001657778
1.70730358104207,0,-3.8827423709331
1.58736618180905,0,-3.89240785372712
1.48774833332659,0,-3.94194766462668
1.4164763150428,0,-4.02543328269529
1.37848499410876,0,-4.13449325926446
1.37550988972816,0,-4.2601320805374
1.40687893499787,0,-4.39403751727772
1.47046401654603,0,-4.52908999973299
1.56337560547843,0,-4.65934057543381
1.68234507471718,0,-4.77977867343172
1.82387831270371,0,-4.88607377389689
1.98426726805391,0,-4.97436409741521
2.1595162839885,0,-5.04111624460853
2.34521870351669,0,-5.08306875370369
2.53641492132062,0,-5.0972776365492
2.72747613893059,0,-5.08128833189218
2.91208489351359,0,-5.03345103750693
3.08340812130686,0,-4.95335605284697
3.23454319361994,0,-4.84228300410091
3.35921776949894,0,-4.70346746734981
3.45255599614995,0,-4.54198617925589
3.51161513798287,0,-4.36422082828148
3.53548553634313,0,-4.17709321587167
3.52498324563715,0,-3.98736999836322
3.48214404376602,0,-3.80123914953029
3.40973835394938,0,-3.62418782004854
3.3109347044699,0,-3.46110187628437
3.18915172386301,0,-3.31648585042738
3.04809918588981,0,-3.19472024386536
2.89200518183095,0,-3.10028248617356
2.72602496759121,0,-3.03783175815636
2.55678008056378,0,-3.01199326726541
2.39282546814703,0,-3.02662142598868
2.24458216299338,0,-3.08342881874703
2.12314325964109,0,-3.18035840644422
2.03790609422797,0,-3.31079081135605
1.99421465144953,0,-3.46460823480575
1.99262399026401,0,-3.63067571673869
2.03002495850437,0,-3.79908861352856
2.10144325263553,0,-3.96213800119483
2.20142334926082,0,-4.11419235802868
2.32471550919069,0,-4.25113860294901
2.46645205960327,0,-4.36981555211226
2.62205439534363,0,-4.46759558222682
2.78702574165832,0,-4.54213221868628
2.95670893944063,0,-4.59125827583594
3.1260563734035,0,-4.61302893171425
3.28946463248106,0,-4.60591911794467
3.44075532681175,0,-4.56917955833143
3.57340706887018,0,-4.50330677924289
3.68110754660881,0,-4.41048364265827
3.75854942651324,0,-4.29475640469558
3.80219245815024,0,-4.16175767494386
3.81064847498974,0,-4.01801536588365
3.78454145144091,0,-3.87013600173895
3.72599108918404,0,-3.72418265104708
3.63800313156783,0,-3.58538989797817
3.52397908095373,0,-3.45817104555381
3.38742405555411,0,-3.34629913559839
3.23184613982078,0,-3.25315932061313
3.06081873319908,0,-3.182008221336
2.87818936598546,0,-3.1361942953838
2.68843089481743,0,-3.11927559437925
2.49710753030219,0,-3.13491457598555
2.31131905975997,0,-3.18636108459585
2.13976592678735,0,-3.27537019832084
1.99190469921516,0,-3.40075729621524
1.87601463791055,0,-3.5574554886071
1.79705908147386,0,-3.73710730176087
1.75582743834783,0,-3.93008553689285
1.7497995789645,0,-4.12755670364582
1.77476660432999,0,-4.3224783687837
1.82614211108643,0,-4.50955744977979
1.89961480188307,0,-4.68473352865872
1.99128557196913,0,-4.84462191442912
2.09752176660018,0,-4.98609248690827
2.21468630272527,0,-5.1060183553165
2.33882469392911,0,-5.20119494841749
2.46536609824282,0,-5.26844608873368
2.58891529963865,0,-5.30495181120377
2.70326043225411,0,-5.30880875559672
2.80173934694731,0,-5.27972596958252
2.87800287629454,0,-5.21958612221805
2.92696131747372,0,-5.13252221844791
2.94549218297535,0,-5.0243625704477
2.93258973835759,0,-4.90168578894261
2.88899180180478,0,-4.7709268576952
2.81657339934122,0,-4.63782755493232
2.71778209478486,0,-4.50725906787513
2.59524196522803,0,-4.38329737743826
2.45153545793906,0,-4.26942270782643
2.28912805508044,0,-4.16876059151241
2.11040396474534,0,-4.08432379310419
1.9178017207576,0,-4.01923048225514
1.71405701345446,0,-3.97685828529268
1.50255413499325,0,-3.96084075777655
1.28771583203819,0,-3.97473708101342
1.07518886067749,0,-4.02121031160125
0.871428232855954,0,-4.10085171480439
0.682540261831679,0,-4.21136946390648
0.513003680391849,0,-4.34794241048792
0.365187185062983,0,-4.50456417527025
0.239810107753191,0,-4.67535453292074
0.136744181790871,0,-4.8551713232361
0.0556319722928065,0,-5.03959941472477
-0.00380952076664065,0,-5.22465312846369
-0.0417265002974915,0,-5.40642527392603
-0.0582179679674487,0,-5.5807785642323
-0.0535315493288623,0,-5.74311387026661
-0.0283540390536816,0,-5.88825234341971
0.0158134286670616,0,-6.01050491127364
0.0762512446007911,0,-6.10403718958074
0.14873664466891,0,-6.16360627104857
0.227606763901576,0,-6.18557171937585
0.306325364355068,0,-6.16880346880142
0.378418299892953,0,-6.11499435258511
0.438359039597968,0,-6.0281867479335
0.482031239250366,0,-5.91381527637149
0.506713272100992,0,-5.77776072869128
0.510776019756693,0,-5.62572076998148
0.493310968932953,0,-5.46293447266075
0.453815939765,0,-5.29416177411446
0.391982410031073,0,-5.1238068717638
0.307588935614103,0,-4.95610877669579
0.200499564228331,0,-4.79535342458587
0.0707778725924931,0,-4.64607101903526
-0.0810586852710178,0,-4.51315982571141
-0.253631249759077,0,-4.40181876810728
-0.444219376752316,0,-4.31711593949184
-0.648485481450232,0,-4.2631203640899
-0.8607784494612,0,-4.24192114007662
-1.07503527938668,0,-4.25321164405522
-1.2857272412925,0,-4.29476177665257
-1.48830088081816,0,-4.36333647638077
-1.67909607759977,0,-4.45543783249412
-1.85503814474302,0,-4.56764223757932
-2.01333731859985,0,-4.69662425068208
-2.15128062990153,0,-4.83901479009324
-2.26612671937448,0,-4.99118624150663
-2.35510531741668,0,-5.14900872657915
-2.41554120133674,0,-5.30760996303177
-2.44514133848033,0,-5.46119525640741
-2.44247793372099,0,-5.60303632985222
-2.40763245922414,0,-5.72578637232385
-2.34281538518333,0,-5.8222417261872
-2.25262235435541,0,-5.88645498818827
-2.14364060095027,0,-5.91478228094265
-2.02348184824314,0,-5.90634979457602
-1.89969336660737,0,-5.8627632877762
-1.77899749886916,0,-5.787346490486
-1.66699887385379,0,-5.68434053521602
-1.56823348862534,0,-5.55832702683874
-1.48636896227006,0,-5.41392238949416
-1.42441946247106,0,-5.25568082647912
-1.3849076391801,0,-5.08812440530953
-1.36994883354605,0,-4.91583662319665
-1.38124995188753,0,-4.74357603243075
-1.42001663855632,0,-4.5763752883656
-1.48675905446714,0,-4.41958204274574
-1.58099817732203,0,-4.27877130476324
-1.70093213727665,0,-4.1594402073545
-1.84322850916957,0,-4.06645805357402
-2.00315510301123,0,-4.00343278536763
-2.17509166869579,0,-3.9723144975727
-2.3531793962376,0,-3.97343220044635
-2.53179974245643,0,-4.00584478044007
-2.70577287843244,0,-4.06774292950973
-2.87035255738519,0,-4.15673564630058
-3.02113148020933,0,-4.26999033285427
-3.15393156777918,0,-4.40425399175389
-3.26471816223817,0,-4.55578509913685
-3.34956740237981,0,-4.72021570586402
-3.40472515212125,0,-4.89236448841026
-3.42681245823243,0,-5.06604444226619
-3.4132382835782,0,-5.2339598619808
-3.36283910101475,0,-5.38785589440851
-3.27663171998256,0,-5.51911005693386
-3.15835908944397,0,-5.61981990673423
-3.01441552609383,0,-5.68409840749836
-2.85300076449712,0,-5.70899119417506
-2.68285353566484,0,-5.69457750119691
-2.51214838276823,0,-5.64334496531485
-2.34789754478706,0,-5.55929535581804
-2.19582722943152,0,-5.44718224606341
-2.06052210394599,0,-5.3120339319305
-1.94565093288685,0,-5.1589357356857
-1.85416663096303,0,-4.99298718847749
-1.78843648330756,0,-4.81935707284645
-1.75028838469072,0,-4.64338258661181
-1.74096591498859,0,-4.47067436767564
-1.76098136926395,0,-4.3071872670059
-1.80985836258197,0,-4.15919372604537
-1.88579251115158,0,-4.03306473122406
-1.98535214782702,0,-3.93477665603055
-2.10343797147868,0,-3.86919808716043
-2.23366376207868,0,-3.83942706349105
-2.36905624525384,0,-3.84650064446327
-2.50275704859249,0,-3.88955383700563
-2.62848233828877,0,-3.96622765744699
-2.74071427451273,0,-4.07308657674461
-2.83472157682272,0,-4.20592827779134
-2.90650626544249,0,-4.35997290545016
-2.95273620790789,0,-4.52995429891988
-2.97069959212237,0,-4.71013640545895
-2.95831221126735,0,-4.89427741164413
-2.91421080091874,0,-5.07557569156853
-2.83796328546416,0,-5.24665853681601
-2.7304039248044,0,-5.39971193491918
-2.59403892458521,0,-5.52687372389208
-2.43336407856946,0,-5.6209686309696
-2.2548508526919,0,-5.6764955672618
-2.06642035873375,0,-5.69053500166285
-1.876491838456,0,-5.66315138717678
-1.69297069404169,0,-5.59710399845197
-1.52255197163579,0,-5.49707319086088
-1.37046921360967,0,-5.36879617771339
-1.24057902753825,0,-5.21839908468952
-1.13559712241943,0,-5.0520082704594
-1.05734716692472,0,-4.87559363111352
-1.00695339431783,0,-4.694961535496
-0.984953514857947,0,-4.51582890507928
-0.991325289036383,0,-4.34393235103633
-1.02541774295278,0,-4.18513619018142
-1.08577020017816,0,-4.04548891414375
-1.16981337406065,0,-3.93113500954369
-1.27351687365043,0,-3.84794538575504
-1.39119086648019,0,-3.80078311615986
-1.51574158135905,0,-3.792578277565
-1.63947925588607,0,-3.82369464051349
-1.7551405314315,0,-3.89199176835598
-1.85662374709283,0,-3.99347814024175
-1.93923647341003,0,-4.12310775985808
-1.99959236492941,0,-4.27538700917799
-2.03537101393912,0,-4.44471765441514
-2.04507590657124,0,-4.62553522778046
-2.02784826035686,0,-4.81231737151112
-1.98335880035471,0,-4.99951752416761
-1.91178909513841,0,-5.18146675050809
-1.81391078388422,0,-5.35228814650697
-1.6912633321986,0,-5.50588184422507
-1.54640835052792,0,-5.63605713980461
-1.38319176601824,0,-5.73689223259041
-1.20688092617674,0,-5.8033541696463
-1.02400922138784,0,-5.8320802880319
-0.841835942847182,0,-5.82205162158213
-0.667531380131018,0,-5.77483449892524
-0.507384180856131,0,-5.69425323738664
-0.366314209964654,0,-5.58566401357139
-0.247775275941169,0,-5.45515991576307
-0.153942430903152,0,-5.30896201979081
-0.0860205394188569,0,-5.15308253949905
-0.0445503405841504,0,-4.9932293584
-0.0296437723392166,0,-4.83488557240054
-0.0411080305267276,0,-4.68350258524934
-0.0784153943051915,0,-4.54474448376727
-0.140467401836799,0,-4.42468454227876
-0.225136556630295,0,-4.32978150589721
-0.328704082155433,0,-4.2664210850965
-0.445524654538965,0,-4.23994463618333
-0.568317962660964,0,-4.25347156461458
-0.689154981698842,0,-4.30716070032275
-0.800668777986232,0,-4.39836598704635
-0.896872557038071,0,-4.52250915792724
-0.973351892060659,0,-4.67409478667892
-1.02702019881749,0,-4.8474296296807
-1.05573816438283,0,-5.03694458751451
-1.05799220570713,0,-5.23722064947967
-1.03270123109126,0,-5.44285402220831
-0.979155544445688,0,-5.64825622348746
-0.897078282846077,0,-5.84744525250882
-0.786809415526453,0,-6.03387143032311
-0.649620639019115,0,-6.20034123178417
-0.488152747059033,0,-6.33914952160453
-0.306896578501552,0,-6.44257751285997
-0.112502808087397,0,-6.50388029789505
0.0864165119965596,0,-6.51865607145984
0.280227410913715,0,-6.48608198301959
0.459735931563346,0,-6.40930432496493
0.617511332249425,0,-6.29470139558784
0.74850986196877,0,-6.15047882409107
0.84996983082206,0,-5.98533294488259
0.920922466758883,0,-5.8076023178327
0.961663172475096,0,-5.62491753456091
0.973363190270311,0,-5.44417029879814
0.95786750601451,0,-5.27161300043762
0.917656530560205,0,-5.11294441792942
0.855909206113551,0,-4.97328005194984
0.776564620440343,0,-4.856958398332
0.68425295199138,0,-4.76722791955354
0.584010970292573,0,-4.70597977997473
0.480842619170981,0,-4.67373905692716
0.379340794185822,0,-4.66999479458329
0.283582480078326,0,-4.69369489302833
0.19730622235702,0,-4.74358539150385
0.124154470627766,0,-4.8181852978104
0.0677156015185802,0,-4.91546138339101
0.0312661095941256,0,-5.03248045797468
0.017355807579417,0,-5.16531368870096
0.0275000721003269,0,-5.30926167170487
0.0621466414319296,0,-5.45923896878908
0.1208754984791,0,-5.61008941052229
0.202658297400362,0,-5.75671001401869
0.306018478622061,0,-5.89400755872975
0.429023299829851,0,-6.01679285632996
0.569119712874655,0,-6.11973185089869
0.722876850690993,0,-6.19746188945974
0.885742058079894,0,-6.24496155153334
1.05196806942,0,-6.25820283306284
1.21488601862885,0,-6.2349713176146
1.36759586646327,0,-6.17554569791925
1.50390377631328,0,-6.08285966820859
1.61913201719014,0,-5.96199490725839
1.71048885424166,0,-5.81923680715335
1.77696620680238,0,-5.66111110882614
1.81895687453846,0,-5.49369372506021
1.8378098648338,0,-5.32225318360606
1.83545207678804,0,-5.15114293142198
1.81411379557485,0,-4.98383372253944
1.77614748459167,0,-4.82300421069676
1.72391546010407,0,-4.67064210966342
1.65972295283038,0,-4.52813162949576
1.58577582167493,0,-4.39631638412864
1.50414150963813,0,-4.27553839334232
1.41668954175142,0,-4.16567186346471
1.32499387400805,0,-4.06619770272419
1.23020893482234,0,-3.97638446815411
1.13298595533754,0,-3.89561044585365
1.03353305475309,0,-3.82374977709892
0.931869027319673,0,-3.76142420779132
0.828182701365926,0,-3.7099476032822
0.723121970867804,0,-3.67098715756419
0.61789713752958,0,-3.64613587944912
0.514213129918773,0,-3.63658158320442
0.414117285617029,0,-3.64293796604864
0.319841091919062,0,-3.6652080180739
0.233675219666316,0,-3.70282101074237
0.157885520609312,0,-3.75469436354901
0.0946612881337064,0,-3.81929076337969
0.0460809054031182,0,-3.89465674884878
0.0140785978841926,0,-3.97844026626801
0.000396630744582405,0,-4.06789332743785
0.00650950136863548,0,-4.15987365172157
0.033511746371934,0,-4.25086661450917
0.0819712308289521,0,-4.33705424447519
0.151766741153944,0,-4.41445657797705
0.241949405580909,0,-4.47915566546644
0.350681047199172,0,-4.52758121460787
0.475293401172322,0,-4.55679937246506
0.61247376733948,0,-4.56472643740664
0.758531750992687,0,-4.5502077943901
0.909670174562051,0,-4.51295287161241
1.06218971896084,0,-4.45336783541617
1.2125905880966,0,-4.37235109701828
1.35756994168365,0,-4.27111021290668
1.49393465802425,0,-4.15103933562773
1.61845595219454,0,-4.01368119047735
1.7276971110771,0,-3.86079358447572
1.81786330394771,0,-3.69454314011647
1.88476599027735,0,-3.51784008986387
1.92405703891739,0,-3.33477104207672
1.93189993896554,0,-3.15094531437063
1.9060582261821,0,-2.97340260257908
1.84695250918462,0,-2.80979253021521
1.75797425711901,0,-2.66703368946332
1.64477770855427,0,-2.55016783049813
1.5140389315651,0,-2.46196225112901
1.37237741823354,0,-2.40319426102634
1.22575090995818,0,-2.37321779848601
1.07925941899786,0,-2.3704999596624
0.937182328083293,0,-2.39300966047282
0.803110382642479,0,-2.43845629152898
0.680095268137191,0,-2.50441320406054
0.570780496147951,0,-2.58836239227385
0.477498347475734,0,-2.68768900413059
0.402326631803784,0,-2.79964705068648
0.347102256864522,0,-2.92131347883933
0.313390145136928,0,-3.04954676580151
0.302408889763225,0,-3.18096734585378
0.314920934997047,0,-3.31197818026133
0.351105612208088,0,-3.43884096956766
0.410445326263649,0,-3.557813078335
0.491661633239469,0,-3.66533148273367
0.592730654328285,0,-3.7582089347672
0.710983889865412,0,-3.83379593094418
0.843270032910414,0,-3.89006966639403
0.986131802163478,0,-3.92563607522563
1.13594960966112,0,-3.93966008756151
1.28901839761603,0,-3.93175874475879
1.4415442341217,0,-3.90189773433691
1.58956441473504,0,-3.85032966101089
1.72880818396475,0,-3.77760989340694
1.85453169993946,0,-3.68472679159827
1.96139116684144,0,-3.57338226934252
2.04346871796685,0,-3.44643730826223
2.09462086098384,0,-3.30846266275653
2.10931232718165,0,-3.16618479135274
2.0839152696101,0,-3.02845050295451
2.01806602399649,0,-2.90535831596285
1.91535472631248,0,-2.80662114213921
1.78283720848996,0,-2.73982003398226
1.62958562038418,0,-2.70936225659983
1.4650386996715,0,-2.71645231976053
1.2978022446543,0,-2.75977132359858
1.13508571029504,0,-2.83636250990638
0.982624347244649,0,-2.94238410756461
0.844856079070194,0,-3.07361668896634
0.725180525955405,0,-3.22574547283181
0.626206349399907,0,-3.39447977745058
0.549946840951241,0,-3.57556863117929
0.497950548232906,0,-3.76475671901881
0.471363804507095,0,-3.95771276969241
0.470924579830096,0,-4.14995708646939
0.496888786732955,0,-4.33681583046859
0.548896253759033,0,-4.51343405987829
0.625797864605035,0,-4.67488142144916
0.725487648579744,0,-4.81637419594441
0.84480477511077,0,-4.9336060674841
0.979571266061873,0,-5.02313030205157
1.12479477560246,0,-5.0826930294972
1.27500019043461,0,-5.11141785357453
1.42459874891313,0,-5.10979896804047
1.56819809717432,0,-5.0795398083521
1.70080121673359,0,-5.0233249392487
1.81790107474999,0,-4.94461150785883
1.91551756278517,0,-4.84748962768068
1.99023435363636,0,-4.73661682114047
2.0392830575154,0,-4.61719671834048
2.06069902798626,0,-4.49495018403513
2.05354091830823,0,-4.37601859670085
2.01812754396969,0,-4.26674919232966
1.9562114983091,0,-4.17334876098692
1.8710014059893,0,-4.10145272011285
1.76698567028395,0,-4.05571643291796
1.64959525955692,0,-4.03954910950256
1.52482270270096,0,-4.05504665503024
1.39892236911163,0,-4.10306503343518
1.27823067653035,0,-4.18329319883342
1.1690222440822,0,-4.29421041099283
1.07726232273657,0,-4.43294269088161
1.00818932256793,0,-4.59516998937656
0.965818432657602,0,-4.77525835591697
0.952566087276505,0,-4.96666545326631
0.96915436454033,0,-5.16249293518513
1.01479885318887,0,-5.35597950725965
1.08754381835129,0,-5.5407907169956
1.18457475590708,0,-5.71109058868617
1.30239594767571,0,-5.86148007642221
1.43684480396181,0,-5.98692412196455
1.58298413142876,0,-6.082782817137
1.73496601679743,0,-6.14503620845839
1.88600577037974,0,-6.17074216424901
2.02862410917987,0,-6.15866689880607
2.15525431811257,0,-6.10988041464984
2.25912935693913,0,-6.02800743122762
2.33515040455362,0,-5.91891635480203
2.38039611718731,0,-5.78991933464815
2.39413641643393,0,-5.64881022904431
2.37747844292355,0,-5.50306933709261
2.33288005715773,0,-5.35937486323301
2.26370703419741,0,-5.22338175478072
2.17390052323579,0,-5.09965787219787
2.06774455018166,0,-4.99168018943487
1.94969299049554,0,-4.90183518009201
1.82421505287822,0,-4.83140607251046
1.69563168546874,0,-4.78055627471218
1.56793353275952,0,-4.74833349042395
1.44458984375448,0,-4.73272501664295
1.32837409674619,0,-4.73079263430707
1.22124244745908,0,-4.73890511151649
1.12430045321024,0,-4.75306664382899
1.03787732370703,0,-4.7693117984668
0.961696462689519,0,-4.78410922028272
0.895098378383594,0,-4.79470110006423
0.837255754683578,0,-4.79931468183753
0.787331086322019,0,-4.79721516185393
0.744557003165505,0,-4.78861227699472
0.70824913394156,0,-4.77446746069517
0.677776677468171,0,-4.75626203388445
0.652515368510296,0,-4.73577784526231
0.63179897026177,0,-4.71491894611839
0.6148771834405,0,-4.69557918390537
0.600883983860674,0,-4.67954506115693
0.588820663347111,0,-4.66841810949761
0.577559870146983,0,-4.66354434312541
0.565877670260767,0,-4.6659469806902
0.552517091073955,0,-4.67626932598838
0.536277107188536,0,-4.69474324656775
0.516107605542459,0,-4.72119970533978
0.491180718226224,0,-4.75512758059428
0.460911325146054,0,-4.79576836245387
0.424917719068755,0,-4.84221782550587
0.382938683069931,0,-4.89350287402044
0.334740204677045,0,-4.9486145785335
0.280044701832497,0,-5.00649791191978
0.218501781809655,0,-5.06601328259694
0.149703008566453,0,-5.12588961124105
0.0732320848141949,0,-5.18468581957425
-0.011262080232884,0,-5.24077224181732
-0.103981401960563,0,-5.29233910075349
-0.204894123253573,0,-5.33743659551518
-0.313659635931291,0,-5.37404921241526
-0.429573409412274,0,-5.40020372955337
-0.551543967477938,0,-5.4141045271373
-0.678112809820695,0,-5.41428128178573
-0.807522583601072,0,-5.39972553718058
-0.937828354856765,0,-5.36998887480997
-1.067034749615,0,-5.32522084147925
-1.193233830822,0,-5.26613938618665
-1.31471937870558,0,-5.19394442740666
-1.43006240952767,0,-5.11019805953473
-1.53814535317081,0,-5.0166978949551
-1.63816255823776,0,-4.91536415815058
-1.72959967104203,0,-4.80815122790849
-1.81220424268052,0,-4.69698510871071
-1.88595670187635,0,-4.58372226637483
-1.95104665544492,0,-4.4701226575388
-2.00785565395714,0,-4.35782979295433
-2.05694468093569,0,-4.24835229518136
-2.09904287800938,0,-4.14304383688189
-2.13503342682072,0,-4.04308098523614
-2.16593300275237,0,-3.94944085533608
-2.19286261362385,0,-3.86288217569293
-2.21700960629139,0,-3.78393406837764
-2.23958270148243,0,-3.71289639567688
-2.26176359820288,0,-3.64985402380237
-2.28465956791071,0,-3.59470515647378
-2.309261353982,0,-3.54720152390891
-2.3364097028546,0,-3.50699622642953
-2.36677231697357,0,-3.47369384374204
-2.40083138827073,0,-3.44689721233432
-2.43888055767814,0,-3.42624597792161
-2.48102940293225,0,-3.41144340372339
-2.52721342176356,0,-3.40226964519106
-2.57720779940931,0,-3.39858149531589
-2.6306437680864,0,-3.40030023051655
-2.6870268153414,0,-3.40739046738613
-2.74575619980575,0,-3.41983372867716
-2.80614515513325,0,-3.43760059936081
-2.86744092303125,0,-3.46062489042917
-2.92884356096014,0,-3.48878220789118
-2.98952251461785,0,-3.52187398542909
-3.04863031927686,0,-3.55961672043611
-3.10531344261385,0,-3.60163518602292
-3.15872104158718,0,-3.64745798796926
-3.20801308695464,0,-3.6965140343577
-3.25236976689478,0,-3.74812917817754
-3.29100424063291,0,-3.80152329741067
-3.32318063815807,0,-3.85580920353857
-3.34823864578809,0,-3.90999583750377
-3.36562499376003,0,-3.9629990118817
-3.37493058480234,0,-4.01366319178252
-3.37592990795156,0,-4.06079708214459
-3.36861710889283,0,-4.10322374529872
-3.3532314000992,0,-4.13984258368497
-3.3302644414189,0,-4.16969645755473
-3.30044471240507,0,-4.19203392609854
-3.26469856757857,0,-4.20635583050052
-3.22409314351106,0,-4.21243811253605
-3.17977038324763,0,-4.21032816693153
-3.13288253323362,0,-4.20031800817919
-3.08453745754308,0,-4.18290177778405
-3.03575831547353,0,-4.15872645701267
-2.98745828943288,0,-4.12854341589019
-2.9404283214697,0,-4.0931658394312
-2.89533455209382,0,-4.05343436155911
-2.85272206783101,0,-4.01019115132459
-2.81302215036722,0,-3.96426144869527
-2.77656104016302,0,-3.91644101980729
-2.74356900613109,0,-3.86748795789187
-2.71418912621532,0,-3.81811747356697
-2.6884856048029,0,-3.76899863672838
-2.66645170376616,0,-3.7207523551014
-2.64801748370078,0,-3.67395015167357
-2.6330575809269,0,-3.62911351424598
-2.62139921894314,0,-3.58671373160592
-2.61283059762866,0,-3.54717220793109
-2.60710973897887,0,-3.51086127048276
-2.60397380618595,0,-3.47810546835694
-2.60314885795873,0,-3.44918331567959
-2.60435995074186,0,-3.42432937427844
-2.6073414525997,0,-3.40373651028358
-2.61184737721845,0,-3.38755810631093
-2.61766147941362,0,-3.3759099742575
-2.62460677342101,0,-3.36887170055425
-2.63255404680445,0,-3.36648717247729
-2.64142885754482,0,-3.36876408640177
-2.65121643747621,0,-3.37567233041516
-2.66196390343159,0,-3.38714126438037
-2.67377922035904,0,-3.40305608398805
-2.68682648594,0,-3.42325363668724
-2.70131732173561,0,-3.44751823227886
-2.71749845461889,0,-3.47557812710073
-2.73563592906196,0,-3.50710342248954
-2.75599676212357,0,-3.54170607445257
-2.77882918074164,0,-3.57894254541115
-2.80434280193229,0,-3.6183193471313
-2.83269017566293,0,-3.65930136189909
-2.86395097598555,0,-3.70132244837937
-2.89811980334011,0,-3.7437975164275
-2.93509809617967,0,-3.78613506498238
-2.97469012492324,0,-3.82774916861876
-3.01660255514378,0,-3.86807008159349
-3.06044671320971,0,-3.90655297045705
-3.10574253180108,0,-3.9426847210965
-3.15192322027704,0,-3.97598921197497
-3.19833998187312,0,-4.00603182544328
-3.24426654341978,0,-4.03242422366822
-3.2889038150602,0,-4.05483050441122
-3.33138558981143,0,-4.0729757459941
-3.37078674538529,0,-4.08665762426069
-3.40613581624895,0,-4.09576121214009
-3.4364339142494,0,-4.10027624670498
-3.4606816071983,0,-4.10031511788032
-3.47791434630727,0,-4.09612875552581
-3.48724531773486,0,-4.08811677170305
-3.48791239898981,0,-4.07682806639967
-3.479323797398,0,-4.06294899633239
-3.46109575469381,0,-4.04727821303925
-3.43307613924033,0,-4.03068998353586
-3.39534998470864,0,-4.01409036195946
-3.34822645866057,0,-3.99837206283471
-3.2922101958915,0,-3.9843737926676
-3.22796229134105,0,-3.97284829857221
-3.15625697461476,0,-3.96444118500594
-3.07793925248297,0,-3.95968043330581
-2.99388722432327,0,-3.95897507367391
-2.90498102053776,0,-3.96262076121627
-2.8120788465361,0,-3.97080996203439
-2.71599962060258,0,-3.98364480920989
-2.61751115346052,0,-4.00115120453005
