0
0.01
0.020000103879655
0.0300002711268008
0.040000487877558
0.0500007453191985
0.0600010371066887
0.0700013583959141
0.0800017053825783
0.0900020749753326
0.100002464591726
0.110002872037927
0.120003295433947
0.130003733121136
0.140004183621716
0.150004645618178
0.160005117914506
0.170005599419584
0.180006089127846
0.190006586113483
0.200007089515754
0.210007598527279
0.220008112395379
0.230008630411922
0.240009151898961
0.250009676223135
0.260010202787181
0.270010731015521
0.280011260366066
0.290011790314947
0.300012320368966
0.310012850049882
0.320013378903733
0.330013906490672
0.340014432383167
0.350014956170746
0.360015477451677
0.370015995820045
0.38001651087848
0.390017022219414
0.40001752942699
0.410018032061228
0.420018529657363
0.43001902170433
0.440019507641392
0.450019986840926
0.460020458583481
0.470020922045496
0.480021376288022
0.490021820223128
0.500022252590676
0.510022671951501
0.520023076654029
0.530023464832976
0.540023834390788
0.550024183011897
0.560024508167587
0.570024807147588
0.580025077108332
0.590025315136584
0.600025518337861
0.610025683943272
0.620025809417439
0.630025892602862
0.64002593183633
0.650025926083085
0.660025875025169
0.670025779145434
0.680025639761889
0.690025459004536
0.700025239790473
0.710024985703909
0.72002470088274
0.730024389838664
0.740024057276536
0.750023707885243
0.760023346129199
0.770022976058226
0.780022601145667
0.790022224176877
0.800021847199978
0.8100214715487
0.820021097918303
0.830020726500242
0.840020357135566
0.850019989487486
0.860019623195673
0.870019258012194
0.880018893888189
0.890018531046548
0.900018169987189
0.910017811489051
0.920017456567161
0.930017106425797
0.940016762396368
0.95001642588116
0.960016098282241
0.970015780957665
0.980015475165153
0.990015182023674
1.00001490247631
1.01001463726249
1.02001438690264
1.03001415168093
1.04001393163925
1.05001372658444
1.06001353609583
1.0700133595493
1.08001319614178
1.09001304492857
1.10001290487065
1.11001277487278
1.12001265383859
1.13001254071651
1.14001243454634
1.15001233449496
1.160012239892
1.17001215024944
1.18001206527643
1.19001198488236
1.20001190917142
1.21001183842877
1.22001177310385
1.23001171378335
1.24001166116435
1.25001161602504
1.26001157919496
1.27001155152256
1.28001153384897
1.2900115269828
1.30001153167532
1.31001154860161
1.32001157834509
1.33001162138675
1.34001167809409
1.35001174871837
1.36001183339675
1.37001193215039
1.38001204489362
1.39001217144004
1.40001231151542
1.41001246476635
1.42001263077342
1.43001280906789
1.44001299914158
1.45001320046426
1.46001341249236
1.4700136346865
1.48001386652117
1.4900141074967
1.50001435714842
1.51001461505828
1.52001488086365
1.53001515426367
1.54001543502683
1.55001572299385
1.56001601808161
1.57001632028337
1.58001662966506
1.59001694636155
1.6000172705669
1.61001760252277
1.62001794250221
1.63001829079049
1.64001864765893
1.6500190133439
1.66001938801627
1.67001977175459
1.68002016451644
1.69002056611288
1.70002097618726
1.71002139419534
1.72002181939224
1.7300222508286
1.74002268734787
1.75002312759497
1.76002357002711
1.77002401293259
1.78002445445211
1.79002489260335
1.80002532530811
1.81002575041955
1.82002616575023
1.83002656909503
1.84002695825684
1.85002733106731
1.86002768540535
1.87002801921366
1.88002833051176
1.89002861740996
1.90002887811881
1.91002911096044
1.92002931437848
1.93002948694821
1.9400296273889
1.95002973457732
1.96002980756016
1.97002984557097
1.98002984804679
1.99002981464132
2.00002974523999
2.01002963997838
2.02002949924644
2.03002932369673
2.04002911424544
2.05002887206323
2.0600285985646
2.07002829538149
2.08002796433366
2.09002760738829
2.10002722661202
2.11002682411478
2.12002640198993
2.13002596224587
2.14002550674255
2.15002503712315
2.16002455475248
2.17002406066
2.18002355549159
2.19002303947746
2.20002251241099
2.21002197364747
2.22002142212295
2.23002085639386
2.24002027470382
2.25001967506725
2.26001905538062
2.27001841354752
2.2800177476164
2.29001705592335
2.30001633722906
2.31001559084102
2.32001481670561
2.33001401545766
2.34001318842269
2.35001233755658
2.36001146533191
2.37001057457191
2.38000966824852
2.39000874927188
2.40000782029092
2.41000688353964
2.42000594073487
2.43000499303708
2.44000404106648
2.45000308494895
2.46000212438337
2.47000115870271
2.48000018692228
2.48999920777824
2.49999821975853
2.50999722113572
2.51999621001544
2.52999518439481
2.53999414224064
2.54999308157763
2.55999200058304
2.56999089767468
2.5799897715949
2.58998862147995
2.59998744691312
2.60998624796133
2.61998502519279
2.62998377967833
2.63998251296968
2.6499812270611
2.65997992433321
2.66997860747989
2.67997727942482
2.68997594323331
2.69997460202204
2.7099732588764
2.71997191677707
2.72997057854149
2.7399692467795
2.74996792386848
2.75996661194648
2.76996531292378
2.77996402851322
2.78996276027608
2.79996150967965
2.80996027815915
2.81995906716976
2.82995787821882
2.83995671285383
2.84995557259051
2.85995445877168
2.86995337234546
2.87995231357864
2.88995128173315
2.89995027475139
2.90994928901241
2.91994831922445
2.92994735850546
2.93994639866786
2.94994543069216
2.95994444532438
2.96994343371376
2.97994238799606
2.98994130174979
2.99994017028669
3.00993899076688
3.01993776216813
3.02993648514805
3.03993516184913
3.04993379567645
3.05993239106792
3.06993095325929
3.07992948802892
3.08992800140491
3.09992649932428
3.10992498724694
3.11992346975065
3.12992195016245
3.13992043029061
3.14991891033882
3.15991738905805
3.16991586416872
3.17991433302586
3.18991279344813
3.19991124456947
3.20990968754359
3.21990812593118
3.22990656564613
3.23990501443031
3.24990348094567
3.25990197368226
3.26990049993393
3.27989906507859
3.28989767229534
3.29989632271497
3.30989501587755
3.31989375030551
3.32989252401469
3.339891334852
3.34989018062644
3.35988905907055
3.36988796769715
3.37988690362526
3.38988586343397
3.39988484307812
3.40988383788519
3.4198828426268
3.42988185165699
3.43988085910031
3.44987985906978
3.45987884589811
3.46987781436806
3.47987675992654
3.48987567887516
3.49987456852474
3.50987342731505
3.51987225488918
3.52987105212385
3.53986982111623
3.54986856512549
3.55986728847646
3.56986599643168
3.57986469503822
3.58986339095944
3.59986209129899
3.60986080342402
3.61985953478052
3.62985829270414
3.63985708421589
3.64985591579452
3.65985479312602
3.66985372083089
3.6798527021824
3.68985173883533
3.69985083059119
3.70984997523394
3.71984916846572
3.72984840396132
3.73984767356278
3.74984696761089
3.7598462753983
3.76984558571358
3.77984488742773
3.78984417006499
3.7998434242956
3.80984264229481
3.81984181792831
3.82984094676202
3.83984002592731
3.84983905391596
3.85983803039396
3.86983695611927
3.87983583299252
3.8898346642047
3.89983345437059
3.90983220950925
3.9198309367573
3.92982964378833
3.93982833800941
3.94982702569909
3.95982571127681
3.96982439688446
3.97982308236515
3.9898217656562
3.99982044350796
4.00981911238839
4.01981776940707
4.02981641310581
4.0398150440029
4.04981366483387
4.05981228048643
4.0698108976728
4.07980952440732
4.08980816936955
4.09980684121864
4.1098055479238
4.1198042961569
4.12980309078951
4.13980193453085
4.14980082773563
4.15979976840871
4.16979875241019
4.17979777384327
4.18979682558132
4.1997958998633
4.20979498888174
4.21979408527428
4.22979318246517
4.23979227482063
4.2497913576203
4.25979042687694
4.26978947905504
4.27978851075375
4.28978751841276
4.29978649810009
4.30978544541296
4.31978435551144
4.32978322328117
4.33978204360523
4.34978081170112
4.35977952348262
4.36977817589126
4.37977676715782
4.38977529695585
4.39977376643816
4.40977217815234
4.41977053585753
4.42976884427589
4.43976710880801
4.44976533525595
4.45976352958035
4.46976169771103
4.47975984542697
4.4897579783014
4.49975610170403
4.50975422084161
4.51975234081689
4.52975046667934
4.5397486034485
4.54974675609566
4.55974492948188
4.56974312825576
4.57974135672503
4.5897396187235
4.59973791748883
4.60973625556921
4.61973463476788
4.62973305612832
4.63973151995642
4.64973002587422
4.65972857289358
4.66972715950465
4.6797257837691
4.68972444341684
4.69972313594272
4.70972185870268
4.71972060901032
4.72971938423056
4.73971818187197
4.74971699967309
4.75971583567983
4.76971468830971
4.77971355640062
4.78971243923935
4.79971133656975
4.80971024857786
4.81970917585551
4.82970811934118
4.83970708024179
4.84970605993711
4.85970505986482
4.86970408139437
4.87970312568425
4.88970219352915
4.89970128519803
4.90970040027226
4.9196995374939
4.92969869463858
4.9396978684373
4.9496970545606
4.95969624768886
4.96969544166773
4.97969462974763
4.989693804885
4.99969296007171
5.00969208865673
5.0196911846215
5.02969024278524
5.03968925892495
5.04968822980836
5.0596871531588
5.06968602756243
5.07968485234843
5.08968362746067
5.09968235333782
5.10968103081464
5.11967966105014
5.12967824548051
5.13967678579479
5.14967528392429
5.15967374203588
5.16967216251758
5.17967054794615
5.18966890103064
5.19966722452086
5.20966552108393
5.21966379314999
5.22966204273688
5.23966027127385
5.24965847944254
5.25965666706401
5.26965483305976
5.27965297550397
5.28965109178166
5.29964917884779
5.30964723357009
5.31964525311264
5.32964323531968
5.33964117904545
5.34963908439773
5.35963695287272
5.36963478738544
5.3796325922166
5.38963037289345
5.39962813601309
5.40962588900021
5.41962363979149
5.42962139644372
5.43961916669481
5.44961695753623
5.45961477487277
5.46961262334248
5.47961050633908
5.48960842623446
5.49960638475896
5.50960438345764
5.51960242412735
5.52960050914936
5.53959864166452
5.54959682555921
5.5595950652877
5.56959336556026
5.57959173095369
5.58959016549536
5.59958867227227
5.60958725310146
5.61958590829352
5.62958463652945
5.63958343485869
5.64958229882429
5.65958122269726
5.66958019979742
5.67957922286494
5.68957828443656
5.69957737718295
5.70957649417447
5.7195756290477
5.72957477607106
5.73957393011667
5.74957308655701
5.75957224111926
5.76957138972014
5.77957052830934
5.78956965273948
5.79956875867382
5.80956784153688
5.81956689651478
5.82956591859716
5.83956490267035
5.84956384365685
5.85956273670686
5.86956157744191
5.87956036224657
5.88955908859512
5.89955775539435
5.90955636330879
5.91955491502614
5.92955341543132
5.93955187164488
5.94955029290289
5.95954869027775
5.96954707623962
5.97954546409936
5.98954386736813
5.99954229909394
6.00954077122352
6.01953929404814
6.02953787577004
6.03953652221753
6.0495352367157
6.05953402010413
6.06953287088126
6.07953178544312
6.08953075839009
6.09952978287411
6.10952885097387
6.11952795408784
6.12952708334056
6.13952622999602
6.14952538587052
6.15952454371806
6.16952369757488
6.17952284303055
6.18952197740418
6.19952109982119
6.20952021118292
6.2195193140476
6.22951841243902
6.23951751160461
6.2495166177406
6.25951573770042
6.26951487868269
6.27951404790543
6.28951325224785
6.29951249786549
6.30951178978187
6.31951113147357
6.32951052449229
6.33950996817484
6.34950945949826
6.35950899313594
6.36950856174346
6.37950815645934
6.38950776758084
6.39950738532548
6.40950700058853
6.41950660560261
6.42950619443339
6.43950576327739
6.44950531055624
6.45950483681743
6.46950434447099
6.47950383738711
6.48950332037416
6.49950279857094
6.50950227678321
6.51950175882521
6.52950124693437
6.53950074134976
6.5495002401285
6.5594997392638
6.56949923310636
6.5794987150549
6.58949817841926
6.59949761732906
6.60949702755272
6.61949640709911
6.62949575651171
6.6394950788164
6.64949437913492
6.65949366403656
6.669492940737
6.67949221627004
6.68949149675613
6.69949078685817
6.70949008947395
6.71948940566637
6.72948873479522
6.73948807478949
6.74948742249504
6.75948677403164
6.76948612511959
6.77948547134722
6.78948480837312
6.79948413206227
6.80948343857576
6.81948272442242
6.82948198649092
6.83948122207489
6.849480428896
6.85947960513476
6.86947874946467
6.87947786109306
6.88947693979998
6.89947598597153
6.90947500061992
6.91947398538343
6.92947294249922
6.9394718747429
6.94947078532887
6.95946967776578
6.96946855566781
6.979467422518
6.98946628139035
6.99946513463921
7.00946398357102
7.01946282813245
7.02946166664319
7.03946049563613
7.04945930985488
7.05945810247041
7.06945686556877
7.07945559092191
7.08945427100956
7.0994529001868
7.10945147580834
7.11944999904161
7.12944847507908
7.13944691252867
7.1494453219447
7.15944371377776
7.16944209630988
7.17944047426934
7.18943884862394
7.19943721756376
7.20943557815598
7.21943392791108
7.22943226564128
7.23943059143281
7.24942890598235
7.2594272097694
7.26942550249123
7.2794237829984
7.28942204973065
7.29942030147909
7.30941853823454
7.3194167618988
7.32941497670656
7.33941318930111
7.34941140848025
7.35940964469088
7.36940790936734
7.37940621421399
7.389404570512
7.39940298850651
7.4094014769104
7.41940004253171
7.42939869003249
7.43939742180076
7.44939623792926
7.45939513628318
7.46939411264175
7.47939316090538
7.48939227335358
7.49939144093557
7.50939065359015
7.51938990057394
7.52938917078954
7.53938845310233
7.54938773664037
7.55938701107097
7.56938626685716
7.57938549549299
7.58938468972406
7.59938384374781
7.60938295340156
7.61938201632731
7.62938103210646
7.63938000235088
7.64937893073401
7.65937782294358
7.66937668654468
7.6793755307437
7.68937436605262
7.69937320386993
7.70937205599887
7.71937093413587
7.72936984936496
7.73936881169579
7.74936782967079
7.75936691006067
7.76936605765334
7.7793652751306
7.78936456302304
7.7993639197254
7.8093633415699
7.81936282296006
7.82936235657299
7.83936193365379
7.84936154440776
7.85936117848809
7.86936082554996
7.87936047583122
7.88936012070115
7.89935975314517
7.90935936816156
7.91935896308207
7.92935853783971
7.93935809520903
7.94935764102383
7.95935718434846
7.96935673753969
7.97935631609521
7.98935593814981
7.99935562348843
8.00935539197359
8.01935526139874
8.02935524494576
8.0393553486283
8.04935556927173
8.05935589359081
8.06935629875037
8.07935675441841
8.0893572259213
8.09935767783467
8.10935807730462
8.11935839656661
8.12935861442543
8.13935871671934
8.14935869598903
8.15935855063019
8.16935828379726
8.17935790226704
8.18935741538356
8.1993568341464
8.20935617045809
8.21935543652089
8.22935464436886
8.23935380551671
8.24935293070157
8.25935202969149
8.26935111114098
8.27935018246825
8.28934924975672
8.29934831769078
8.30934738954743
8.3193464672647
8.3293455516004
8.33934464236679
8.34934373872024
8.35934283946864
8.36934194334858
8.37934104923539
8.38934015625621
8.39933926379586
8.40933837139991
8.41933747859516
8.42933658467483
8.43933568848691
8.44933478828504
8.45933388168784
8.46933296578301
8.47933203740015
8.48933109354598
8.49933013196633
8.50932915176398
8.51932815396629
8.52932714188914
8.53932612114443
8.54932509915226
8.55932408410583
8.56932308349272
8.57932210246237
8.58932114247065
8.59932020063584
8.60931927004477
8.61931834092554
8.62931740230389
8.63931644363615
8.64931545601855
8.65931443279942
8.66931336967448
8.67931226446359
8.68931111679096
8.69930992780768
8.70930869998187
8.71930743690404
8.72930614302091
8.73930482325005
8.7493034825114
8.75930212529219
8.76930075540742
8.77929937607343
8.78929799031903
8.79929660164027
8.8092952147269
8.81929383607763
8.82929247436653
8.83929114048117
8.84928984720864
8.85928860858697
8.86928743897369
8.87928635191577
8.8892853589519
8.89928446850386
8.90928368502589
8.91928300856403
8.92928243481545
8.93928195568523
8.94928156024796
8.95928123594377
8.96928096981109
8.97928074956015
8.98928056435852
8.99928040526923
9.00928026535473
9.01928013951807
9.02928002417011
9.03927991682303
9.04927981568642
9.05927971932279
9.069279626387
9.07927953545847
9.08927944496488
9.09927935317415
9.10927925823979
9.11927915828358
9.12927905149671
9.13927893624712
9.14927881118457
9.15927867532989
9.16927852814423
9.17927836957618
9.18927820007588
9.19927802057664
9.20927783244638
9.21927763740247
9.22927743740338
9.23927723451723
9.24927703078269
9.25927682807173
9.26927662796864
9.27927643167816
9.28927623997486
9.29927605320457
9.30927587133963
9.31927569409192
9.32927552107511
9.33927535200822
9.34927518694801
9.35927502652915
9.36927487219866
9.37927472642499
9.38927459285775
9.39927447643638
9.40927438342366
9.41927432136534
9.42927429896251
9.43927432586145
9.44927441235935
9.45927456903026
9.46927480628448
9.47927513387133
9.48927556035346
9.49927609258185
9.50927673520789
9.51927749027209
9.52927835692104
9.53927933128015
9.5492804065028
9.55928157300958
9.56928281888817
9.57928413042063
9.58928549268428
9.59928689016993
9.60928830736084
9.61928972923028
9.62929114163035
9.63929253156215
9.64929388732739
9.65929519857814
9.66929645628367
9.67929765263785
9.68929878092894
9.69929983539405
9.70930081106971
9.71930170365807
9.72930250941218
9.73930322504947
9.74930384770012
9.75930437488949
9.76930480455897
9.77930513512548
9.78930536557657
9.7993054955963
9.80930552571714
9.81930545748399
9.82930529361787
9.83930503815712
9.84930469655797
9.85930427573031
9.86930378398421
9.879303230866
9.88930262686826
9.89930198301232
9.90930131029272
9.91930061901442
9.92929991804321
9.93929921401726
9.94929851058266
9.95929780772271
9.96929710125721
9.97929638259012
9.98929563877009
9.99929485291466
10.0092940050176
10.0192930731182
10.0292920347942
10.0392908688856
10.049289557328
10.0592880869426
10.0692864509937
10.0792846502766
10.0892826934994
10.0992805967173
10.1092783816817
10.1192760731977
10.1292736959225
10.139271271364
10.1492688159865
10.1592663410499
10.1692638541463
10.1792613616599
10.1892588710068
10.1992563917115
10.2092539349936
10.2192515121716
10.2292491325651
10.2392468016199
10.2492445197947
10.2592422824739
10.269240080899
10.2792379038808
10.2892357398912
10.2992335790976
10.3092314149417
10.3192292450378
10.3292270713412
10.3392248997087
10.3492227390565
10.3592206003439
10.3692184955855
10.3792164370465
10.3892144367305
10.3992125062042
10.4092106567194
10.4192088994959
10.429207245928
10.4392057074146
10.4492042944994
10.4592030151234
10.469201872057
10.4792008599902
10.4891999631735
10.4991991547
10.5091983982208
10.5191976520943
10.5291968750101
10.5391960315414
10.5491950961829
10.5591940550991
10.5691929056262
10.5791916541595
10.5891903132663
10.5991888987662
10.6091874272744
10.6191859144397
10.6291843738974
10.6391828168328
10.6491812519904
10.6591796859551
10.6691781235624
10.6791765683382
10.6891750229071
10.6991734893507
10.7091719695248
10.7191704653562
10.7291689791497
10.739167513928
10.7491660738165
10.7591646644693
10.7691632934868
10.7791619707422
10.7891607084618
10.7991595208717
10.8091584232077
10.819157429978
10.8291565525597
10.8391557965091
10.8491551592476
10.859154628894
10.8691541847896
10.8791537997558
10.8891534435422
10.8991530865651
10.9091527030524
10.9191522730451
10.9291517831345
10.9391512261641
10.9491506002898
10.9591499077933
10.9691491539447
10.9791483460805
10.9891474929409
10.9991466042349
11.0091456903673
11.0191447622498
11.0291438311324
11.0391429084237
11.049142005478
11.0591411333666
11.0691403026461
11.0791395231514
11.089138803827
11.0991381526004
11.1091375762852
11.1191370804942
11.1291366695432
11.1391363463395
11.1491361122725
11.1591359671328
11.1691359091053
11.1791359348706
11.189136039818
11.1991362183504
11.2091364642062
11.2191367707194
11.22913713094
11.2391375375811
11.2491379828215
11.259138458068
11.2691389537995
11.279139459615
11.2891399645324
11.2991404575042
11.309140928024
11.3191413666801
11.3291417655217
11.3391421181721
11.3491424196959
11.3591426662971
11.3691428549486
11.3791429830629
11.3891430482789
11.3991430484029
11.4091429814968
11.4191428460856
11.4291426414312
11.4391423678082
11.4491420267364
11.45914162112
11.469141155262
11.4791406347339
11.4891400661109
11.4991394565862
11.5091388135166
11.5191381439533
11.5291374542347
11.539136749709
11.5491360346515
11.5591353124235
11.5691345858735
11.5791338579502
11.5891331324318
11.5991324146142
11.6091317117479
11.6191310329771
11.6291303885709
11.639129788343
11.6491292394019
11.6591287436625
11.6691282958273
11.679127882593
11.6891274835628
11.6991270737917
11.7091266273089
11.7191261206574
11.7291255355945
11.7391248604943
11.7491240904549
11.7591232264296
11.7691222738257
11.7791212409758
11.7891201377587
11.7991189745126
11.8091177612712
11.8191165072736
11.8291152206594
11.8391139082517
11.8491125753502
11.8591112255034
11.869109860297
11.879108479271
11.8891070801408
11.8991056595126
11.9091042142298
11.9191027433066
11.9291012501599
11.9390997445097
11.9490982430544
11.9590967680102
11.9690953430756
11.9790939874516
11.9890927098497
11.9990915051088
12.0090903552749
12.0190892348983
12.0290881182351
12.039086985422
12.049085825685
12.0590846373132
12.0690834253354
12.0790821982538
12.08908096495
12.0990797324098
12.1090785044787
12.1190772815643
12.1290760610545
12.1390748381932
12.1490736071642
12.1590723621957
12.1690710985407
12.1790698132473
12.1890685056664
12.1990671776778
12.209065833637
12.2190644800696
12.2290631251552
12.239061778058
12.2490604481787
12.2590591444117
12.269057874479
12.279056644413
12.2890554582231
12.2990543177542
12.3090532226905
12.3190521706309
12.3290511571229
12.3390501755685
12.349049216959
12.3590482695038
12.3690473183496
12.3790463456674
12.3890453313896
12.3990442547214
12.4090430963107
12.4190418406998
12.429040478539
12.4390390080694
12.4490374355685
12.4590357746959
12.4690340449012
12.47903226921
12.4890304717544
12.4990286754032
12.50902689979
12.51902515995
12.5290234656799
12.5390218216466
12.5490202281559
12.5590186824224
12.5690171801217
12.5790157169826
12.5890142901959
12.599012899464
12.6090115475975
12.619010240637
12.6290089875605
12.6390077996866
12.6490066898999
12.6590056718286
12.6690047590614
12.6790039644634
12.6890032996046
12.6990027742934
12.7090023961841
12.7190021704355
12.7290020994105
12.7390021824245
12.7490024155744
12.7590027916984
12.769003300528
12.779003929064
12.7890046621993
12.7990054835384
12.8090063763454
12.8190073245112
12.8290083134171
12.8390093306097
12.8490103662204
12.8590114131183
12.8690124668238
12.8790135252377
12.8890145882526
12.8990156573139
12.9090167349839
12.9190178245469
12.9290189296776
12.9390200541799
12.949021201793
12.9590223760589
12.9690235802346
12.9790248172433
12.9890260896515
12.9990273996637
13.0090287491249
13.0190301395295
13.0290315720368
13.0390330474835
13.0490345663975
13.0590361290108
13.0690377352769
13.0790393848836
13.0890410772711
13.0990428116482
13.1090445870126
13.1190464021696
13.1290482557511
13.1390501462384
13.1490520719822
13.1590540312198
13.1690560220908
13.179058042654
13.1890600908965
13.1990621647469
13.2090642620815
13.2190663807324
13.2290685184928
13.239070673122
13.2490728423551
13.2590750239104
13.2690772155004
13.2790794148456
13.2890816196919
13.2990838278289
13.30908603711
13.3190882454764
13.3290904509762
13.3390926517847
13.3490948462173
13.3590970327416
13.3690992099764
13.3791013766861
13.38910353177
13.3991056742415
13.4091078032015
13.4191099178162
13.4291120172868
13.4391141008299
13.4491161676657
13.4591182170134
13.4691202481048
13.4791222602123
13.4891242526895
13.4991262250341
13.509128176967
13.5191301085249
13.5291320201694
13.5391339129097
13.5491357884329
13.5591376492424
13.5691394987931
13.5791413416133
13.5891431833959
13.5991450310384
13.6091468926005
13.6191487771455
13.6291506944213
13.6391526543527
13.6491546663231
13.6591567382674
13.669158875633
13.6791610803347
13.6891633498822
13.6991656768713
13.7091680490133
13.7191704497758
13.7291728595896
13.739175257442
13.749177622589
13.7591799361144
13.7691821821253
13.779184348471
13.7891864269829
13.7991884133164
13.809190306508
13.8191921083756
13.8291938228651
13.8391954554254
13.8491970124526
13.8591985008339
13.8691999275884
13.8792012996058
13.8892026234637
13.8992039053089
13.9092051507873
13.9192063650037
13.929207552507
13.9392087172934
13.9492098628289
13.959210992094
13.9692121076455
13.9792132116795
13.9892143060732
13.9992153923709
14.0092164716847
14.0192175444959
14.029218610372
14.0392196676507
14.0492207131647
14.05922174211
14.0692227481528
14.0792237238559
14.089224661462
14.0992255540099
14.1092263966905
14.119227188238
14.1292279320595
14.1392286367079
14.149229315293
14.1592299835718
14.1692306568278
14.1792313462187
14.1892320557932
14.1992327814695
14.2092335126463
14.2192342359977
14.2292349400274
14.2392356187471
14.2492362734215
14.2592369122335
14.2692375484383
14.279238197836
14.2892388762977
14.2992395978033
14.3092403731701
14.3192412094648
14.3292421099668
14.339243074529
14.3492441001788
14.3592451818344
14.3692463130333
14.3792474866097
14.3892486952764
14.3992499320887
14.40925119078
14.4192524659821
14.4292537533329
14.4392550494981
14.4492563521225
14.4592576597395
14.4692589716538
14.4792602878128
14.489261608686
14.4992629351464
14.5092642683684
14.519265609735
14.5292669607578
14.539268323019
14.5492696981417
14.5592710878026
14.5692724937996
14.5792739181816
14.5892753634405
14.5992768327463
14.6092783301913
14.6192798609772
14.6292814314593
14.6392830489296
14.6492847210187
14.659286454624
14.6692882543593
14.6792901206879
14.6892920481083
14.6992940239422
14.7092960282871
14.7192980354671
14.7293000168618
14.7393019445286
14.7493037947545
14.7593055507402
14.7693072039555
14.779308754121
14.789310208095
14.7993115781057
14.809312879757
14.8193141301395
14.8293153462532
14.8393165438239
14.8493177365193
14.8593189355211
14.8693201493831
14.8793213841062
14.88932264336
14.8993239287938
14.9093252403928
14.9193265768391
14.9293279358551
14.939329314513
14.9493307094974
14.9593321173205
14.9693335344907
14.9793349576363
14.9893363835891
14.9993378094363
15.0093392325396
15.0193406505324
15.0293420612961
15.0393434629206
15.0493448536518
15.059346231832
15.0693475958325
15.0793489439902
15.0893502745438
15.0993515855814
15.1093528750019
15.1193541404966
15.129355379564
15.1393565895583
15.1493577677898
15.1593589116812
15.1693600189961
15.1793610881401
15.1893621185465
15.1993631111353
15.2093640688358
15.2193649971284
15.2293659045459
15.239366803028
15.249367707983
15.2593686378746
15.2693696131398
15.2793706543101
15.2893717793594
15.2993730005774
15.3093743215747
15.3193757352506
15.3293772234758
15.3393787588157
15.3493803079744
15.3593818360838
15.3693833107815
15.3793847052422
15.3893859998041
15.3993871822624
15.409388247198
15.4193891947858
15.4293900294552
15.439390758658
15.4493913918625
15.4593919397852
15.4693924138188
15.479392825581
15.4893931865235
15.4993935075581
15.5093937986831
15.5193940686208
15.529394324483
15.5393945714909
15.5493948127787
15.5593950493101
15.5693952799373
15.5793955016357
15.5893957099288
15.599395899496
15.6093960649325
15.6193962015973
15.6293963064724
15.6393963789443
15.6493964214321
15.6593964397904
15.6693964434377
15.6793964451597
15.6893964605616
15.6993965071608
15.7093966031526
15.7193967659479
15.7293970106593
15.7393973487676
15.7493977872117
15.7593983280779
15.7693989689162
15.7793997035582
15.7894005231989
15.7994014174775
15.8094023753588
15.8194033857245
15.829404437682
15.8394055206699
15.8494066244617
15.8594077391603
15.869408855245
15.8794099637019
15.8894110562384
15.8994121255596
15.9094131656733
15.9194141721832
15.929415142525
15.939416076114
15.9494169743749
15.9594178406414
15.9694186799298
15.9794194986015
15.9894203039374
15.9994211036566
16.0094219054028
16.0194227162241
16.0294235420691
16.0394243873318
16.0494252544901
16.0594261438896
16.0694270537431
16.0794279803836
16.0894289187861
16.0994298633182
16.1094308086161
16.1194317504306
16.1294326862347
16.1394336153901
16.1494345387115
16.1594354573998
16.169436371529
16.1794372785132
16.1894381721534
16.1994390428117
16.2094398789273
16.219440669591
16.2294414074246
16.239442090886
16.2494427253381
16.2594433226752
16.2694438997397
16.2794444760413
16.2894450713168
16.2994457033756
16.3094463864986
16.3194471304764
16.3294479402765
16.3394488162296
16.3494497546173
16.3594507485202
16.3694517888052
16.3794528651445
16.389453966972
16.399455084311
16.4094562084219
16.4194573322377
16.4294584505862
16.439459560201
16.4494606595588
16.4594617485808
16.4694628282512
16.4794639002078
16.4894649663629
16.4994660285946
16.5094670885529
16.5194681475997
16.5294692068955
16.5394702676307
16.549471331382
16.559472400572
16.5694734789871
16.5794745723078
16.5894756885827
16.599476838565
16.6094780358143
16.6194792964424
16.6294806383827
16.639482080082
16.649483638575
16.6594853270478
16.6694871521721
16.6794891117212
16.6894911930929
16.6994933733163
16.7094956208206
16.7194978987628
16.7295001692551
16.7395023975738
16.7495045555115
16.759506623357
16.7695085903937
16.7795104541684
16.789512218946
16.799513893809
16.8095154907592
16.8195170230627
16.829518503954
16.8395199457184
16.8495213591157
16.8595227530825
16.8695241346487
16.8795255089956
16.8895268796157
16.8995282485275
16.9095296165216
16.9195309834198
16.9295323483346
16.9395337099188
16.9495350666022
16.9595364168148
16.9695377591822
16.979539092701
16.9895404168832
16.9995417318713
17.0095430385158
17.0195443384172
17.0295456339292
17.039546928123
17.0495482247165
17.0595495279671
17.0695508425402
17.0795521733524
17.0895535254027
17.0995549035976
17.1095563125775
17.1195577565535
17.1295592391584
17.13956076332
17.1495623311555
17.1595639438887
17.1695656017874
17.1795673041146
17.1895690490903
17.19957083385
17.2095726543977
17.2195745055485
17.2295763808605
17.239578272563
17.2495801715001
17.2595820671092
17.2695839474671
17.2795857994386
17.2895876089615
17.2995893614935
17.3095910426411
17.3195926389754
17.3295941390251
17.339595534415
17.3495968211161
17.3595980007448
17.3695990818287
17.3796000809188
17.3896010233701
17.3996019435306
17.4096028839793
17.4196038933851
17.4296050226041
17.4396063188836
17.4496078186287
17.4596095400283
17.4696114775812
17.4796136006527
17.4896158572184
17.4996181821419
17.5096205076573
17.5196227731177
17.5296249317626
17.5396269536314
17.5496288250415
17.5596305457452
17.5696321250096
17.5796335776062
17.5896349203368
17.5996361694104
17.6096373387459
17.6196384391673
17.629639478365
17.6396404614746
17.6496413920749
17.6596422733773
17.6696431093803
17.679643905772
17.6896446704352
17.6996454134879
17.7096461468783
17.7196468836326
17.7296476368829
17.7396484188297
17.7496492397651
17.7596501072663
17.7696510256266
17.7796519955573
17.7896530141605
17.7996540751547
17.8096551693065
17.8196562850178
17.8296574089994
17.8396585269621
17.8496596242505
17.8596606863495
17.8696616992156
17.8796626494133
17.8896635241008
17.8996643109572
17.909664998214
17.9196655749475
17.9296660317421
17.9396663617142
17.9496665617445
17.9596666336627
17.969666585099
17.9796664297914
17.9896661872394
17.9996658817255
18.0096655407797
18.0196651932269
18.0296648669655
18.0396645866654
18.0496643716403
18.0596642341791
18.069664178655
18.0796642016462
18.0896642931545
18.0996644387841
18.1096646225028
18.1196648294699
18.1296650483848
18.1396652729482
18.1496655022746
18.1596657403594
18.1696659949152
18.1796662759741
18.1896665945759
18.1996669617387
18.2096673877472
18.2196678816963
18.2296684511975
18.2396691021909
18.2496698388461
18.2596706635669
18.2696715771325
18.2796725789792
18.2896736676203
18.2996748411714
18.309676097939
18.3196774370157
18.3296788588176
18.3396803654933
18.3496819611083
18.3596836515005
18.369685443698
18.3796873447898
18.3896893602273
18.3996914916542
18.4096937345645
18.4196960762957
18.4296984949911
18.4397009600679
18.4497034343942
18.4597058778783
18.4697082517318
18.4797105224808
18.4897126649526
18.4997146638326
18.5097165137955
18.5197182185058
18.5297197889178
18.5397212412864
18.5497225952062
18.5597238718771
18.5697250926935
18.5797262781738
18.5897274472083
18.5997286165826
18.6097298007261
18.619731011631
18.6297322589092
18.6397335499375
18.6497348900658
18.6597362828599
18.6697377303525
18.6797392332881
18.6897407913461
18.699742403334
18.7097440673466
18.7197457808947
18.7297475410034
18.7397493442924
18.7497511870422
18.7597530652566
18.7697549747293
18.7797569111207
18.7897588700476
18.7997608471872
18.8097628383935
18.8197648398167
18.8297668480237
18.8397688601058
18.8497708737656
18.8597728873764
18.8697749000051
18.8797769113987
18.8897789219305
18.8997809325131
18.9097829444806
18.9197849594502
18.929786979172
18.9397890053782
18.9497910396348
18.9597930832124
18.9697951369723
18.9797972012789
18.9897992759401
18.9998013601726
19.0098034525973
19.019805551259
19.0298076536721
19.0398097568899
19.0498118575941
19.0598139522032
19.0698160370005
19.0798181082742
19.0898201624719
19.0998221963642
19.1098242072144
19.1198261929465
19.1298281523061
19.1398300850055
19.149831991834
19.1598338747257
19.1698357367613
19.1798375820875
19.1898394157391
19.1998412433545
19.2098430707889
19.2198449036525
19.2298467468117
19.2398486039179
19.2498504770372
19.2598523664424
19.2698542706173
19.279856186474
19.2898581097575
19.2998600355647
19.3098619588945
19.3198638751469
19.3298657805117
19.3398676722069
19.3498695485679
19.3598714090019
19.3698732538428
19.3798750841346
19.3898769013887
19.3998787073327
19.4098805036788
19.4198822919266
19.4298840732103
19.4398858481991
19.4498876170537
19.45988937944
19.4698911345929
19.4798928814232
19.4898946186512
19.4998963449419
19.5098980590307
19.5198997598185
19.5299014464229
19.5399031181889
19.5499047746655
19.5599064155632
19.5699080407122
19.579909650036
19.5899112435514
19.5999128214006
19.6099143839068
19.6199159316417
19.6299174654941
19.6399189867205
19.6499204969737
19.6599219982964
19.669923493088
19.6799249840405
19.6899264740569
19.6999279661568
19.7099294633821
19.7199309687016
19.729932484924
19.7399340146135
19.7499355600057
19.7599371229159
19.7699387046311
19.7799403057803
19.7899419261768
19.7999435646384
19.809945218789
19.8199468848645
19.8299485575458
19.8399502298506
19.8499518931159
19.859953537106
19.8699551502673
19.8799567201354
19.8899582338766
19.8999596788943
19.909961043385
19.9199623166689
19.9299634891075
19.9399645514806
19.9499654939158
19.9599663048128
19.9699669705558
19.9799674768524
19.9899678120279
19.9999679716406
20.0099679628789
20.0199678070081
20.0299675387903
20.0399672029201
20.0499668484652
20.0599665227274
20.0699662658135
20.0799661068093
20.089966061979
20.0999661349957
20.1099663188993
20.1199665992354
20.1299669577333
20.1399673758777
20.1499678378463
20.15996833248
20.1699688541661
20.1799694027363
20.1899699826097
20.1999706015044
20.2099712690408
20.2199719954846
20.2299727908002
20.2399736640691
20.2499746232581
20.2599756752501
20.2699768260481
20.2799780810462
20.2899794452723
20.2999809235365
20.3099825204191
20.3199842400743
20.3299860858178
20.3399880595286
20.3499901608993
20.3599923866345
20.3699947297228
20.3799971789557
20.3899997188418
20.4000023300277
20.410004990244
20.4200076756841
20.4300103626045
20.4400130288989
20.4500156553959
20.4600182267022
20.4700207315198
20.480023162474
20.4900255155763
20.5000277894805
20.5100299847023
20.5200321029365
20.5300341465835
20.540036118536
20.5500380222445
20.5600398620405
20.5700416436248
20.5800433746091
20.5900450649306
20.6000467269592
20.6100483751377
20.6200500251356
20.6300516926072
20.640053391843
20.6500551346439
20.6600569296812
20.6700587824663
20.6800606958326
20.6900626707258
20.7000647070639
20.7100668044939
20.7200689629339
20.7300711829246
20.7400734657984
20.7500758137375
20.7600782297591
20.7700807176658
20.7800832819602
20.790085927748
20.8000886606145
20.8100914864832
20.8200944114538
20.8300974416217
20.8401005828833
20.8501038407384
20.8601072200931
20.8701107250739
20.8801143588575
20.8901181235207
20.9001220199182
20.9101260475784
20.9201302046405
20.9301344878056
20.9401388923194
20.9501434119748
20.960148039143
20.9701527648154
20.9801575786645
20.9901624691124
21.0001674234098
21.0101724277199
21.0201774671995
21.03018252608
21.0401875877384
21.0501926347585
21.0601976489847
21.0702026115706
21.0802075030251
21.0902123032623
21.1002169916811
21.1102215472919
21.1202259489104
21.130230175461
21.1402342064143
21.1502380223873
21.1602416059059
21.170244942316
21.1802480207917
21.1902508353329
21.2002533856488
21.2102556777797
21.2202577243333
21.2302595442533
21.2402611620859
21.2502626067907
21.2602639101803
21.2702651051479
21.2802662238241
21.2902672958375
21.3002683468251
21.3102693972959
21.3202704619503
21.3302715494816
21.34027266287
21.3502738001011
21.3602749552312
21.3702761196519
21.3802772834261
21.3902784365432
21.4002795699949
21.4102806765935
21.4202817514888
21.4302827923993
21.4402837995715
21.4502847755325
21.4602857246838
21.4702866528151
21.4802875666084
21.4902884732033
21.5002893798525
21.510290293714
21.5202912217556
21.5302921707788
21.5402931475099
21.5502941587262
21.5602952113763
21.5702963126384
21.5802974698837
21.5902986905017
21.6002999815625
21.6103013493056
21.6203027984684
21.6303043315157
21.6403059478798
21.6503076433469
21.6603094097563
21.6703112351575
21.6803131044779
21.6903150006579
21.7003169060796
21.7103188040532
21.7203206800818
21.7303225227303
21.7403243240031
21.7503260792628
21.7603277868073
21.7703294472472
21.7803310628263
21.790332636803
21.8003341729409
21.8103356751372
21.8203371471845
21.8303385926417
21.8403400147944
21.8503414166593
21.8603428010239
21.8703441704966
21.8803455275555
21.8903468745858
21.9003482139081
21.9103495477932
21.9203508784726
21.9303522081399
21.9403535389521
21.9503548730254
21.9603562124265
21.9703575591594
21.9803589151345
21.9903602821255
22.0003616616989
22.0103630551257
22.0203644632717
22.0303658864766
22.0403673244413
22.05036877614
22.0603702397909
22.0703717129049
22.0803731924302
22.0903746749896
22.1003761571924
22.1103776359687
22.1203791088706
22.1303805742786
22.1403820314699
22.1503834805287
22.1603849221158
22.1703863571344
22.1803877863527
22.1903892100367
22.200390627646
22.210392037625
22.220393437308
22.2303948229419
22.2403961898229
22.250397532538
22.2603988452949
22.2704001223311
22.2804013583909
22.290402549246
22.3004036922392
22.3104047868064
22.3204058349157
22.3304068413366
22.3404078136333
22.3504087617781
22.3604096973275
22.3704106321948
22.3804115771997
22.3904125407135
22.4004135277726
22.4104145399584
22.4204155760916
22.4304166335386
22.4404177097134
22.4504188033676
22.4604199153849
22.470421049011
22.4804222096065
22.490423404103
22.5004246403417
22.5104259264274
22.5204272701778
22.5304286786847
22.5404301579915
22.5504317128481
22.5604333465276
22.5704350606861
22.5804368552642
22.590438728443
22.6004406766761
22.610442694814
22.6204447763383
22.6304469136953
22.6404490987034
22.6504513229889
22.6604535783958
22.6704558573174
22.6804581529164
22.69046045922
22.7004627710987
22.7104650841591
22.7204673945825
22.7304696989443
22.7404719940436
22.750474276755
22.7604765439124
22.7704787922236
22.7804810182088
22.7904832181568
22.8004853880984
22.8104875237929
22.8204896207338
22.8304916741812
22.8404936792328
22.8504956309412
22.8604975244832
22.8704993553787
22.8805011197466
22.8905028145774
22.9005044379958
22.9105059894841
22.9205074700429
22.9305088822753
22.9405102303985
22.9505115201933
22.9605127589162
22.9705139551998
22.9805151189655
22.9905162613632
23.00051739474
23.0105185326204
23.0205196896615
23.0305208815257
23.0405221246077
23.0505234355267
23.0605248303282
23.0705263233676
23.0805279259216
23.0905296446819
23.1005314803834
23.1105334268897
23.1205354710333
23.1305375933708
23.1405397698047
23.1505419737866
23.1605441786899
23.1705463599203
23.1805484964528
23.1905505716525
23.2005525734124
23.2105544937468
23.2205563280497
23.2305580741977
23.2405597316683
23.2505613007766
23.2605627820971
23.2705641761005
23.2805654830032
23.2905667028112
23.3005678355251
23.3105688814607
23.3205698416249
23.3305707180845
23.3405715142615
23.3505722350944
23.360572887031
23.3705734778463
23.3805740163012
23.3905745116728
23.4005749731861
23.4105754093543
23.4205758272323
23.4305762316116
23.4405766242419
23.4505770032305
23.460577362817
23.4705776936874
23.4805779839158
23.4905782204673
23.5005783910675
23.5105784861491
23.5205785005617
23.5305784347928
23.540578295539
23.5505780955799
23.560577852992
23.5705775898131
23.5805773302998
23.5905770989651
23.6005769186111
23.6105768086158
23.6205767837199
23.6305768534942
23.6405770225336
23.6505772912585
23.6605776570616
23.6705781154953
23.6805786612451
23.6905792887569
23.7005799925107
23.7105807670184
23.7205816066604
23.7305825054755
23.7405834569792
23.7505844540565
23.7605854889469
23.7705865533151
23.7805876383933
23.7905887351845
23.800589834703
23.8105909282444
23.8205920076706
23.8305930656954
23.840594096163
23.8505950943001
23.8605960569205
23.8705969825608
23.8805978715229
23.8905987257979
23.9005995488576
23.9106003453048
23.9206011204049
23.9306018795277
23.9406026275687
23.9506033684119
23.9606041045135
23.9706048366643
23.9806055639606
23.9906062839942
24.0006069932523
24.0106076877092
24.0206083635944
24.0306090183242
24.0406096515557
24.0506102662965
24.0606108699545
24.0706114751575
24.0806121001214
24.0906127682887
24.1006135069366
24.1106143444863
24.1206153064577
24.1306164104252
24.1406176609415
24.150619045947
24.1606205362553
24.1706220889601
24.1806236542081
24.1906251834711
24.2006266369602
24.2106279884108
24.2206292266108
24.23063035412
24.2406313842015
24.2506323370465
24.2606332361305
24.270634105183
24.2806349659609
24.2906358368162
24.3006367319433
24.3106376611567
24.3206386300456
24.3306396403864
24.3406406907095
24.3506417769462
24.3606428931012
24.3706440319148
24.3806451854792
24.3906463457961
24.4006475052558
24.4106486570278
24.4206497953565
24.4306509157585
24.4406520151184
24.4506530916878
24.4606541449929
24.4706551756624
24.4806561851898
24.4906571756555
24.5006581494223
24.5106591088336
24.5206600559276
24.5306609921783
24.5406619182642
24.55066283386
24.5606637374533
24.5706646261902
24.5806654957813
24.5906663405058
24.6006671533711
24.6106679264701
24.6206686515615
24.6306693208614
24.6406699279975
24.650670469054
24.6606709436181
24.6706713557324
24.6806717146739
24.6906720354681
24.7006723390429
24.7106726519031
24.7206730051785
24.730673432893
24.7406739693627
24.7506746457931
24.7606754864174
24.7706765048426
24.780677701495
24.7906790630041
24.8006805639293
24.8106821705498
24.8206838458018
24.8306855541827
24.8406872655912
24.8506889575645
24.860690615872
24.8706922338073
24.8806938106764
24.8906953499571
24.9006968574935
24.9106983399451
24.9206998035872
24.9307012534781
24.9407026929575
24.9507041234186
24.9607055442998
24.9707069532428
24.9807083463784
24.9907097187056
25.0007110645408
25.0107123780118
25.0207136535716
25.0307148865021
25.0407160733653
25.0507172123563
25.0607183035163
25.0707193487502
25.0807203516377
25.0907213170372
25.1007222505303
25.1107231577854
25.1207240439448
25.1307249131323
25.1407257681643
25.1507266104936
25.1607274403772
25.1707282572123
25.1807290599636
25.1907298476017
25.2007306194822
25.2107313756177
25.220732116822
25.230732844726
25.2407335616787
25.25073427056
25.2607349745304
25.2707356767494
25.280736380087
25.2907370868599
25.3007377986113
25.3107385159612
25.3207392385454
25.3307399650538
25.3407406933744
25.3507414208283
25.3607421444696
25.3707428614042
25.3807435690705
25.3907442654125
25.4007449488895
25.4107456182893
25.420746272352
25.4307469092657
25.4407475261459
25.4507481186453
25.4607486808366
25.47074920548
25.4807496847285
25.4907501112535
25.5007504797141
25.5107507884441
25.5207510411918
25.5307512487076
25.5407514299075
25.5507516122581
25.5607518309527
25.570752126424
25.5807525399136
25.5907531072822
25.6007538520143
25.6107547791911
25.6207558725144
25.6307570957623
25.6407583984743
25.6507597240151
25.6607610174709
25.6707622313626
25.6807633283799
25.6907642814755
25.7007650722909
25.7107656889804
25.7207661242762
25.730766374287
25.7407664381529
25.750766318364
25.7607660213088
25.7707655575324
25.7807649413201
25.7907641895571
25.8007633202045
25.8107623509027
25.8207612980268
25.830760176119
25.8407589973488
25.8507577707786
25.8607565016079
25.87075519092
25.8807538364486
25.890752434523
25.900750982835
25.9107494832968
25.9207479441902
25.9307463810157
25.9407448158244
25.9507432751821
25.9607417871661
25.9707403779584
25.9807390686519
25.9907378728761
26.0007367957127
26.0107358340975
26.0207349785226
26.0307342154973
26.0407335300691
26.0507329077926
26.0607323358286
26.0707318031796
26.0807313003025
26.0907308184313
26.1007303489186
26.1107298828008
26.1207294106957
26.1307289230366
26.1407284105876
26.1507278651388
26.1607272802586
26.1707266519747
26.1807259792575
26.1907252642027
26.2007245118449
26.2107237295869
26.2207229263047
26.2307221112622
26.2407212930276
26.2507204786235
26.2607196731131
26.2707188797765
26.2807181009252
26.290717339303
26.3007165999034
26.3107158919288
26.320715230487
26.3307146375052
26.3407141412467
26.3507137738343
26.3607135664525
26.3707135425645
26.3807137105056
26.3907140578134
26.4007145498445
26.4107151340488
26.4207157490221
26.4307163354583
26.4407168455794
26.4507172487062
26.460717532413
26.4707177001793
26.4807177670904
26.4907177550384
26.5007176884364
26.5107175909287
26.5207174832154
26.5307173818642
26.540717298899
26.5507172419405
26.5607172147043
26.570717217695
26.5807172489882
26.5907173050095
26.6007173812611
26.6107174729543
26.6207175755293
26.6307176850538
26.6407177984984
26.6507179138968
26.6607180304026
26.6707181482591
26.6807182686988
26.6907183937933
26.7007185262718
26.7107186693274
26.7207188264254
26.7307190011245
26.7407191969192
26.7507194171013
26.7607196646326
26.7707199420215
26.7807202511808
26.7907205932525
26.8007209683812
26.810721375427
26.8207218116257
26.8307222722161
26.8407227500848
26.8507232354978
26.8607237160086
26.8707241766467
26.8807246004747
26.8907249695891
26.9007252665938
26.9107254765161
26.9207255890748
26.9307256011439
26.9407255191809
26.9507253613067
26.9607251586186
26.9707249551817
26.9807248060333
26.990724772549
27.0007249148753
27.0107252820165
27.0207259015333
27.030726772023
27.0407278615641
27.0507291134759
27.0607304577561
27.0707318242996
27.0807331538461
27.0907344042855
27.1007355521052
27.1107365902181
27.1207375238703
27.1307383660718
27.1407391334794
27.1507398431747
27.1607405104419
27.1707411474589
27.1807417627382
27.1907423611349
27.2007429442482
27.2107435110723
27.2207440587715
27.2307445834803
27.2407450810542
27.250745547716
27.2607459805725
27.2707463779836
27.2807467397917
27.2907470674247
27.3007473638936
27.3107476337017
27.3207478826844
27.3307481177804
27.3407483467409
27.3507485777534
27.3607488189657
27.3707490778699
27.380749360524
27.390749670588
27.4007500081853
27.410750368654
27.4207507413137
27.4307511084612
27.440751444874
27.450751718159
27.460751890267
27.4707519204297
27.4807517696324
27.490751406494
27.5007508140729
27.5107499965759
27.5207489841807
27.5307478333026
27.5407466191949
27.5507454190297
27.5607442878869
27.5707432366232
27.5807422244245
27.5907411736449
27.6007400013721
27.6107386517636
27.6207371145085
27.6307354248589
27.6407336501327
27.6507318710793
27.6607301649177
27.6707285935482
27.6807271976945
27.6907259961605
27.7007249887716
27.710724161453
27.7207234920631
27.7307229558788
27.7407225299834
27.7507221961871
27.7607219424332
27.7707217629052
27.7807216571933
27.7907216289246
27.8007216842169
27.8107218302301
27.8207220739804
27.8307224214982
27.8407228773244
27.8507234443156
27.8607241236904
27.8707249152467
27.8807258176872
27.8907268289906
27.9007279467835
27.910729168666
27.9207304924666
27.9307319163976
27.9407334390891
27.9507350594918
27.960736776623
27.9707385891595
27.9807404948629
27.9907424898654
28.0007445678477
28.0107467191841
28.0207489301697
28.0307511824662
28.0407534529219
28.050755713894
28.0607579341449
28.0707600803005
28.0807621187522
28.0907640178221
28.1007657499555
28.1107672937238
28.1207686354443
28.1307697702914
28.1407707028264
28.1507714469129
28.1607720250278
28.1707724670101
28.1807728083159
28.1907730879058
28.2007733459343
28.2107736214417
28.2207739502546
28.2307743632755
28.2407748852674
28.2507755341522
28.260776320762
28.2707772489398
28.280778315879
28.2907795126548
28.3007808249521
28.3107822340618
28.3207837182093
28.3307852542197
28.3407868194116
28.3507883934908
28.3607899601449
28.37079150806
28.3807930311913
28.3907945282801
28.4007960017674
28.4107974563702
28.4207988976055
28.4308003305258
28.4408017588253
28.4508031844106
28.4608046074147
28.4708060266021
28.4808074400569
28.4908088460311
28.5008102438363
28.5108116346559
28.5208130221633
28.5308144128352
28.540815815863
28.5508172425691
28.5608187052803
28.5708202156646
28.5808217826405
28.59082341009
28.6008250947564
28.6108268247661
28.6208285791986
28.6308303289503
28.6408320388416
28.6508336706084
28.6608351861849
28.6708365506467
28.6808377342997
28.6908387136553
28.7008394712896
28.7108399948003
28.7208402751841
28.7308403049967
28.7408400766267
28.7508395809805
28.7608388068179
28.7708377409382
28.7808363693516
28.7908346794613
28.8008326631067
28.8108303200759
28.8208276614558
28.8308247120101
28.8408215108514
28.8508181100311
28.8608145712965
28.8708109618339
28.8808073500293
28.8908038019622
28.9008003787404
28.910797134243
28.9207941126692
28.9307913455164
28.9407888481362
28.9507866166707
28.9607846266435
28.9707828343842
28.980781181549
28.9907796016523
29.0007780268008
29.0107763934261
29.0207746472399
29.0307727484796
29.040770678035
29.0507684437718
29.0607660853364
29.070763675496
29.0807613164759
29.0907591304101
29.1007572437601
29.1107557667748
29.1207547711411
29.1307542715083
29.1407542177749
29.1507545026279
29.1607549829455
29.1707555077908
29.1807559438503
29.1907561919469
29.2007561929328
29.2107559248951
29.2207553950326
29.2307546292539
29.2407536615294
29.2507525240194
29.2607512383492
29.270749808115
29.2807482127641
29.2907464035133
29.3007443029882
29.310741811627
29.3207388250589
29.3307352665907
29.3407311353862
29.3507265603122
29.3607218316022
29.3707173724824
29.3807136391897
29.3907109962009
29.4007096382577
29.4107095859532
29.4207107274301
29.4307128687416
29.4407157734579
29.4507191888174
29.4607228634148
29.4707265626977
29.4807300855801
29.4907332798866
29.5007360502138
29.5107383539715
29.5207401888495
29.5307415797821
29.540742570744
29.5507432208572
29.5607436016339
29.5707437932785
29.5807438797998
29.5907439434318
29.6007440586493
29.6107442858025
29.6207446645374
29.6307452077103
29.6407458971001
29.6507466823607
29.6607474840759
29.6707482005858
29.6807487170846
29.6907489149608
29.7007486797125
29.7107479067311
29.7207465053719
29.7307444025341
29.7407415472551
29.750737917289
29.7607335271015
29.7707284341782
29.7807227380514
29.7907165664815
29.8007100482803
29.8107032808111
29.8206963051811
29.8306890992426
29.8406815941013
29.8506737184191
29.8606654660136
29.8706569593545
29.8806484614478
29.8906402971099
29.9006326936634
29.9106256246868
29.9206187790234
29.9306117094269
29.9406040719988
29.9505957956422
29.9605870942502
29.9705783593954
29.9805700266543
29.990562479038
30.0005559988344
30.0105507523679
30.0205467919268
30.0305440674788
30.0405424460642
30.0505417371446
30.060541720313
30.0705421705804
30.0805428772441
30.0905436547479
30.1005443466255
30.1105448252216
30.1205449900128
30.1305447663372
30.1405441051138
30.1505429832347
30.1605414039994
30.170539397018
30.1805370171948
30.1905343424191
30.2005314694969
30.2105285077081
30.220525569514
30.2305227586153
30.2405201568137
30.2505178126207
30.2605157352901
30.270513897024
30.280512243427
30.290510709235
30.3005092346314
30.3105077779953
30.3205063229317
30.3305048796568
30.3405034821438
30.3505021828676
30.3605010466926
30.3705001448794
30.3804995495844
30.3904993287948
30.400499541467
30.4105002327315
30.4205014293513
30.4305031360178
30.4405053333307
30.4505079782393
30.4605110072183
30.4705143417564
30.4805178951213
30.4905215791451
30.5005253099748
30.5105290121953
30.5205326212222
30.5305360842358
30.5405393601505
30.5505424192439
30.5605452431526
30.5705478260383
30.5805501777586
30.5905523295658
30.6005543417617
30.610556310439
30.6205583675045
30.6305606670478
30.6405633551736
30.6505665296963
30.6605702045024
30.6705742935412
30.6805786212094
30.6905829558207
30.7005870559173
30.710590715874
30.7205937973309
30.7305962379716
30.7405980387138
30.7505992396183
30.7605998978646
30.7706000768474
30.7805998476158
30.7905992974661
30.8005985384042
30.8105977102619
30.8205969768081
30.8305965153543
30.8405965003828
30.8505970812181
30.8605983549992
30.8706003400592
30.8806029590461
30.890606041165
30.9006093462243
30.9106126034539
30.920615552493
30.9306179756762
30.940619717048
30.9506206898326
30.9606208777822
30.9706203360594
30.9806191940581
30.9906176566123
31.0006159946643
31.0106145170038
31.0206135229058
31.0306132459014
31.040613805029
31.0506151807322
31.0606172274293
31.070619721615
31.0806224276236
31.0906251548274
31.1006277874594
31.1106302851152
31.1206326649803
31.1306349791851
31.1406372957779
31.1506396858867
31.1606422160952
31.1706449439442
31.1806479146758
31.1906511580608
31.2006546849349
31.2106584837953
31.220662518374
31.2306667273145
31.2406710268136
31.2506753163678
31.2606794868437
31.2706834293808
31.2806870434364
31.2906902426098
31.3006929575407
31.3106951359096
31.3206967401262
31.3306977436326
31.3406981268542
31.3506978737952
31.3606969701364
31.3706954034826
31.3806931660555
31.3906902596209
31.400686701764
31.4106825319588
31.4206778154073
31.430672642636
31.4406671234676
31.4506613754176
31.4606555085557
31.4706496103357
31.4806437329742
31.4906378818577
31.5006320000774
31.5106259499699
31.5206195086472
31.5306124037079
31.5406043971586
31.5505953880783
31.5605854827231
31.5705749966045
31.5805643909235
31.5905541723019
31.6005447856709
31.6105365204863
31.6205294501573
31.6305234301714
31.6405181676468
31.6505133375718
31.6605086919467
31.6705041186893
31.6804996434731
31.6904953947909
31.7004915569113
31.7104883263353
31.7204858774394
31.7304843377141
31.7404837718191
31.7504841740625
31.7604854689017
31.7704875182036
31.780490133064
31.7904930879125
31.800496135645
31.8104990239936
31.8205015142746
31.8305034028928
31.8405045428163
31.8505048576575
31.8605043394304
31.8705030280515
31.8805009838646
31.8904982704177
31.9004949554939
31.9104911245192
31.9204868953411
31.9304824268284
31.9404779185391
31.9504736008289
31.9604697146497
31.9704664803994
31.980464058472
31.9904625114269
32.0004617842273
32.0104617157635
32.0204620794389
32.030462634734
32.0404631690816
32.0504635193718
32.0604635740682
32.0704632630907
32.0804625436597
32.0904613894716
32.1004597900798
32.1104577664478
32.1204554027286
32.130452877746
32.1404504584489
32.1504484234882
32.160446942848
32.1704459971711
32.180445394604
32.1904448606338
32.2004441353959
32.2104430345715
32.2204414673125
32.230439425093
32.24043695815
32.2504341509107
32.2604311017294
32.2704279082472
32.2804246579749
32.2904214233033
32.3004182600817
32.3104152087259
32.3204122966341
32.3304095407706
32.3404069496846
32.3504045247794
32.3604022610655
32.3704001478061
32.3803981693789
32.3903963064979
32.4003945377528
32.4103928413031
32.4203911965222
32.4303895853801
32.4403879933715
32.4503864098655
32.4603848278353
32.4703832430247
32.4803816526731
32.4903800539358
32.5003784421121
32.5103768087786
32.5203751399492
32.5303734144763
32.5403716031025
32.5503696687472
32.5603675686873
32.5703652590601
32.5803627014739
32.5903598705546
32.6003567603754
32.6103533874958
32.6203497891841
32.6303460171484
32.6403421288236
32.6503381789421
32.660334213342
32.6703302654641
32.6803263550405
32.690322488711
32.7003186629933
32.7103148698263
32.7203111035367
32.7303073668901
32.7403036742783
32.7503000517589
32.7602965351005
32.7702931671793
32.7802899952144
32.7902870672934
32.8002844271462
32.810282106594
32.8202801164325
32.8302784382046
32.8402770202434
32.8502757805294
32.8602746163194
32.8702734176734
32.8802720807213
32.8902705173173
32.9002686597894
32.9102664614477
32.9202638946158
32.9302609481527
32.9402576260434
32.9502539479523
32.9602499516487
32.9702456959463
32.9802412616524
32.9902367476914
33.0002322607099
33.0102278990058
33.0202237347291
33.030219800588
33.0402160872652
33.0502125544889
33.060209153094
33.0702058504342
33.080202650237
33.0901996007798
33.100196789912
33.1101943296706
33.1201923357765
33.1301909077571
33.1401901140277
33.1501899838605
33.1601905059298
33.1701916316957
33.1801932814795
33.1901953513715
33.2001977197551
33.2102002529419
33.2202028099648
33.2302052469123
33.2402074212551
33.2502091964617
33.260210446954
33.2702110632029
33.2802109566861
33.2902100645194
33.3002083537659
33.3102058255223
33.3202025186172
33.3301985119862
33.3401939236122
33.3501889030398
33.3601836149832
33.3701782144376
33.3801728185843
33.3901674850663
33.4001622064308
33.4101569249981
33.4201515632911
33.4301460574794
33.4401403798228
33.4501345422215
33.4601285837247
33.4701225534366
33.4801165003913
33.4901104738845
33.5001045293552
33.5100987334947
33.5200931663222
33.5300879211988
33.5400831031254
33.5500788230404
33.5600751841666
33.5700722579612
33.5800700530768
33.5900684892206
33.6000673920282
33.6100665175625
33.6200655986506
33.6300643937863
33.6400627216043
33.6500604747837
33.6600576167288
33.6700541680238
33.6800501889531
33.6900457625456
33.7000409814495
33.7100359407496
33.720030736276
33.7300254648133
33.7400202217828
33.7500150944899
33.7600101527128
33.7700054404926
33.780000972597
33.7899967371744
33.7999927037782
33.8099888341867
33.8199850928099
33.8299814540985
33.8399779057837
33.8499744482978
33.8599710916686
33.8699678514089
33.8799647446045
33.8899617868899
33.8999589905332
33.9099563635424
33.9199539095573
33.929951628267
33.939949516106
33.9499475670624
33.9599457734629
33.9699441266658
33.9799426176186
33.9899412372759
33.9999399768799
34.0099388281259
34.0199377832404
34.0299368349927
34.0399359766628
34.0499352019839
34.0599345050596
34.0699338802723
34.079933322175
34.0899328253696
34.0999323843741
34.1099319934838
34.1199316466387
34.1299313373081
34.1399310584106
34.1499308022812
34.1599305607013
34.1699303249976
34.1799300862131
34.1899298353426
34.1999295636326
34.2099292629206
34.2199289260049
34.2299285470194
34.2399281217935
34.249927648162
34.2599271261974
34.2699265583289
34.2799259493136
34.2899253060389
34.2999246371496
34.309923952513
34.3199232625703
34.3299225776405
34.3399219072448
34.3499212595073
34.3599206406417
34.3699200544619
34.379919501789
34.3899189795844
34.399918479675
34.4099179870911
34.419917478323
34.4299169201395
34.4399162698311
34.4499154776389
34.4599144915766
34.4699132639918
34.479911758409
34.4899099548684
34.4999078523324
34.5099054676419
34.5199028315316
34.5298999829375
34.5398969630352
34.5498938101744
34.5598905563699
34.5698872255047
34.5798838330388
34.5898803868651
34.5998768888883
34.6098733369547
34.6198697268185
34.6298660538957
34.639862314656
34.6498585075726
34.6598546336538
34.6698506966368
34.6798467029869
34.689842661819
34.6998385848227
34.7098344861845
34.719830382434
34.7298262920905
34.7398222350198
34.749818231466
34.7598143008255
34.7698104603126
34.7798067237121
34.7898031004051
34.7997995948132
34.8097962063261
34.8197929297041
34.8297897558757
34.8397866730049
34.8497836676611
34.8597807259247
34.8697778342655
34.8797749800812
34.8897721518562
34.8997693390054
34.9097665315811
34.9197637200794
34.929760895614
34.939758050615
34.9497551800465
34.9597522829234
34.9697493637469
34.9797464334354
34.9897435094248
34.9997406148073
35.0097377766314
35.0197350236689
35.0297323840397
35.0397298830925
35.0497275418069
35.0597253758598
35.0697233953312
35.0797216049302
35.089720004567
35.0997185900944
35.1097173540874
35.1197162865782
35.1297153757311
35.139714608458
35.1497139710068
35.1597134495334
35.169713030665
35.1797127020319
35.1897124527507
35.1997122738329
35.2097121584898
35.2197121023321
35.2297121034495
35.2397121623593
35.2497122818131
35.2597124664444
35.2697127222243
35.2797130557044
35.2897134730376
35.2997139787946
35.3097145746482
35.3197152580442
35.3297160210372
35.3397168494878
35.3497177228025
35.3597186143275
35.3697194923973
35.3797203219282
35.38972106635
35.3997216896361
35.4097221582089
35.4197224425537
35.4297225184518
35.4397223678084
35.4497219790954
35.4597213474533
35.4697204744949
35.4797193678554
35.4897180405274
35.4997165100145
35.5097147973364
35.5197129258984
35.5297109202403
35.5397088046965
35.5497066020597
35.5597043324111
35.56970201232
35.5796996545769
35.589697268489
35.599694860615
35.609692435691
35.619689997472
35.6296875493067
35.6396850944084
35.6496826359033
35.6596801768123
35.669677720099
35.6796752688215
35.68967282632
35.6996703962938
35.7096679826161
35.7196655887976
35.7296632171719
35.7396608680072
35.749658538843
35.7596562243154
35.769653916569
35.7796516061226
35.7896492828855
35.7996469369954
35.8096445592667
35.8196421412491
35.8296396750781
35.8396371533763
35.8496345694339
35.8596319177639
35.8696291949503
35.8796264005444
35.8896235376782
35.8996206130887
35.9096176364242
35.9196146189843
35.9296115723367
35.9396085074398
35.9496054348342
35.9596023661568
35.9695993167585
35.9795963087242
35.9895933732604
35.9995905512971
36.0095878912974
36.0195854437096
36.0295832523258
36.0395813439936
36.049579719375
36.0595783480799
36.0695771707337
36.0795761082347
36.0895750756555
36.0995739964934
36.1095728132492
36.1195714921783
36.1295700223329
36.1395684105756
36.149566674769
36.15956483701
36.169562918086
36.1795609336674
36.1895588922786
36.1995567948776
36.2095546357956
36.2195524047778
36.2295500898391
36.2395476805567
36.2495451713147
36.2595425639158
36.2695398690451
36.2795371062515
36.2895343024895
36.2995314896167
36.3095287014619
36.3195259710773
36.3295233286053
36.339520799926
36.3495184060406
36.3595161630237
36.3695140823387
36.3795121713515
36.3895104338998
36.3995088708383
36.4095074804947
36.4195062590074
36.429505200528
36.4395042972856
36.4495035395255
36.4595029153473
36.4695024104891
36.4795020081161
36.4895016886782
36.4995014299117
36.5095012070337
36.5195009931589
36.5295007599279
36.5395004783063
36.549500119483
36.5594996557997
36.5694990616527
36.5794983143222
36.5894973947194
36.5994962880445
36.6094949843555
36.6194934790351
36.6294917731249
36.6394898734798
36.6494877926793
36.6594855486285
36.6694831637794
36.6794806639396
36.6894780766708
36.6994754293691
36.7094727472047
36.7194700511977
36.7294673567709
36.7394646730979
36.7494620034442
36.7594593464916
36.7694566983847
36.7794540550575
36.7894514143339
36.7994487774014
36.809446149475
36.8194435397097
36.8294409605974
36.8394384271276
36.8494359559412
36.8594335645723
36.8694312707616
36.8794290917205
36.8894270432006
36.8994251382406
36.9094233855583
36.9194217877298
36.9294203395171
36.9394190268594
36.9494178270548
36.959416710411
36.9694156432124
36.9794145914207
36.9894135242906
36.9994124171519
37.0094112529116
37.0194100221933
37.0294087223142
37.0394073554513
37.0494059263942
37.0594044402927
37.0694029007879
37.0794013088702
37.0893996626702
37.0993979581681
37.109396190581
37.1193943560366
37.1293924531098
37.1393904839006
37.1493884544514
37.159386374441
37.169384256209
37.1793821132823
37.1893799586914
37.199377803396
37.20937565513
37.2193735178527
37.2293713918429
37.2393692743115
37.2493671603345
37.2593650438713
37.2693629186779
37.2793607789928
37.289358619957
37.2993564377806
37.3093542297282
37.3193519940082
37.3293497296509
37.3393474364407
37.3493451149376
37.3593427665853
37.3693403938673
37.3793380004475
37.3893355912291
37.3993331722866
37.4093307506449
37.4193283339316
37.4293259299491
37.4393235462546
37.4493211898134
37.4593188667892
37.4693165824668
37.4793143412717
37.4893121468009
37.4993100017689
37.5093079077988
37.519305865039
37.5293038716459
37.5393019232273
37.5493000123778
37.5592981284284
37.5692962575137
37.5792943830096
37.5892924863529
37.5992905481964
37.6092885498133
37.6192864746437
37.6292843098403
37.6392820476684
37.6492796866187
37.6592772320961
37.6692746965795
37.679272099175
37.6892694645539
37.6992668213133
37.7092641998955
37.7192616302814
37.7292591397239
37.7392567508193
37.7492544801471
37.7592523376254
37.7692503265834
37.779248444436
37.7892466837853
37.7992450337565
37.8092434814204
37.8192420131778
37.8292406160139
37.8392392785581
37.8492379918758
37.8592367499438
37.8692355497804
37.8792343912399
37.8892332765161
37.8992322094389
37.9092311946534
37.9192302367872
37.9292293396925
37.9392285058306
37.9492277358425
37.9592270283227
37.9692263797864
37.979225784806
37.9892252362597
37.9992247256441
38.0092242433838
38.019223779084
38.0292233216851
38.0392228595022
38.0492223801477
38.0592218703703
38.069221315858
38.0792207010793
38.0892200092376
38.0992192224307
38.1092183220917
38.1192172897659
38.1292161082292
38.1392147628788
38.1492132432126
38.1592115440967
38.1692096664397
38.1792076169218
38.1892054066623
38.1992030491177
38.2092005579501
38.2191979457904
38.2291952245351
38.2391924070856
38.2491895096915
38.2591865537244
38.2691835660065
38.2791805774997
38.2891776208185
38.2991747273378
38.3091719246067
38.3191692344909
38.3291666721738
38.3391642459296
38.349161957491
38.3591598028218
38.369157773131
38.3791558560185
38.3891540366721
38.3991522990801
38.4091506272098
38.419149006108
38.4291474228436
38.4391458672177
38.4491443321667
38.4591428138191
38.469141311209
38.479139825695
38.4891383601778
38.4991369182307
38.5091355032611
38.5191341178092
38.529132763055
38.5391314385693
38.5491301423027
38.5591288707683
38.5691276193557
38.5791263826897
38.5891251549567
38.5991239301432
38.6091227021454
38.619121464757
38.6291202115659
38.6391189358134
38.6491176302917
38.6591162873327
38.6691148989394
38.679113457066
38.6891119540297
38.6991103830085
38.7091087385554
38.7191070170704
38.7291052171707
38.7391033399233
38.7491013889299
38.7590993702645
38.7690972922832
38.7790951653272
38.7890930013456
38.7990908134624
38.8090886155105
38.8190864215573
38.8290842454471
38.8390821003818
38.8490799985574
38.8590779508739
38.8690759667245
38.8790740538669
38.8890722183709
38.8990704646374
38.9090687954698
38.9190672121929
38.929065714796
38.939064302093
38.9490629718854
38.9590617211187
38.9690605460234
38.9790594422395
38.9890584049168
38.9990574287953
39.0090565082633
39.0190556374022
39.0290548100173
39.0390540196656
39.049053259687
39.0590525232396
39.0690518033519
39.0790510929843
39.089050385108
39.0990496727915
39.1090489492947
39.1190482081612
39.1290474433062
39.1390466490884
39.1490458203685
39.1590449525481
39.1690440415903
39.1790430840227
39.1890420769288
39.1990410179266
39.2090399051447
39.2190387371967
39.2290375131558
39.2390362325343
39.2490348952677
39.2590335017007
39.2690320525753
39.2790305490173
39.2890289925168
39.2990273849
39.3090257282847
39.3190240250147
39.3290222775659
39.3390204884206
39.349018659905
39.359016793998
39.3690148921184
39.3790129549144
39.3890109820833
39.3990089722643
39.409006923034
39.419004831045
39.4290026923192
39.4390005026912
39.4489982583747
39.4589959565924
39.4689935961975
39.4789911782038
39.4889887061445
39.4989861861973
39.5089836270467
39.5189810394887
39.5289784358194
39.5389758290825
39.5489732322677
39.55897065755
39.568968115655
39.5789656153995
39.5889631634351
39.5989607641841
39.6089584199432
39.6189561311108
39.6289538964944
39.6389517136523
39.6489495792439
39.6589474893578
39.6689454398033
39.6789434263553
39.6889414449432
39.6989394917834
39.7089375634522
39.718935656906
39.7289337694568
39.7389318987084
39.7489300424719
39.7589281986695
39.7689263652389
39.7789245400504
39.7889227208392
39.7989209051617
39.8089190903716
39.8189172736183
39.8289154518591
39.8389136218878
39.8489117803713
39.8589099238947
39.8689080490193
39.878906152349
39.8889042306192
39.8989022808036
39.9089003002501
39.91889828684
39.9288962391689
39.9388941567377
39.9488920401333
39.9588898911795
39.9688877130336
39.9788855102047
39.9888832884805
39.998881054753
